  0.495049504950495        1.45375298143111     
  0.471698113207547        1.49439252366291     
  0.467289719626168        1.48606702158724     
  0.454545454545454        1.45520182223399     
  0.442477876106195        1.46578947189999     
  0.416666666666667        1.57447854605779     
  0.476190476190476        1.63395664900284     
  0.505050505050505        1.68476006221655     
  0.515463917525773        1.68756768252392     
  0.568181818181818        1.60685960188232     
  0.526315789473685        1.50712426221511     
  0.471698113207547        1.32707123299291     
  0.515463917525773        1.20754961286221     
  0.442477876106194        1.30945418190509     
  0.500000000000000        1.45251159407681     
  0.485436893203884        1.54793123762603     
  0.480769230769230        1.54402617132487     
  0.490196078431372        1.46890170228423     
  0.531914893617022        1.38155524093202     
  0.510204081632653        1.34363636280874     
  0.531914893617022        1.33961988329909     
  0.515463917525774        1.35862724842396     
  0.520833333333334        1.37628865714386     
  0.549450549450549        1.38284770749953     
  0.537634408602151        1.32267834721961     
  0.438596491228070        1.35024154211984     
  0.555555555555556        1.46488233673668     
  0.471698113207548        1.54945940916994     
  0.471698113207547        1.59940290711278     
  0.420168067226891        1.59721314546827     
