#rho	velocity
0.3053	0.9852
0.2833	1.0123
0.2376	0.9660
0.2528	1.0598
0.3055	1.0020
0.2833	1.0450
0.2375	0.9835
0.2528	1.0790
0.3057	1.0317
0.2828	1.0232
0.2373	0.9835
0.2532	1.0918
0.3057	1.0468
0.2831	1.0655
0.2373	0.9820
0.2530	1.0983
0.3058	1.0470
0.2830	1.0340
0.2372	0.9900
0.2531	1.1068
0.3059	1.0447
0.2826	1.0590
0.2372	0.9860
0.2534	1.0860
0.3057	1.0430
0.2831	1.0535
0.2373	1.0030
0.2530	1.0850
0.3061	1.0200
0.2830	1.0662
0.2371	0.9872
0.2531	1.0858
0.3063	1.0087
0.2829	1.0065
0.2369	0.9858
0.2531	1.0500
0.3064	0.9850
0.2828	0.9953
0.2369	0.9730
0.2532	1.0582
0.3064	0.9598
0.2829	1.0020
0.2369	0.9525
0.2531	1.0750
0.3062	0.9505
0.2828	0.9330
0.2370	0.9365
0.2532	1.0970
0.3063	0.9303
0.2825	0.9187
0.2370	0.9525
0.2535	1.1253
0.3061	0.9262
0.2824	0.8925
0.2370	0.9652
0.2536	1.1535
0.3061	0.9255
0.2820	0.8840
0.2371	0.9660
0.2539	1.1877
0.3060	0.9340
0.2815	0.8685
0.2371	0.9800
0.2543	1.2335
0.3060	0.9517
0.2805	0.8782
0.2372	0.9692
0.2551	1.2478
0.3057	0.9655
0.2797	0.9050
0.2373	0.9805
0.2557	1.2635
0.3056	0.9852
0.2788	0.9252
0.2374	0.9820
0.2565	1.2852
0.3056	0.9952
0.2781	0.9357
0.2374	0.9752
0.2572	1.2835
0.3055	1.0132
0.2772	0.9578
0.2374	0.9810
0.2579	1.2635
0.3059	1.0282
0.2770	0.9990
0.2372	0.9767
0.2580	1.2573
0.3060	1.0282
0.2769	1.0258
0.2371	0.9642
0.2581	1.2297
0.3062	1.0328
0.2767	1.0513
0.2370	0.9502
0.2583	1.2090
0.3064	1.0280
0.2766	1.0555
0.2369	0.9487
0.2585	1.1700
0.3066	1.0195
0.2767	1.0683
0.2368	0.9362
0.2583	1.1412
0.3069	1.0025
0.2765	1.0528
0.2366	0.9285
0.2585	1.1390
0.3069	0.9813
0.2766	1.0092
0.2366	0.9235
0.2584	1.1265
0.3071	0.9503
0.2764	1.0095
0.2365	0.9262
0.2586	1.1395
0.3071	0.9535
0.2763	0.9895
0.2365	0.9420
0.2587	1.1700
0.3071	0.9315
0.2761	0.9705
0.2365	0.9483
0.2589	1.2095
0.3073	0.9260
0.2757	0.9550
0.2364	0.9555
0.2592	1.2422
0.3071	0.9377
0.2751	0.9932
0.2365	0.9632
0.2597	1.2865
0.3067	0.9408
0.2748	0.9573
0.2367	0.9545
0.2600	1.3108
0.3067	0.9477
0.2738	0.9810
0.2367	0.9480
0.2609	1.3307
0.3063	0.9935
0.2731	0.9840
0.2369	0.9593
0.2615	1.3303
0.3064	1.0055
0.2722	1.0092
0.2369	0.9680
0.2624	1.3330
0.3064	1.0170
0.2722	1.0340
0.2369	0.9525
0.2624	1.3148
0.3069	1.0380
0.2711	1.0557
0.2366	0.9565
0.2634	1.3065
0.3071	1.0375
0.2711	1.0870
0.2365	0.9355
0.2634	1.2722
0.3077	1.0502
0.2709	1.0660
0.2361	0.9365
0.2636	1.2445
0.3080	1.0585
0.2709	1.0993
0.2360	0.9377
0.2636	1.2218
0.3083	1.0573
0.2709	1.0405
0.2358	0.9285
0.2636	1.1975
0.3082	1.0260
0.2710	1.0620
0.2358	0.9458
0.2635	1.1925
0.3086	0.9920
0.2711	1.0302
0.2356	0.9623
0.2634	1.2110
0.3085	0.9635
0.2705	1.0112
0.2357	0.9523
0.2640	1.2267
0.3086	0.8983
0.2704	0.9743
0.2356	0.9590
0.2641	1.2472
0.3088	0.8893
0.2699	0.9432
0.2355	0.9855
0.2646	1.3045
0.3084	0.8732
0.2692	0.9085
0.2357	0.9785
0.2652	1.3342
0.3076	0.8515
0.2684	0.8787
0.2362	0.9768
0.2660	1.3573
0.3080	0.8393
0.2678	0.9040
0.2360	0.9642
0.2666	1.3802
0.3068	0.8378
0.2669	0.8862
0.2366	0.9625
0.2675	1.3937
0.3065	0.8435
0.2657	0.9103
0.2369	0.9422
0.2687	1.3775
0.3062	0.8747
0.2649	0.9245
0.2370	0.9470
0.2695	1.3610
0.3062	0.9197
0.2642	0.9295
0.2370	0.9420
0.2702	1.3450
0.3061	0.8763
0.2637	0.9470
0.2371	0.9402
0.2708	1.3183
0.3063	0.9455
0.2632	0.9512
0.2370	0.9273
0.2713	1.2820
0.3070	0.9527
0.2632	0.9620
0.2366	0.9065
0.2713	1.2162
0.3070	0.9732
0.2630	0.9785
0.2365	0.9115
0.2715	1.1577
0.3072	0.9837
0.2626	0.9550
0.2364	0.9290
0.2720	1.1425
0.3067	0.9898
0.2625	0.9375
0.2367	0.9330
0.2720	1.0913
0.3072	0.9718
0.2623	0.9238
0.2364	0.9462
0.2723	1.0763
0.3073	0.9465
0.2622	0.9300
0.2363	0.9720
0.2724	1.0645
0.3074	0.9227
0.2624	0.8915
0.2363	0.9630
0.2722	1.0728
0.3073	0.8837
0.2616	0.9020
0.2364	0.9565
0.2730	1.0755
0.3072	0.8972
0.2616	0.8925
0.2364	0.9572
0.2731	1.0902
0.3068	0.8810
0.2611	0.9105
0.2367	0.9577
0.2736	1.1190
0.3065	0.8652
0.2614	0.9093
0.2368	0.9550
0.2733	1.1415
0.3063	0.8532
0.2605	0.9310
0.2370	0.9490
0.2742	1.1603
0.3059	0.8757
0.2602	0.9750
0.2372	0.9463
0.2746	1.1565
0.3056	0.8940
0.2598	0.9868
0.2374	0.9503
0.2750	1.1782
0.3057	0.9113
0.2595	1.0050
0.2373	0.9480
0.2754	1.1635
0.3057	0.9180
0.2590	0.9722
0.2373	0.9503
0.2759	1.1890
0.3056	0.9547
0.2593	1.0152
0.2374	0.9595
0.2756	1.1502
0.3059	0.9900
0.2592	0.9970
0.2372	0.9810
0.2757	1.1515
0.3061	0.9985
0.2590	1.0200
0.2371	1.0068
0.2760	1.1357
0.3061	1.0120
0.2589	0.9950
0.2371	1.0155
0.2760	1.1158
0.3059	1.0225
0.2584	1.0095
0.2372	1.0428
0.2766	1.0862
0.3062	1.0328
0.2587	0.9662
0.2370	1.0695
0.2763	1.0840
0.3060	0.9818
0.2581	0.9365
0.2371	1.0775
0.2769	1.1085
0.3055	0.9587
0.2583	0.9413
0.2375	1.0800
0.2768	1.0913
0.3057	0.9240
0.2579	0.9132
0.2373	1.0847
0.2772	1.0975
0.3053	0.9237
0.2580	0.9270
0.2376	1.0973
0.2771	1.0995
0.3049	0.8718
0.2577	0.9130
0.2378	1.1025
0.2774	1.1505
0.3041	0.8637
0.2569	0.9480
0.2383	1.0887
0.2784	1.1540
0.3039	0.8608
0.2570	0.9003
0.2384	1.0775
0.2783	1.1808
0.3031	0.8530
0.2565	0.9215
0.2389	1.1028
0.2788	1.1830
0.3027	0.8735
0.2562	0.9085
0.2392	1.0940
0.2792	1.2423
0.3019	0.8795
0.2556	0.9052
0.2397	1.0770
0.2799	1.2280
0.3019	0.9083
0.2554	0.9292
0.2397	1.0922
0.2801	1.2000
0.3015	0.9320
0.2546	0.9193
0.2399	1.1127
0.2811	1.2140
0.3011	0.9475
0.2544	0.9308
0.2402	1.1155
0.2813	1.2065
0.3012	0.9468
0.2536	0.9180
0.2401	1.1205
0.2823	1.1745
0.3013	0.9747
0.2535	0.9013
0.2401	1.1205
0.2825	1.1315
0.3008	0.9727
0.2534	0.8995
0.2404	1.1213
0.2826	1.0845
0.3006	0.9700
0.2531	0.9050
0.2405	1.1210
0.2829	1.0613
0.3000	0.9575
0.2529	0.9135
0.2408	1.0962
0.2832	1.0245
0.2995	0.9272
0.2528	0.9232
0.2412	1.0915
0.2833	0.9633
0.2993	0.9010
0.2526	0.9355
0.2413	1.0950
0.2836	0.9868
0.2992	0.8857
0.2530	0.9363
0.2414	1.0755
0.2831	0.9657
0.2988	0.8820
0.2526	0.9647
0.2417	1.0708
0.2836	0.9698
0.2986	0.8882
0.2530	0.9890
0.2418	1.0515
0.2831	0.9597
0.2983	0.8888
0.2531	1.0137
0.2420	1.0450
0.2829	0.9573
0.2978	0.9028
0.2529	1.0608
0.2423	1.0423
0.2833	0.9745
0.2974	0.9178
0.2530	1.0535
0.2426	1.0557
0.2831	0.9985
0.2972	0.9498
0.2531	1.0858
0.2427	1.0647
0.2830	0.9777
0.2971	0.9728
0.2533	1.0765
0.2428	1.0775
0.2827	1.0045
0.2967	1.0235
0.2536	1.0790
0.2430	1.0957
0.2824	1.0035
0.2968	1.0573
0.2537	1.0740
0.2430	1.1203
0.2822	0.9690
0.2967	1.0865
0.2537	1.0698
0.2430	1.1070
0.2822	0.9715
0.2967	1.0892
0.2540	1.0478
0.2430	1.1135
0.2819	0.9438
0.2819	0.9258
0.2967	1.0833
0.2539	1.0350
0.2430	1.1093
0.2817	0.9188
0.2970	1.0787
0.2541	1.0268
0.2428	1.1045
0.2816	0.8965
0.2967	1.0518
0.2542	1.0037
0.2431	1.1060
0.2816	0.8765
0.2970	1.0223
0.2542	1.0105
0.2428	1.1172
0.2813	0.8868
0.2968	0.9857
0.2544	1.0080
0.2430	1.0938
0.2810	0.8778
0.2967	0.9567
0.2547	1.0160
0.2431	1.0982
0.2807	0.8825
0.2963	0.9062
0.2550	1.0252
0.2433	1.1040
0.2805	0.9045
0.2958	0.8945
0.2551	1.0423
0.2436	1.1092
0.2801	0.9188
0.2951	0.8595
0.2555	1.0547
0.2441	1.1460
0.2800	0.9435
0.2948	0.8640
0.2555	1.0627
0.2443	1.1570
0.2798	0.9725
0.2942	0.8815
0.2557	1.0557
0.2447	1.2020
0.2795	0.9925
0.2935	0.8890
0.2560	1.0505
0.2452	1.2067
0.2794	1.0017
0.2929	0.8990
0.2560	1.0485
0.2456	1.2448
0.2794	1.0107
0.2921	0.9135
0.2560	1.0257
0.2462	1.2548
0.2795	0.9995
0.2917	0.9223
0.2560	1.0193
0.2465	1.2628
0.2797	1.0042
0.2911	0.9255
0.2558	1.0093
0.2469	1.2577
0.2798	0.9865
0.2908	0.9440
0.2557	0.9968
0.2471	1.2525
0.2798	0.9785
0.2899	0.9290
0.2557	0.9730
0.2478	1.2317
0.2798	0.9590
0.2892	0.9557
0.2557	0.9695
0.2483	1.2220
0.2797	0.9393
0.2890	0.9312
0.2558	0.9588
0.2484	1.2225
0.2797	0.9250
0.2886	0.9102
0.2558	0.9440
0.2488	1.2088
0.2793	0.9088
0.2883	0.9103
0.2561	0.9505
0.2490	1.1908
0.2795	0.9075
0.2878	0.9167
0.2559	0.9613
0.2493	1.1787
0.2792	0.9145
0.2876	0.9098
0.2562	0.9898
0.2495	1.1672
0.2792	0.9247
0.2868	0.9210
0.2562	0.9862
0.2501	1.1983
0.2794	0.8885
0.2862	0.9357
0.2560	0.9985
0.2506	1.2250
0.2791	0.9197
0.2861	0.9512
0.2563	1.0107
0.2506	1.2460
0.2789	0.9447
0.2856	0.9660
0.2564	1.0200
0.2511	1.2620
0.2787	0.9677
0.2850	0.9710
0.2567	1.0070
0.2515	1.2800
0.2787	0.9932
0.2845	0.9898
0.2566	0.9987
0.2519	1.2637
0.2780	1.0048
0.2839	1.0112
0.2572	1.0050
0.2524	1.2455
0.2779	1.0480
0.2835	1.0195
0.2573	0.9943
0.2527	1.2723
0.2783	1.0377
0.2830	1.0073
0.2569	0.9770
0.2531	1.2675
0.2786	1.0423
0.2826	1.0128
0.2567	0.9470
0.2534	1.2460
0.2791	1.0425
0.2824	1.0265
0.2563	0.9468
0.2536	1.2272
0.2794	1.0785
0.2824	0.9852
0.2560	0.9393
0.2536	1.2150
0.2800	1.0725
0.2821	0.9533
0.2556	0.9153
0.2538	1.2058
0.2799	1.0517
0.2814	0.9550
0.2556	0.9118
0.2544	1.1947
0.2801	1.0245
0.2813	0.9393
0.2554	0.9190
0.2545	1.1918
0.2802	1.0185
0.2813	0.9370
0.2554	0.9212
0.2545	1.2007
0.2801	1.0155
0.2802	0.9253
0.2554	0.9362
0.2553	1.2138
0.2804	0.9652
0.2795	0.9247
0.2552	0.9375
0.2559	1.2190
0.2805	0.9875
0.2792	0.9365
0.2551	0.9352
0.2562	1.2073
0.2803	1.0135
0.2786	0.9347
0.2553	0.9365
0.2567	1.2145
0.2806	1.0255
0.2782	0.9185
0.2550	0.9422
0.2570	1.2268
0.2806	1.0305
0.2778	0.9568
0.2550	0.9313
0.2573	1.2023
0.2804	1.0397
0.2775	0.9705
0.2552	0.9395
0.2577	1.1845
0.2807	1.0423
0.2772	0.9578
0.2549	0.9242
0.2579	1.1762
0.2814	1.0615
0.2769	0.9735
0.2544	0.9135
0.2582	1.1617
0.2815	1.0437
0.2765	0.9610
0.2543	0.9198
0.2585	1.1457
0.2817	1.0347
0.2764	0.9525
0.2541	0.9150
0.2586	1.1397
0.2819	1.0458
0.2762	0.9518
0.2539	0.9172
0.2588	1.1362
0.2824	1.0342
0.2759	0.9450
0.2535	0.9210
0.2591	1.1143
0.2826	1.0120
0.2757	0.9593
0.2534	0.9132
0.2592	1.1177
0.2826	0.9752
0.2754	0.9578
0.2534	0.9112
0.2595	1.1047
0.2825	1.0015
0.2750	0.9675
0.2535	0.9212
0.2598	1.1150
0.2824	0.9735
0.2746	0.9933
0.2535	0.9435
0.2602	1.1255
0.2825	0.9705
0.2746	1.0267
0.2535	0.9618
0.2602	1.1178
0.2829	0.9905
0.2745	1.0345
0.2531	0.9780
0.2603	1.1210
0.2825	1.0688
0.2742	1.0537
0.2535	1.0108
0.2605	1.1320
0.2830	1.0685
0.2742	1.0743
0.2531	0.9970
0.2606	1.1235
0.2824	1.1372
0.2742	1.0838
0.2535	1.0082
0.2606	1.1112
0.2825	1.1802
0.2745	1.0898
0.2534	1.0153
0.2603	1.1190
0.2828	1.1620
0.2744	1.0833
0.2532	1.0160
0.2604	1.1125
0.2835	1.2050
0.2742	1.0790
0.2527	1.0315
0.2605	1.1025
0.2837	1.1875
0.2742	1.0587
0.2525	1.0575
0.2605	1.0885
0.2845	1.2165
0.2742	1.0400
0.2519	1.0410
0.2605	1.0778
0.2852	1.2123
0.2741	1.0060
0.2514	1.0780
0.2606	1.0672
0.2853	1.1905
0.2741	0.9970
0.2513	1.0648
0.2607	1.0505
0.2853	1.1290
0.2739	0.9870
0.2512	1.0475
0.2608	1.0208
0.2851	1.1283
0.2737	0.9930
0.2514	1.0695
0.2610	1.0145
0.2852	1.0547
0.2736	0.9975
0.2513	1.0950
0.2611	1.0035
0.2847	1.0215
0.2736	1.0245
0.2517	1.1112
0.2611	1.0118
0.2849	1.0210
0.2736	1.0355
0.2516	1.1357
0.2611	1.0048
0.2848	1.0200
0.2737	1.0702
0.2516	1.1563
0.2610	1.0145
0.2846	1.0355
0.2739	1.0980
0.2518	1.1543
0.2608	1.0100
0.2839	1.0388
0.2741	1.1140
0.2524	1.1757
0.2606	1.0100
0.2604	1.0205
0.2837	1.0710
0.2743	1.1345
0.2525	1.1660
0.2603	1.0293
0.2834	1.0933
0.2745	1.1355
0.2527	1.2072
0.2601	1.0455
0.2831	1.1025
0.2747	1.1322
0.2530	1.2138
0.2598	1.0572
0.2832	1.1340
0.2750	1.1230
0.2529	1.2295
0.2597	1.0453
0.2830	1.1618
0.2752	1.1057
0.2530	1.2213
0.2596	1.0337
0.2832	1.1640
0.2753	1.0795
0.2529	1.2202
0.2597	1.0410
0.2830	1.2175
0.2752	1.0623
0.2531	1.2438
0.2598	1.0180
0.2830	1.2038
0.2750	1.0315
0.2531	1.2182
0.2599	1.0202
0.2831	1.1492
0.2749	1.0093
0.2530	1.2352
0.2598	1.0128
0.2829	1.1350
0.2751	0.9905
0.2532	1.2363
0.2598	1.0143
0.2828	1.1055
0.2750	0.9992
0.2532	1.2338
0.2600	1.0012
0.2830	1.0793
0.2748	1.0052
0.2531	1.2408
0.2599	1.0092
0.2829	1.0635
0.2749	1.0303
0.2532	1.2690
0.2599	1.0172
0.2818	1.0337
0.2749	1.0378
0.2540	1.2850
0.2600	1.0267
0.2814	1.0178
0.2749	1.0462
0.2544	1.2980
0.2598	1.0395
0.2811	1.0238
0.2750	1.0787
0.2546	1.3295
0.2596	1.0387
0.2805	0.9865
0.2752	1.0900
0.2551	1.3345
0.2595	1.0575
0.2798	1.0090
0.2753	1.1045
0.2557	1.3762
0.2596	1.0625
0.2791	1.0483
0.2752	1.1202
0.2563	1.3680
0.2595	1.0702
0.2785	1.0862
0.2753	1.1250
0.2568	1.3512
0.2593	1.0560
0.2780	1.0652
0.2756	1.1175
0.2572	1.3600
0.2593	1.0512
0.2775	1.0797
0.2756	1.1178
0.2576	1.3280
0.2593	1.0270
0.2771	1.0855
0.2756	1.0962
0.2580	1.2950
0.2592	1.0150
0.2768	1.0688
0.2758	1.0790
0.2582	1.2583
0.2592	1.0000
0.2773	1.0735
0.2757	1.0853
0.2578	1.2277
0.2590	0.9967
0.2765	1.0342
0.2760	1.0522
0.2585	1.1805
0.2587	0.9995
0.2766	1.0050
0.2763	1.0545
0.2584	1.1355
0.2586	1.0017
0.2765	0.9805
0.2764	1.0668
0.2585	1.1010
0.2588	1.0255
0.2762	0.9437
0.2762	1.0613
0.2588	1.0830
0.2584	0.9982
0.2761	0.8850
0.2766	1.0712
0.2588	1.0977
0.2585	1.0330
0.2758	0.8863
0.2765	1.0775
0.2592	1.0840
0.2586	1.0458
0.2755	0.8753
0.2764	1.0905
0.2593	1.0950
0.2584	1.0787
0.2753	0.8797
0.2766	1.0908
0.2596	1.1185
0.2587	1.0562
0.2747	0.9092
0.2763	1.1055
0.2601	1.1390
0.2582	1.0797
0.2740	0.9187
0.2768	1.0975
0.2607	1.1525
0.2584	1.0815
0.2736	0.9478
0.2767	1.1085
0.2611	1.1763
0.2581	1.0570
0.2733	0.9725
0.2769	1.0893
0.2614	1.1910
0.2584	1.0145
0.2729	0.9680
0.2766	1.0620
0.2617	1.1880
0.2581	1.0000
0.2727	0.9945
0.2769	1.0690
0.2619	1.1782
0.2581	1.0202
0.2726	1.0040
0.2769	1.0353
0.2620	1.1645
0.2582	1.0137
0.2723	1.0072
0.2769	1.0168
0.2623	1.1633
0.2581	1.0130
0.2723	0.9867
0.2769	0.9810
0.2623	1.1685
0.2578	0.9818
0.2720	0.9545
0.2774	0.9775
0.2626	1.1510
0.2578	1.0283
0.2719	0.9218
0.2774	0.9570
0.2626	1.1475
0.2580	1.0500
0.2717	0.8880
0.2770	0.9557
0.2629	1.1472
0.2583	1.0180
0.2712	0.8777
0.2767	0.9350
0.2633	1.1627
0.2586	1.0535
0.2706	0.8547
0.2764	0.9527
0.2639	1.1715
0.2585	1.0860
0.2700	0.8425
0.2765	0.9545
0.2644	1.2003
0.2591	1.0620
0.2694	0.8363
0.2759	0.9495
0.2650	1.2350
0.2594	1.0570
0.2688	0.8327
0.2755	0.9875
0.2656	1.2708
0.2593	1.0552
0.2682	0.8347
0.2756	0.9998
0.2662	1.2887
0.2595	1.0210
0.2677	0.8670
0.2754	1.0325
0.2668	1.3183
0.2595	1.0350
0.2668	0.8610
0.2753	1.0392
0.2676	1.3285
0.2593	0.9857
0.2662	0.8840
0.2756	1.0575
0.2682	1.3437
0.2590	0.9600
0.2653	0.9095
0.2760	1.0778
0.2691	1.3423
0.2591	0.9793
0.2647	0.9100
0.2759	1.0915
0.2697	1.3362
0.2584	0.9705
0.2641	0.9215
0.2766	1.0955
0.2703	1.3485
0.2584	1.0058
0.2634	0.9265
0.2766	1.0975
0.2711	1.3148
0.2581	1.0232
0.2629	0.9037
0.2770	1.0920
0.2716	1.2865
0.2578	1.0465
0.2627	0.9015
0.2773	1.0682
0.2719	1.2652
0.2578	1.0430
0.2622	0.8912
0.2773	1.0505
0.2724	1.2652
0.2578	1.0655
0.2617	0.8573
0.2773	1.0217
0.2730	1.2177
0.2583	1.0547
0.2614	0.8640
0.2767	1.0223
0.2733	1.2148
0.2583	1.0960
0.2609	0.8460
0.2767	1.0185
0.2739	1.1757
0.2587	1.0800
0.2603	0.8230
0.2763	1.0090
0.2745	1.1662
0.2590	1.0772
0.2596	0.8428
0.2760	1.0140
0.2753	1.1587
0.2590	1.0770
0.2592	0.8195
0.2760	1.0260
0.2757	1.1307
0.2589	0.9975
0.2586	0.8550
0.2761	1.0282
0.2764	1.1368
0.2591	0.9968
0.2584	0.8855
0.2758	1.0385
0.2766	1.1483
0.2588	0.9767
0.2580	0.8968
0.2762	1.0540
0.2770	1.1405
0.2586	0.9702
0.2579	0.9105
0.2764	1.0622
0.2772	1.1253
0.2585	0.9675
0.2575	0.9167
0.2765	1.0695
0.2777	1.1248
0.2579	0.9877
0.2576	0.8945
0.2772	1.0770
0.2776	1.1137
0.2578	0.9587
0.2573	0.8880
0.2773	1.0847
0.2779	1.1320
0.2577	0.9713
0.2571	0.8947
0.2775	1.0747
0.2782	1.1342
0.2577	0.9637
0.2567	0.8537
0.2774	1.0777
0.2786	1.1240
0.2576	0.9560
0.2564	0.8672
0.2775	1.0650
0.2789	1.1463
0.2577	0.9902
0.2557	0.8252
0.2774	1.0623
0.2798	1.1502
0.2575	0.9955
0.2552	0.8185
0.2777	1.0550
0.2804	1.1615
0.2574	0.9713
0.2549	0.8187
0.2778	1.0462
0.2808	1.1802
0.2571	0.9408
0.2544	0.8230
0.2781	1.0680
0.2814	1.1770
0.2570	0.9363
0.2538	0.8395
0.2782	1.0795
0.2821	1.2000
0.2569	0.9073
0.2534	0.8798
0.2783	1.0918
0.2826	1.2087
0.2570	0.8820
0.2529	0.9467
0.2782	1.1238
0.2833	1.2295
0.2567	0.8618
0.2524	0.9343
0.2786	1.1500
0.2839	1.2392
0.2561	0.9113
0.2521	0.9977
0.2794	1.1690
0.2842	1.2500
0.2557	0.8603
0.2518	1.0195
0.2797	1.2020
0.2846	1.2460
0.2553	0.8825
0.2515	1.0163
0.2803	1.2225
0.2850	1.2508
0.2543	0.8720
0.2516	1.0430
0.2815	1.2562
0.2849	1.2380
0.2536	0.9315
0.2510	1.0353
0.2823	1.2815
0.2857	1.2268
0.2537	0.9170
0.2511	1.0460
0.2822	1.2757
0.2855	1.2333
0.2526	0.9323
0.2509	1.0425
0.2836	1.2947
0.2857	1.2153
0.2525	0.9418
0.2504	1.0210
0.2837	1.2947
0.2864	1.1970
0.2520	0.9772
0.2504	0.9798
0.2843	1.2705
0.2864	1.1720
0.2521	1.0203
0.2500	0.9940
0.2842	1.2540
0.2870	1.1600
0.2514	0.9280
0.2498	0.9690
0.2851	1.2385
0.2872	1.1245
0.2511	0.9678
0.2496	0.9658
0.2855	1.2185
0.2875	1.1050
0.2507	0.9315
0.2493	1.0037
0.2860	1.2150
0.2879	1.0603
0.2506	0.9238
0.2492	0.9945
0.2862	1.2070
0.2881	1.0435
0.2884	1.0095
0.2507	0.8565
0.2489	1.0202
0.2861	1.2213
0.2880	0.9708
0.2498	0.9225
0.2492	1.0213
0.2872	1.2390
0.2880	0.9623
0.2494	0.9308
0.2492	1.0510
0.2877	1.2450
0.2874	0.9450
0.2490	0.9003
0.2497	1.0985
0.2883	1.2582
0.2872	0.9375
0.2485	0.9472
0.2498	1.0975
0.2890	1.2732
0.2868	0.9280
0.2476	0.8927
0.2501	1.1108
0.2902	1.2750
0.2864	0.9485
0.2475	0.9560
0.2504	1.1123
0.2903	1.2785
0.2860	0.9525
0.2472	0.9760
0.2507	1.1062
0.2907	1.2710
0.2854	0.9725
0.2463	0.9980
0.2512	1.0668
0.2919	1.2705
0.2854	0.9745
0.2465	1.0147
0.2512	1.0312
0.2916	1.2557
0.2854	0.9800
0.2460	1.0385
0.2512	0.9953
0.2925	1.2318
0.2853	1.0037
0.2458	1.0118
0.2512	0.9787
0.2926	1.2177
0.2855	0.9962
0.2458	0.9885
0.2511	0.9430
0.2927	1.2025
0.2858	1.0037
0.2456	1.0060
0.2509	0.9145
0.2929	1.1795
0.2863	0.9992
0.2455	0.9535
0.2505	0.9197
0.2931	1.1892
0.2866	0.9933
0.2452	0.9835
0.2503	0.9205
0.2935	1.2030
0.2868	0.9792
0.2450	1.0110
0.2501	0.9252
0.2938	1.2200
0.2869	0.9520
0.2446	1.0050
0.2501	0.9385
0.2944	1.2430
0.2869	0.9720
0.2442	0.9987
0.2501	0.9737
0.2949	1.2635
0.2867	0.9577
0.2437	1.0080
0.2502	1.0080
0.2957	1.2942
0.2866	0.9645
0.2433	1.0257
0.2503	1.0328
0.2963	1.3192
0.2862	0.9637
0.2433	1.0328
0.2506	1.0453
0.2962	1.3420
0.2857	0.9767
0.2430	1.0518
0.2510	1.0485
0.2968	1.3617
0.2858	0.9915
0.2425	1.0810
0.2509	1.0447
0.2975	1.3843
0.2855	0.9950
0.2421	1.0850
0.2511	1.0238
0.2981	1.3745
0.2855	1.0162
0.2418	1.0933
0.2511	1.0035
0.2986	1.3737
0.2855	1.0260
0.2413	1.0547
0.2511	0.9717
0.2993	1.3587
0.2857	1.0410
0.2409	1.0455
0.2510	0.9508
0.2999	1.3548
0.2860	1.0223
0.2407	1.0490
0.2507	0.9173
0.3003	1.3525
0.2863	1.0362
0.2403	1.0037
0.2505	0.8933
0.3009	1.3305
0.2868	1.0245
0.2400	1.0160
0.2501	0.8877
0.3013	1.3120
0.2871	1.0145
0.2398	1.0055
0.2499	0.8790
0.3017	1.2852
0.2872	0.9985
0.2394	1.0090
0.2498	0.8855
0.3023	1.2585
0.2875	0.9703
0.2390	1.0175
0.2496	0.8855
0.3030	1.2490
0.2878	0.9418
0.2384	1.0175
0.2493	0.9220
0.3040	1.2233
0.2877	0.9208
0.2383	1.0145
0.2494	0.9542
0.3040	1.2243
0.2877	0.9045
0.2381	1.0255
0.2494	0.9815
0.3044	1.2230
0.2876	0.9098
0.2381	1.0347
0.2495	0.9975
0.3044	1.2082
0.2874	0.8945
0.2380	1.0403
0.2497	1.0173
0.3045	1.1892
0.2866	0.8883
0.2380	1.0537
0.2503	1.0170
0.3046	1.1765
0.2862	0.8898
0.2377	1.0370
0.2505	1.0073
0.3051	1.1690
0.2858	0.8850
0.2375	1.0385
0.2508	1.0090
0.3053	1.1753
0.2857	0.9140
0.2374	1.0560
0.2509	0.9918
0.3056	1.1735
0.2855	0.9295
0.2373	1.0070
0.2511	0.9885
0.3058	1.1575
0.2857	0.9575
0.2370	1.0190
0.2509	0.9530
0.3063	1.1595
0.2858	0.9577
0.2368	1.0113
0.2509	0.9328
0.3065	1.1325
0.2857	0.9642
0.2366	1.0252
0.2510	0.9090
0.3069	1.1413
0.2863	0.9755
0.2368	1.0505
0.2505	0.9055
0.3066	1.1198
0.2864	0.9813
0.2363	1.0397
0.2504	0.9100
0.3074	1.1250
0.2867	0.9730
0.2364	1.0658
0.2502	0.9345
0.3073	1.1220
0.2867	0.9732
0.2363	1.0465
0.2502	0.9575
0.3074	1.1097
0.2867	0.9797
0.2362	1.0570
0.2502	0.9765
0.3075	1.1040
0.2869	0.9543
0.2366	1.0182
0.2500	1.0042
0.3069	1.1040
0.2867	0.9375
0.2363	1.0472
0.2502	1.0265
0.3074	1.1062
0.2863	0.9473
0.2363	1.0202
0.2505	1.0582
0.3073	1.1158
0.2860	0.9702
0.2361	1.0185
0.2507	1.0680
0.3077	1.1200
0.2857	1.0420
0.2361	0.9883
0.2509	1.0820
0.3078	1.1168
0.2855	1.0767
0.2358	0.9505
0.2511	1.0820
0.3083	1.1308
0.2850	1.1170
0.2357	0.9598
0.2515	1.0743
0.3085	1.1240
0.2848	1.1565
0.2353	0.9600
0.2516	1.0783
0.3091	1.1155
0.2851	1.1440
0.2352	0.9735
0.2515	1.0637
0.3093	1.1208
0.3099	1.1107
0.2861	1.1903
0.2348	0.9525
0.2507	1.0377
0.3103	1.1020
0.2868	1.2155
0.2346	0.9820
0.2501	1.0042
0.3105	1.0993
0.2874	1.2610
0.2345	0.9733
0.2497	0.9695
0.3103	1.0875
0.2876	1.2785
0.2346	0.9773
0.2495	0.9410
0.3105	1.0915
0.2874	1.2930
0.2345	0.9722
0.2497	0.9210
0.3108	1.0647
0.2882	1.2145
0.2343	0.9867
0.2490	0.9158
0.3106	1.0587
0.2889	1.1947
0.2345	0.9768
0.2485	0.9175
0.3109	1.0328
0.2898	1.1490
0.2343	0.9840
0.2479	0.9052
0.3112	1.0387
0.2904	1.1477
0.2341	0.9630
0.2474	0.8935
0.3116	1.0257
0.2912	1.1857
0.2339	0.9547
0.2468	0.8935
0.3114	1.0328
0.2911	1.1597
0.2340	0.9682
0.2470	0.9218
0.3119	1.0328
0.2914	1.1210
0.2337	0.9470
0.2467	0.9408
0.3115	1.0430
0.2915	1.1903
0.2340	0.9650
0.2467	0.9608
0.3118	1.0522
0.2919	1.2172
0.2338	0.9813
0.2464	0.9580
0.3119	1.0497
0.2923	1.1710
0.2337	1.0103
0.2461	0.9735
0.3121	1.0662
0.2922	1.2020
0.2336	1.0110
0.2461	0.9578
0.3122	1.0725
0.2920	1.2400
0.2335	1.0403
0.2463	0.9515
0.3124	1.0825
0.2937	1.2792
0.2334	1.0232
0.2451	0.9667
0.3126	1.0880
0.2949	1.3450
0.2333	1.0380
0.2443	0.9450
0.3124	1.0982
0.2946	1.3000
0.2334	1.0438
0.2445	0.9570
0.3125	1.0855
0.2953	1.3195
0.2334	1.0383
0.2440	0.9475
0.3125	1.0825
0.2964	1.3403
0.2334	1.0260
0.2432	0.9635
0.3126	1.0625
0.2969	1.2543
0.2333	0.9993
0.2429	0.9925
0.3127	1.0377
0.2989	1.2077
0.2332	0.9785
0.2416	1.0390
0.3129	1.0358
0.2982	1.2428
0.2331	0.9590
0.2420	1.0842
0.3130	1.0267
0.2987	1.2040
0.2331	0.9363
0.2417	1.1475
0.3133	1.0200
0.2985	1.1420
0.2329	0.9230
0.2418	1.1998
0.3136	1.0323
0.2983	1.1355
0.2327	0.9310
0.2420	1.2545
0.3137	1.0440
0.2978	1.0613
0.2327	0.9365
0.2423	1.3182
0.3139	1.0545
0.2974	1.1040
0.2326	0.9373
0.2426	1.3425
0.3143	1.0667
0.2962	1.1123
0.2324	0.9387
0.2433	1.3500
0.3144	1.0902
0.2954	1.1193
0.2323	0.9642
0.2439	1.3580
0.3146	1.0945
0.2948	1.1685
0.2322	0.9855
0.2443	1.3335
0.3149	1.1190
0.2944	1.1285
0.2321	1.0010
0.2446	1.3077
0.3152	1.1285
0.2941	1.1420
0.2319	0.9945
0.2448	1.2807
0.3155	1.1165
0.2946	1.1643
0.2317	1.0015
0.2445	1.2595
0.3158	1.1205
0.2944	1.1330
0.2316	0.9965
0.2446	1.2542
0.3158	1.1067
0.2954	1.1390
0.2316	0.9813
0.2440	1.2462
0.3161	1.0918
0.2947	1.1147
0.2314	0.9707
0.2444	1.2518
0.3166	1.0650
0.2950	1.0553
0.2311	0.9685
0.2442	1.2808
0.3166	1.0488
0.2946	1.0193
0.2311	0.9615
0.2445	1.3177
0.3169	1.0247
0.2933	0.9955
0.2310	0.9613
0.2454	1.3680
0.3171	1.0200
0.2929	0.9270
0.2309	0.9503
0.2456	1.4390
0.3173	1.0080
0.2920	0.9665
0.2308	0.9465
0.2463	1.5115
0.3172	1.0020
0.2902	0.9548
0.2308	0.9580
0.2476	1.5605
0.3173	1.0215
0.2895	0.9347
0.2308	0.9888
0.2481	1.5950
0.3171	1.0218
0.2880	0.9795
0.2309	1.0020
0.2492	1.5932
0.3172	1.0355
0.2867	0.9700
0.2308	1.0220
0.2502	1.5862
0.3173	1.0000
0.2855	0.9827
0.2308	1.0208
0.2511	1.5553
0.3175	1.0450
0.2848	1.0177
0.2307	1.0347
0.2517	1.5122
0.3172	1.0640
0.2836	1.0203
0.2308	1.0435
0.2526	1.4773
0.3173	1.0350
0.2831	1.0337
0.2308	1.0312
0.2530	1.4272
0.3174	1.0358
0.2827	1.0362
0.2307	1.0340
0.2533	1.3785
0.3169	1.0365
0.2825	1.0108
0.2310	1.0148
0.2534	1.3420
0.3174	1.0005
0.2821	0.9840
0.2307	1.0023
0.2538	1.3252
0.3177	0.9700
0.2820	0.9862
0.2306	0.9830
0.2539	1.3307
0.3172	0.9535
0.2817	0.9678
0.2308	0.9745
0.2542	1.3567
0.3172	0.9115
0.2812	0.9427
0.2308	0.9722
0.2546	1.3830
0.3178	0.9208
0.2802	0.9240
0.2305	0.9820
0.2553	1.4307
0.3174	0.8887
0.2794	0.9323
0.2307	0.9733
0.2561	1.4858
0.3170	0.8580
0.2781	0.9197
0.2309	0.9825
0.2571	1.5260
0.3169	0.8930
0.2770	0.9170
0.2310	0.9855
0.2581	1.5445
0.3162	0.9130
0.2759	0.9255
0.2314	0.9933
0.2591	1.5597
0.3156	0.9242
0.2747	0.9387
0.2317	1.0205
0.2601	1.5377
0.3157	0.9432
0.2736	0.9355
0.2316	1.0208
0.2611	1.5198
0.3152	1.0063
0.2727	0.9390
0.2319	1.0143
0.2619	1.4783
0.3153	1.0307
0.2720	0.9160
0.2318	1.0105
0.2625	1.4095
0.3156	1.0770
0.2715	0.9278
0.2317	1.0108
0.2631	1.3587
0.3158	1.0687
0.2711	0.9025
0.2316	1.0008
0.2634	1.3203
0.3159	1.0773
0.2705	0.8955
0.2315	0.9950
0.2640	1.2642
0.3168	1.0973
0.2700	0.8555
0.2310	0.9718
0.2644	1.2095
0.3173	1.0813
0.2696	0.8740
0.2308	0.9610
0.2648	1.1943
0.3175	1.0260
0.2695	0.8400
0.2307	0.9607
0.2650	1.2060
0.3170	0.9970
0.2685	0.8232
0.2309	0.9543
0.2659	1.1963
0.3173	1.0258
0.2682	0.7917
0.2308	0.9755
0.2662	1.1967
0.3177	0.9372
0.2675	0.7805
0.2306	0.9732
0.2669	1.2387
0.3177	0.9203
0.2674	0.8060
0.2305	0.9835
0.2670	1.2810
0.3169	0.9280
0.2662	0.7942
0.2310	0.9612
0.2682	1.3238
0.3167	0.9873
0.2657	0.8045
0.2311	0.9655
0.2687	1.3290
0.3169	1.0072
0.2647	0.8175
0.2310	0.9545
0.2697	1.3490
0.3161	0.9697
0.2635	0.8420
0.2314	0.9840
0.2710	1.3758
0.3160	1.0010
0.2629	0.8103
0.2315	0.9865
0.2716	1.3713
0.3168	1.0010
0.2620	0.8437
0.2310	0.9862
0.2726	1.3328
0.3174	1.0303
0.2612	0.8420
0.2307	0.9980
0.2735	1.3285
0.3184	1.0185
0.2607	0.8678
0.2302	0.9620
0.2740	1.3140
0.3174	1.0615
0.2601	0.8945
0.2307	0.9785
0.2747	1.2535
0.3180	1.0408
0.2596	0.8725
0.2304	0.9795
0.2753	1.2292
0.3172	1.0170
0.2594	0.8888
0.2308	1.0053
0.2754	1.1872
0.3173	0.9660
0.2590	0.8855
0.2307	1.0078
0.2759	1.1720
0.3180	0.9313
0.2586	0.8747
0.2304	1.0275
0.2764	1.1573
0.3178	0.9395
0.2586	0.8760
0.2305	1.0240
0.2764	1.1465
0.3172	0.8922
0.2581	0.8910
0.2308	1.0488
0.2770	1.1535
0.3171	0.9085
0.2579	0.8852
0.2309	1.0473
0.2771	1.1643
0.3166	0.8800
0.2573	0.9120
0.2311	1.0385
0.2779	1.1787
0.3165	0.8575
0.2569	0.9258
0.2312	1.0575
0.2783	1.1852
0.3157	0.8742
0.2565	0.9247
0.2316	1.0493
0.2789	1.2062
0.3149	0.9137
0.2561	0.9540
0.2321	1.0472
0.2793	1.2065
0.3145	0.9170
0.2557	0.9343
0.2323	1.0222
0.2797	1.2102
0.3142	0.9350
0.2555	0.9642
0.2325	1.0455
0.2800	1.1917
0.3140	0.9455
0.2552	0.9577
0.2325	1.0593
0.2804	1.1820
0.3143	0.9772
0.2549	0.9618
0.2324	1.0430
0.2808	1.1733
0.3146	1.0010
0.2547	0.9590
0.2322	1.0407
0.2809	1.1443
0.3150	1.0050
0.2543	0.9535
0.2320	1.0500
0.2815	1.1240
0.3144	1.0220
0.2543	0.9398
0.2323	1.0790
0.2814	1.0980
0.3142	1.0150
0.2540	0.9150
0.2324	1.1157
0.2818	1.0635
0.3144	0.9800
0.2537	0.9042
0.2323	1.1492
0.2822	1.0338
0.3141	0.9492
0.2537	0.8905
0.2325	1.1658
0.2822	1.0158
0.3136	0.9160
0.2535	0.9045
0.2328	1.2095
0.2824	0.9928
0.3130	0.9032
0.2535	0.8950
0.2331	1.2040
0.2825	0.9898
0.3121	0.8820
0.2533	0.9045
0.2336	1.2090
0.2828	0.9810
0.3110	0.8698
0.2532	0.9193
0.2342	1.2267
0.2828	0.9817
0.3103	0.8567
0.2531	0.9292
0.2346	1.2390
0.2829	1.0040
0.3092	0.8730
0.2532	0.9377
0.2352	1.2438
0.2829	1.0063
0.3086	0.8688
0.2531	0.9340
0.2356	1.2177
0.2829	1.0150
0.3079	0.8700
0.2530	0.9708
0.2360	1.2033
0.2830	1.0317
0.3075	0.8875
0.2529	0.9663
0.2362	1.1817
0.2832	1.0302
0.2834	1.0270
0.3067	0.8900
0.2527	0.9713
0.2367	1.1775
0.2835	1.0253
0.3065	0.9132
0.2526	0.9668
0.2369	1.1735
0.2838	1.0215
0.3064	0.9098
0.2524	0.9692
0.2369	1.1692
0.2837	0.9933
0.3057	0.8915
0.2525	0.9625
0.2373	1.1827
0.2838	0.9813
0.3054	0.8878
0.2524	0.9625
0.2375	1.1945
0.2838	0.9365
0.3049	0.8908
0.2524	0.9583
0.2378	1.1870
0.2838	0.9335
0.3043	0.8468
0.2524	0.9543
0.2381	1.2003
0.2838	0.9087
0.3037	0.8210
0.2524	0.9547
0.2385	1.2272
0.2835	0.8875
0.3024	0.8240
0.2526	0.9292
0.2393	1.2295
0.2835	0.8962
0.3018	0.8163
0.2527	0.9432
0.2397	1.2177
0.2831	0.8860
0.3013	0.8020
0.2530	0.9472
0.2401	1.2343
0.2832	0.8830
0.3000	0.8060
0.2529	0.9482
0.2409	1.2115
0.2831	0.9030
0.2989	0.8265
0.2530	0.9555
0.2416	1.2060
0.2831	0.9297
0.2983	0.8610
0.2530	0.9620
0.2420	1.1885
0.2831	0.9335
0.2981	0.8652
0.2530	0.9540
0.2421	1.1660
0.2828	0.9748
0.2971	0.8803
0.2532	0.9377
0.2428	1.1745
0.2827	0.9680
0.2970	0.9193
0.2533	0.9455
0.2428	1.1657
0.2829	0.9868
0.2968	0.9490
0.2531	0.9210
0.2429	1.1695
0.2830	1.0022
0.2966	0.9623
0.2531	0.9118
0.2431	1.1810
0.2832	0.9830
0.2964	0.9615
0.2529	0.9082
0.2432	1.2180
0.2837	0.9795
0.2960	0.9778
0.2525	0.8907
0.2435	1.2217
0.2836	0.9925
0.2956	0.9672
0.2526	0.8878
0.2438	1.2692
0.2841	0.9455
0.2950	0.9553
0.2522	0.8755
0.2442	1.2885
0.2845	0.9485
0.2945	0.9250
0.2519	0.8658
0.2446	1.3140
0.2843	0.9325
0.2936	0.9137
0.2521	0.8690
0.2452	1.3475
0.2843	0.8350
0.2928	0.8980
0.2521	0.8870
0.2457	1.3510
0.2844	0.8380
0.2918	0.9035
0.2519	0.8713
0.2464	1.3645
0.2841	0.8247
0.2911	0.8940
0.2522	0.9327
0.2469	1.3540
0.2844	0.8133
0.2899	0.8765
0.2520	0.9390
0.2478	1.3610
0.2842	0.8675
0.2890	0.8875
0.2521	0.9442
0.2485	1.3373
0.2828	0.8515
0.2883	0.8847
0.2532	0.9590
0.2490	1.3307
0.2830	0.9022
0.2877	0.8810
0.2530	0.9802
0.2494	1.3042
0.2824	0.9378
0.2872	0.8810
0.2536	0.9728
0.2498	1.2855
0.2825	0.8927
0.2863	0.8967
0.2535	0.9768
0.2505	1.2812
0.2830	0.9058
0.2860	0.8930
0.2530	0.9880
0.2507	1.2663
0.2825	0.9812
0.2854	0.9038
0.2534	0.9705
0.2512	1.2650
0.2832	0.9782
0.2847	0.8920
0.2529	0.9815
0.2517	1.2710
0.2835	1.0357
0.2844	0.8705
0.2527	0.9420
0.2520	1.2725
0.2830	1.0415
0.2836	0.8895
0.2531	0.9508
0.2526	1.2555
0.2829	0.9908
0.2829	0.8642
0.2532	0.9505
0.2531	1.2812
0.2830	1.0158
0.2824	0.8698
0.2531	0.9475
0.2536	1.2683
0.2830	0.8830
0.2816	0.8875
0.2531	0.9350
0.2542	1.2710
0.2839	0.8692
0.2807	0.8925
0.2524	0.9665
0.2549	1.2843
0.2840	0.8970
0.2804	0.8875
0.2523	0.9670
0.2552	1.2425
0.2837	0.9337
0.2794	0.9208
0.2525	0.9817
0.2561	1.2480
0.2836	0.8948
0.2790	0.9370
0.2526	1.0035
0.2563	1.2360
0.2823	0.8895
0.2787	0.9560
0.2536	1.0165
0.2566	1.2013
0.2819	0.8550
0.2782	0.9900
0.2539	1.0325
0.2570	1.1925
0.2819	0.8602
0.2780	1.0168
0.2540	1.0410
0.2572	1.1770
0.2821	0.8847
0.2778	1.0490
0.2538	1.0345
0.2574	1.1563
0.2813	0.8985
0.2777	1.0353
0.2545	1.0372
0.2575	1.1357
0.2810	0.9725
0.2778	1.0303
0.2547	1.0185
0.2574	1.1280
0.2811	0.9760
0.2776	1.0365
0.2546	0.9955
0.2576	1.0935
0.2811	0.9885
0.2779	1.0810
0.2546	1.0015
0.2573	1.1063
0.2813	0.9460
0.2777	1.0542
0.2544	0.9580
0.2575	1.0925
0.2814	0.9817
0.2775	1.0290
0.2543	0.9428
0.2577	1.0858
0.2816	0.9728
0.2772	1.0132
0.2542	0.9343
0.2579	1.0942
0.2816	0.9375
0.2773	1.0020
0.2542	0.9088
0.2578	1.0882
0.2817	0.9175
0.2776	0.9912
0.2541	0.8987
0.2576	1.0800
0.2819	0.8680
0.2772	0.9885
0.2540	0.9052
0.2579	1.0703
0.2819	0.8435
0.2768	1.0337
0.2540	0.8973
0.2582	1.0805
0.2816	0.8185
0.2765	1.0512
0.2542	0.8945
0.2585	1.0765
0.2815	0.8117
0.2763	1.0633
0.2543	0.9015
0.2587	1.0882
0.2814	0.8277
0.2765	1.0415
0.2544	0.8965
0.2585	1.0823
0.2807	0.7883
0.2764	1.0482
0.2549	0.8972
0.2586	1.0787
0.2806	0.8068
0.2767	1.0543
0.2550	0.8925
0.2583	1.0608
0.2804	0.8280
0.2768	1.0547
0.2552	0.8780
0.2583	1.0525
0.2802	0.8298
0.2769	1.0470
0.2553	0.8865
0.2581	1.0305
0.2806	0.8408
0.2769	1.0310
0.2550	0.8810
0.2581	1.0347
0.2802	0.8745
0.2767	1.0167
0.2554	0.8773
0.2583	1.0147
0.2805	0.8870
0.2767	0.9712
0.2551	0.8985
0.2583	1.0133
0.2808	0.9078
0.2766	0.9575
0.2549	0.9072
0.2585	1.0013
0.2806	0.9037
0.2765	0.9563
0.2550	0.9332
0.2585	1.0000
0.2807	0.8985
0.2765	0.9497
0.2549	0.9555
0.2585	0.9947
0.2807	0.9020
0.2765	0.9625
0.2550	0.9905
0.2585	0.9868
0.2804	0.8718
0.2761	0.9842
0.2552	1.0200
0.2589	0.9872
0.2804	0.8530
0.2761	1.0113
0.2552	1.0540
0.2589	0.9710
0.2798	0.8465
0.2763	1.0242
0.2557	1.1005
0.2587	0.9798
0.2797	0.8492
0.2763	1.0472
0.2558	1.1377
0.2587	0.9603
0.2788	0.8170
0.2763	1.0790
0.2565	1.1490
0.2587	0.9650
0.2782	0.8115
0.2767	1.0975
0.2570	1.1682
0.2583	0.9448
0.2776	0.8152
0.2772	1.1113
0.2575	1.1987
0.2579	0.9365
0.2579	0.9165
0.2767	0.8267
0.2772	1.0975
0.2583	1.1978
0.2574	0.9103
0.2763	0.8153
0.2778	1.0970
0.2587	1.1880
0.2570	0.8880
0.2755	0.8875
0.2782	1.0862
0.2594	1.1855
0.2568	0.8935
0.2749	0.8942
0.2784	1.0840
0.2599	1.1735
0.2565	0.8920
0.2745	0.8927
0.2788	1.0575
0.2603	1.1570
0.2563	0.8952
0.2741	0.9325
0.2790	1.0540
0.2607	1.1355
0.2562	0.9095
0.2740	0.9275
0.2791	1.0235
0.2607	1.1250
0.2560	0.9075
0.2742	0.9418
0.2794	1.0132
0.2605	1.1030
0.2558	0.9180
0.2740	0.9637
0.2796	1.0235
0.2608	1.0927
0.2557	0.9255
0.2736	0.9270
0.2797	1.0265
0.2611	1.0880
0.2558	0.9390
0.2736	0.9155
0.2797	1.0488
0.2611	1.0427
0.2559	0.9468
0.2733	0.8913
0.2796	1.0565
0.2614	1.0637
0.2556	0.9540
0.2731	0.8470
0.2799	1.0718
0.2615	1.0478
0.2554	0.9300
0.2730	0.8352
0.2801	1.0792
0.2617	1.0807
0.2552	0.9527
0.2721	0.8357
0.2804	1.0910
0.2625	1.0675
0.2549	0.9348
0.2722	0.8093
0.2808	1.0888
0.2624	1.0697
0.2548	0.9350
0.2714	0.8050
0.2809	1.0977
0.2631	1.0678
0.2545	0.9305
0.2713	0.8185
0.2812	1.0838
0.2633	1.0835
0.2539	0.9278
0.2703	0.8147
0.2820	1.0685
0.2641	1.0725
0.2539	0.9230
0.2702	0.8690
0.2819	1.0505
0.2643	1.0543
0.2538	0.9417
0.2698	0.9080
0.2821	1.0167
0.2647	1.1015
0.2537	0.9382
0.2694	0.9123
0.2822	1.0038
0.2650	1.0853
0.2536	0.9565
0.2692	0.9257
0.2823	0.9822
0.2652	1.1000
0.2536	0.9838
0.2692	0.9570
0.2823	0.9505
0.2653	1.0825
0.2536	0.9757
0.2694	0.9473
0.2824	0.9358
0.2650	1.1080
0.2539	0.9848
0.2693	0.9732
0.2820	0.9285
0.2651	1.1207
0.2540	0.9840
0.2689	0.9767
0.2819	0.9333
0.2655	1.1382
0.2542	1.0012
0.2687	0.9685
0.2817	0.9448
0.2657	1.1670
0.2543	0.9920
0.2685	0.9497
0.2815	0.9583
0.2659	1.1848
0.2545	0.9853
0.2679	0.9392
0.2813	0.9672
0.2665	1.2265
0.2545	0.9760
0.2676	0.9135
0.2812	0.9868
0.2668	1.2353
0.2544	0.9240
0.2671	0.9237
0.2814	1.0080
0.2673	1.2675
0.2544	0.9223
0.2664	0.9220
0.2814	1.0230
0.2680	1.3050
0.2541	0.9280
0.2658	0.9155
0.2818	1.0413
0.2686	1.2985
0.2538	0.9068
0.2653	0.9495
0.2821	1.0577
0.2691	1.3007
0.2538	0.9445
0.2647	0.9410
0.2821	1.0790
0.2697	1.2950
0.2529	0.9657
0.2640	0.9605
0.2832	1.0790
0.2705	1.2785
0.2529	0.9773
0.2633	0.9977
0.2833	1.0685
0.2712	1.2560
0.2529	0.9717
0.2631	1.0280
0.2833	1.0660
0.2714	1.2590
0.2525	1.0092
0.2629	1.0303
0.2837	1.0523
0.2716	1.2235
0.2528	0.9700
0.2627	1.0440
0.2833	1.0435
0.2719	1.2005
0.2529	1.0773
0.2626	1.0618
0.2832	1.0230
0.2719	1.1748
0.2532	1.0310
0.2628	1.0555
0.2828	1.0095
0.2718	1.1573
0.2528	1.0202
0.2626	1.0515
0.2833	1.0027
0.2720	1.1603
0.2532	1.0395
0.2626	1.0355
0.2828	0.9925
0.2720	1.1610
0.2528	0.9952
0.2626	1.0170
0.2833	0.9728
0.2720	1.1645
0.2536	0.9610
0.2624	1.0025
0.2824	0.9670
0.2721	1.1735
0.2531	0.9615
0.2619	0.9720
0.2829	0.9665
0.2727	1.2000
0.2531	0.9983
0.2616	0.9480
0.2830	0.9605
0.2730	1.1932
0.2531	0.9720
0.2612	0.9240
0.2829	0.9727
0.2735	1.2245
0.2531	0.9912
0.2606	0.9000
0.2830	0.9540
0.2741	1.2502
0.2529	0.9483
0.2603	0.9003
0.2833	0.9515
0.2745	1.2482
0.2531	0.9990
0.2596	0.8987
0.2829	0.9448
0.2752	1.2363
0.2533	0.9950
0.2592	0.9092
0.2827	0.9570
0.2757	1.2430
0.2532	0.9800
0.2585	0.9370
0.2828	0.9375
0.2765	1.2265
0.2533	1.0108
0.2578	0.9293
0.2827	0.9577
0.2773	1.2375
0.2535	1.0140
0.2577	0.9500
0.2824	0.9483
0.2774	1.2275
0.2538	0.9587
0.2573	0.9367
0.2821	0.9515
0.2778	1.2355
0.2536	0.9695
0.2571	0.9585
0.2824	0.9545
0.2781	1.2345
0.2537	0.9318
0.2573	0.9375
0.2823	0.9567
0.2779	1.2228
0.2538	0.9525
0.2565	0.9393
0.2821	0.9830
0.2788	1.2153
0.2537	0.9105
0.2566	0.9052
0.2822	1.0035
0.2787	1.2290
0.2532	0.8992
0.2557	0.9047
0.2828	1.0372
0.2798	1.2465
0.2535	0.8750
0.2556	0.8840
0.2824	1.0495
0.2799	1.2447
0.2529	0.8813
0.2548	0.8557
0.2832	1.0982
0.2809	1.2593
0.2529	0.8537
0.2542	0.8780
0.2832	1.1240
0.2816	1.2770
0.2524	0.9060
0.2535	0.8505
0.2839	1.1627
0.2825	1.2843
0.2521	0.9158
0.2529	0.8635
0.2843	1.1795
0.2832	1.2695
0.2513	0.9055
0.2524	0.8770
0.2852	1.1973
0.2838	1.2657
0.2509	0.9780
0.2521	0.8965
0.2858	1.2148
0.2843	1.2530
0.2503	0.9632
0.2514	0.9152
0.2865	1.2155
0.2852	1.2355
0.2504	0.9915
0.2510	0.9308
0.2864	1.2305
0.2857	1.2185
0.2499	0.9925
0.2505	0.9563
0.2871	1.2180
0.2863	1.2092
0.2498	1.0185
0.2506	0.9512
0.2872	1.1985
0.2861	1.1978
0.2499	1.0283
0.2502	0.9658
0.2870	1.1753
0.2867	1.1837
0.2497	1.0210
0.2501	0.9620
0.2873	1.1667
0.2868	1.1512
0.2493	0.9593
0.2499	0.9830
0.2878	1.1280
0.2871	1.1510
0.2492	0.9640
0.2497	0.9828
0.2880	1.1245
0.2873	1.1365
0.2491	0.9257
0.2493	0.9052
0.2881	1.1325
0.2878	1.1218
0.2491	0.8730
0.2493	0.9325
0.2882	1.1402
0.2878	1.1210
0.2485	0.8975
0.2490	0.8908
0.2889	1.1618
0.2883	1.1150
0.2483	0.8975
0.2489	0.8752
0.2892	1.1595
0.2884	1.1125
0.2479	0.9215
0.2486	0.8485
0.2898	1.1708
0.2889	1.0935
0.2473	0.9335
0.2479	0.8590
0.2906	1.1637
0.2897	1.1020
0.2466	0.9165
0.2479	0.8557
0.2915	1.1645
0.2898	1.1120
0.2465	0.9298
0.2474	0.8603
0.2917	1.1433
0.2905	1.1013
0.2461	0.9562
0.2469	0.8537
0.2922	1.1558
0.2911	1.1000
0.2462	0.9675
0.2467	0.8930
0.2921	1.1450
0.2914	1.0910
0.2463	0.9747
0.2463	0.9078
0.2920	1.1205
0.2919	1.0980
0.2460	0.9803
0.2462	0.9005
0.2924	1.0925
0.2921	1.0997
0.2459	0.9650
0.2461	0.9510
0.2925	1.0685
0.2923	1.1017
0.2459	0.9265
0.2459	0.9443
0.2925	1.0502
0.2926	1.1022
0.2457	0.8870
0.2461	0.9423
0.2928	1.0395
0.2922	1.0965
0.2455	0.8598
0.2456	0.9397
0.2931	1.0610
0.2930	1.0792
0.2453	0.8625
0.2455	0.9227
0.2934	1.0862
0.2932	1.0680
0.2452	0.8565
0.2455	0.9095
0.2935	1.0970
0.2931	1.0630
0.2446	0.8510
0.2450	0.8908
0.2944	1.1400
0.2938	1.0365
0.2443	0.9045
0.2448	0.8567
0.2948	1.1730
0.2941	1.0433
0.2439	0.8865
0.2447	0.8817
0.2955	1.2082
0.2943	1.0233
0.2434	0.9152
0.2444	0.8840
0.2962	1.2588
0.2946	0.9830
0.2430	0.8937
0.2442	0.8777
0.2967	1.2872
0.2950	0.9795
0.2425	0.9768
0.2441	0.9155
0.2976	1.3215
0.2951	0.9448
0.2425	1.0037
0.2439	0.9335
0.2975	1.3325
0.2954	0.9390
0.2954	0.9230
0.2417	0.9975
0.2439	0.9535
0.2987	1.3468
0.2949	0.8905
0.2412	1.0245
0.2443	0.9665
0.2995	1.3322
0.2948	0.8855
0.2406	0.9820
0.2443	0.9765
0.3004	1.3298
0.2943	0.8630
0.2406	0.9758
0.2447	0.9813
0.3004	1.3130
0.2942	0.8420
0.2405	0.9188
0.2448	1.0013
0.3006	1.2973
0.2938	0.8387
0.2398	0.9313
0.2450	0.9790
0.3017	1.2845
0.2933	0.8470
0.2398	0.9440
0.2454	0.9610
0.3017	1.2355
0.2934	0.8282
0.2390	0.9098
0.2453	0.9265
0.3030	1.2292
0.2930	0.8383
0.2386	0.8615
0.2455	0.8940
0.3037	1.2118
0.2927	0.8195
0.2382	0.8625
0.2458	0.8652
0.3043	1.2185
0.2930	0.8237
0.2376	0.9147
0.2456	0.8660
0.3052	1.2130
0.2929	0.8363
0.2379	0.8953
0.2456	0.8312
0.3048	1.2175
0.2931	0.8250
0.2369	0.9505
0.2455	0.8337
0.3063	1.2300
0.2933	0.8470
0.2366	0.9537
0.2453	0.8527
0.3069	1.2168
0.2934	0.8537
0.2364	0.9575
0.2453	0.8242
0.3072	1.2100
0.2931	0.8650
0.2364	0.9775
0.2455	0.8845
0.3073	1.2045
0.2934	0.8775
0.2361	0.9518
0.2453	0.9045
0.3077	1.2085
0.2933	0.8848
0.2358	1.0015
0.2454	0.9208
0.3082	1.1860
0.2930	0.8820
0.2356	0.9885
0.2456	0.9800
0.3086	1.1757
0.2932	0.8962
0.2353	0.9850
0.2455	1.0128
0.3091	1.1605
0.2927	0.8915
0.2351	0.9250
0.2458	1.0058
0.3095	1.1415
0.2925	0.8887
0.2350	0.9298
0.2460	1.0608
0.3096	1.1530
0.2925	0.8935
0.2349	0.9403
0.2459	1.0463
0.3098	1.1145
0.2917	0.8958
0.2345	0.9265
0.2465	1.0180
0.3105	1.1132
0.2914	0.8718
0.2345	0.9365
0.2467	1.0075
0.3105	1.1267
0.2911	0.8497
0.2340	0.9530
0.2469	0.9693
0.3114	1.1210
0.2905	0.8470
0.2336	0.9450
0.2474	0.9448
0.3120	1.1360
0.2906	0.8412
0.2339	0.9660
0.2473	0.9318
0.3115	1.1567
0.2909	0.8512
0.2335	1.0030
0.2471	0.8750
0.3122	1.1695
0.2909	0.8578
0.2332	0.9918
0.2471	0.8803
0.3127	1.1810
0.2906	0.8660
0.2332	1.0118
0.2473	0.8772
0.3127	1.2017
0.2908	0.8900
0.2329	1.0025
0.2471	0.8587
0.3133	1.2062
0.2910	0.8925
0.2328	0.9823
0.2470	0.8790
0.3135	1.2343
0.2913	0.8915
0.2327	1.0140
0.2468	0.8977
0.3137	1.2465
0.2910	0.9060
0.2324	0.9783
0.2470	0.9445
0.3142	1.2263
0.2909	0.9275
0.2319	0.9723
0.2471	0.9570
0.3151	1.2175
0.2910	0.9240
0.2314	0.9830
0.2470	0.9937
0.3160	1.2000
0.2909	0.9250
0.2312	0.9367
0.2471	1.0220
0.3165	1.1840
0.2908	0.9165
0.2310	0.9032
0.2472	1.0403
0.3168	1.1570
0.2902	0.9060
0.2306	0.9235
0.2476	1.0195
0.3177	1.1367
0.2901	0.8908
0.2306	0.9325
0.2476	1.0055
0.3176	1.1058
0.2896	0.8718
0.2306	0.9398
0.2480	0.9960
0.3177	1.0698
0.2893	0.8525
0.2302	0.9360
0.2482	0.9817
0.3185	1.0407
0.2892	0.8532
0.2300	0.9310
0.2483	0.9738
0.3188	1.0153
0.2891	0.7972
0.2301	0.9725
0.2484	0.9375
0.3185	1.0070
0.2890	0.8265
0.2301	0.9447
0.2485	0.9342
0.3186	1.0030
0.2889	0.8330
0.2301	0.9432
0.2485	0.9180
0.3186	1.0118
0.2887	0.8010
0.2301	0.9508
0.2487	0.9120
0.3186	1.0027
0.2887	0.8315
0.2301	0.9435
0.2487	0.9203
0.3185	1.0155
0.2879	0.8345
0.2302	0.9525
0.2493	0.9345
0.3184	1.0263
0.2883	0.8100
0.2300	0.9355
0.2490	0.9497
0.3188	1.0347
0.2882	0.8647
0.2298	0.9180
0.2491	0.9610
0.3191	1.0512
0.2875	0.8820
0.2296	0.9265
0.2496	0.9808
0.3195	1.0645
0.2877	0.8463
0.2292	0.9167
0.2494	0.9937
0.3203	1.0590
0.2875	0.8965
0.2294	0.9150
0.2496	1.0125
0.3200	1.0480
0.2867	0.8670
0.2290	0.9330
0.2502	1.0130
0.3206	1.0410
0.2873	0.8698
0.2287	0.9285
0.2497	1.0070
0.3214	1.0262
0.2871	0.9072
0.2286	0.9505
0.2499	1.0033
0.3214	1.0268
0.2863	0.9097
0.2286	0.9672
0.2505	0.9935
0.3214	1.0123
0.2860	0.8852
0.2288	0.9285
0.2508	0.9777
0.3211	0.9988
0.2859	0.9613
0.2289	0.9662
0.2508	0.9650
0.3210	0.9860
0.3211	0.9690
0.2859	0.9387
0.2288	0.9728
0.2508	0.9523
0.3211	0.9668
0.2859	0.9057
0.2288	0.9742
0.2508	0.9408
0.3212	0.9727
0.2863	0.9605
0.2287	0.9637
0.2505	0.9295
0.3214	1.0018
0.2859	1.0045
0.2286	0.9397
0.2508	0.9375
0.3210	1.0170
0.2866	1.0370
0.2288	0.9350
0.2503	0.9418
0.3213	1.0315
0.2871	1.0637
0.2287	0.9350
0.2499	0.9595
0.3213	1.0493
0.2865	1.1270
0.2287	0.9475
0.2503	0.9753
0.3216	1.0695
0.2868	1.1183
0.2286	0.9565
0.2501	1.0023
0.3224	1.0740
0.2871	1.2103
0.2282	0.9640
0.2499	1.0400
0.3227	1.0880
0.2875	1.1525
0.2280	0.9607
0.2496	1.0542
0.3231	1.0920
0.2877	1.1585
0.2278	0.9583
0.2495	1.0840
0.3232	1.1015
0.2884	1.1865
0.2277	0.9465
0.2489	1.1155
0.3235	1.1087
0.2882	1.1790
0.2276	0.9463
0.2490	1.1292
0.3237	1.0867
0.2887	1.1530
0.2275	0.9593
0.2487	1.1255
0.3237	1.0765
0.2882	1.1255
0.2275	0.9505
0.2490	1.1167
0.3241	1.0665
0.2883	1.0985
0.2273	0.9463
0.2490	1.1045
0.3245	1.0370
0.2877	1.0265
0.2271	0.9272
0.2495	1.0980
0.3250	1.0138
0.2876	0.9945
0.2269	0.9295
0.2495	1.0407
0.3250	1.0167
0.2875	0.9362
0.2268	0.9150
0.2496	0.9940
0.3253	1.0018
0.2876	0.9585
0.2267	0.8968
0.2495	0.9835
0.3256	0.9982
0.2876	0.9473
0.2266	0.9100
0.2495	0.9825
0.3255	0.9935
0.2872	0.9728
0.2266	0.9270
0.2498	0.9640
0.3253	0.9957
0.2875	0.9898
0.2267	0.9317
0.2496	0.9698
0.3259	0.9948
0.2878	1.0130
0.2264	0.9447
0.2494	0.9612
0.3259	1.0062
0.2878	1.0425
0.2264	0.9610
0.2493	0.9890
0.3259	0.9985
0.2877	1.0585
0.2264	0.9760
0.2494	1.0330
0.3259	1.0067
0.2878	1.0900
0.2264	0.9798
0.2493	1.0325
0.3263	1.0115
0.2880	1.1170
0.2262	0.9845
0.2492	1.0878
0.3261	1.0120
0.2884	1.1213
0.2263	0.9692
0.2489	1.1275
0.3263	1.0240
0.2885	1.1398
0.2262	0.9572
0.2488	1.1650
0.3261	1.0158
0.2880	1.1397
0.2263	0.9472
0.2492	1.1742
0.3261	1.0163
0.2882	1.1042
0.2263	0.9248
0.2491	1.1802
0.3259	0.9987
0.2879	1.0867
0.2264	0.9155
0.2492	1.1823
0.3268	0.9992
0.2877	1.0615
0.2260	0.8838
0.2494	1.1877
0.3273	0.9773
0.2874	1.0420
0.2257	0.8665
0.2497	1.1782
0.3274	0.9833
0.2872	1.0472
0.2257	0.8645
0.2498	1.1348
0.3279	0.9795
0.2866	1.0383
0.2255	0.8590
0.2503	1.1647
0.3281	0.9828
0.2864	1.0488
0.2254	0.8545
0.2504	1.1827
0.3286	0.9932
0.2863	1.0600
0.2251	0.8885
0.2505	1.2047
0.3287	1.0005
0.2863	1.0625
0.2251	0.9113
0.2505	1.2097
0.3286	1.0370
0.2865	1.0688
0.2251	0.9380
0.2503	1.2375
0.3287	1.0517
0.2861	1.1090
0.2251	0.9447
0.2506	1.2745
0.3286	1.0720
0.2857	1.1320
0.2251	0.9590
0.2509	1.3195
0.3290	1.0850
0.2853	1.1422
0.2249	0.9813
0.2513	1.3645
0.3292	1.1068
0.2850	1.1340
0.2248	0.9793
0.2515	1.3952
0.3295	1.1135
0.2844	1.1250
0.2247	0.9608
0.2520	1.4382
0.3302	1.1245
0.2839	1.1200
0.2244	0.9712
0.2524	1.4330
0.3306	1.1000
0.2833	1.0995
0.2242	0.9497
0.2528	1.4230
0.3308	1.1080
0.2827	1.0675
0.2241	0.9440
0.2533	1.3928
0.3314	1.0780
0.2820	1.0465
0.2238	0.9337
0.2538	1.3820
0.3319	1.0475
0.2815	1.0255
0.2236	0.9160
0.2543	1.3525
0.3320	1.0160
0.2811	0.9855
0.2236	0.9168
0.2546	1.3223
0.3319	0.9865
0.2806	0.9670
0.2236	0.9268
0.2551	1.3000
0.3326	0.9742
0.2801	0.9268
0.2233	0.9293
0.2554	1.2848
0.3324	0.9292
0.2796	0.9817
0.2234	0.9480
0.2558	1.2858
0.3324	0.9360
0.2792	0.9848
0.2234	0.9662
0.2562	1.3000
0.3324	0.9575
0.2785	0.9990
0.2234	0.9718
0.2568	1.3318
0.3319	0.9742
0.2781	1.0133
0.2236	0.9865
0.2571	1.3715
0.3318	0.9588
0.2771	1.0287
0.2237	0.9913
0.2580	1.4253
0.3310	0.9757
0.2773	1.0357
0.2240	0.9895
0.2578	1.4720
0.3313	0.9858
0.2766	1.0570
0.2239	0.9937
0.2584	1.5175
0.3317	0.9870
0.2759	1.0620
0.2237	0.9910
0.2590	1.5645
0.3316	0.9932
0.2750	1.0373
0.2237	0.9832
0.2598	1.5905
0.3319	1.0070
0.2740	1.0520
0.2236	0.9752
0.2607	1.6085
0.3321	1.0293
0.2730	0.9678
0.2235	0.9713
0.2617	1.5940
0.3322	1.0025
0.2722	0.9452
0.2235	0.9642
0.2624	1.5627
0.3323	0.9767
0.2710	0.9223
0.2234	0.9538
0.2636	1.5185
0.3321	0.9613
0.2698	0.8835
0.2235	0.9587
0.2647	1.4613
0.3325	0.9413
0.2688	0.8735
0.2233	0.9600
0.2656	1.3992
0.3323	0.9360
0.2680	0.8593
0.2234	0.9707
0.2664	1.3518
0.3321	0.9127
0.2674	0.8317
0.2235	0.9857
0.2670	1.2920
0.3322	0.9475
0.2671	0.8427
0.2235	0.9922
0.2673	1.2613
0.3317	0.9503
0.2666	0.8575
0.2237	0.9965
0.2679	1.2195
0.3315	0.9575
0.2663	0.8665
0.2238	1.0058
0.2681	1.2082
0.3313	1.0045
0.2658	0.8898
0.2239	1.0050
0.2686	1.2138
0.3306	1.0355
0.2656	0.8818
0.2242	0.9955
0.2689	1.2320
0.3313	1.0570
0.2649	0.8735
0.2239	0.9912
0.2695	1.2567
0.3311	1.0762
0.2646	0.8835
0.2240	0.9805
0.2698	1.2805
0.3314	1.1003
0.2639	0.8795
0.2238	0.9733
0.2705	1.2925
0.3323	1.1092
0.2634	0.8615
0.2234	0.9650
0.2711	1.2910
0.3330	1.1257
0.2625	0.8525
0.2231	0.9383
0.2721	1.2980
0.3337	1.0885
0.2618	0.8367
0.2228	0.9270
0.2729	1.2740
0.3338	1.0880
0.2610	0.8100
0.2227	0.9183
0.2737	1.2672
0.3343	1.0318
0.2606	0.7880
0.2225	0.9268
0.2741	1.2285
0.3345	0.9820
0.2599	0.7640
0.2224	0.9105
0.2749	1.2030
0.3348	0.9465
0.2594	0.7615
0.2223	0.9175
0.2755	1.1658
0.3349	0.9158
0.2589	0.7755
0.2223	0.9207
0.2760	1.1273
0.3348	0.8948
0.2584	0.7795
0.2223	0.9310
0.2767	1.0965
0.3338	0.8910
0.2579	0.7803
0.2228	0.9375
0.2771	1.0865
0.3339	0.8868
0.2575	0.7985
0.2227	0.9422
0.2777	1.0613
0.3337	0.9313
0.2571	0.8080
0.2228	0.9540
0.2782	1.0495
0.3336	0.9342
0.2570	0.8185
0.2229	0.9698
0.2782	1.0367
0.3330	0.9455
0.2568	0.8165
0.2231	0.9757
0.2785	1.0248
0.3333	1.0150
0.2565	0.8478
0.2230	0.9630
0.2788	1.0267
0.3333	1.0035
0.2564	0.8482
0.2230	0.9810
0.2790	1.0255
0.3343	1.0098
0.2562	0.8620
0.2225	0.9845
0.2792	1.0390
0.3341	1.0322
0.2560	0.8590
0.2226	0.9872
0.2794	1.0487
0.3342	1.0520
0.2556	0.8547
0.2226	0.9850
0.2799	1.0533
0.3349	1.0253
0.2556	0.8615
0.2223	0.9823
0.2799	1.0245
0.3344	1.0293
0.2551	0.8720
0.2225	0.9863
0.2805	1.0453
0.3342	0.9640
0.2547	0.8535
0.2226	1.0060
0.2809	1.0352
0.3346	0.9857
0.2545	0.8690
0.2224	1.0193
0.2812	1.0383
0.3345	0.9518
0.2542	0.8972
0.2224	1.0290
0.2816	1.0250
0.3342	0.9053
0.2544	0.8770
0.2226	1.0478
0.2814	1.0048
0.3343	0.9227
0.2541	0.9098
0.2226	1.0635
0.2817	0.9852
0.3334	0.9275
0.2539	0.9002
0.2230	1.0662
0.2820	0.9527
0.3333	0.9337
0.2538	0.9115
0.2230	1.0798
0.2820	0.9337
0.3325	0.9605
0.2540	0.9300
0.2234	1.0842
0.2819	0.9163
0.3318	0.9960
0.2539	0.9305
0.2237	1.0857
0.2819	0.9368
0.3313	1.0128
0.2541	0.9133
0.2239	1.0920
0.2817	0.9160
0.3311	1.0425
0.2541	0.9458
0.2240	1.0735
0.2818	0.9140
0.3313	1.0543
0.2542	0.9195
0.2239	1.0737
0.2815	0.9102
0.3318	1.0742
0.2544	0.8923
0.2237	1.0775
0.2814	0.9215
0.3322	1.0980
0.2543	0.8990
0.2235	1.0812
0.2815	0.9282
0.3325	1.1065
0.2541	0.8702
0.2233	1.0893
0.2817	0.9348
0.3327	1.1038
0.2543	0.8715
0.2233	1.0995
0.2815	0.9428
0.3329	1.0703
0.2540	0.8543
0.2232	1.0962
0.2819	0.9510
0.3324	1.0460
0.2536	0.8570
0.2234	1.1345
0.2824	0.9327
0.3321	1.0203
0.2535	0.8577
0.2235	1.1505
0.2824	0.9370
0.3316	0.9855
0.2533	0.8682
0.2237	1.1680
0.2827	0.9295
0.3312	0.9620
0.2531	0.8605
0.2239	1.2010
0.2829	0.9122
0.3307	0.9370
0.2530	0.8892
0.2241	1.2080
0.2831	0.8870
0.3298	0.9445
0.2534	0.9170
0.2246	1.1963
0.2826	0.8570
0.3294	0.9355
0.2533	0.9115
0.2248	1.1913
0.2827	0.8405
0.3285	0.9370
0.2533	0.9295
0.2252	1.1903
0.2827	0.8105
0.3275	0.9385
0.2536	0.9445
0.2257	1.1892
0.2824	0.8008
0.3270	0.9475
0.2540	0.9490
0.2259	1.1813
0.2819	0.7633
0.3269	0.9372
0.2544	0.9430
0.2259	1.1552
0.2814	0.7610
0.3266	0.9470
0.2545	0.9290
0.2261	1.1460
0.2813	0.7332
0.3262	0.9533
0.2549	0.9333
0.2263	1.1470
0.2808	0.7090
0.2806	0.7120
0.3258	0.9427
0.2550	0.9275
0.2265	1.1382
0.2801	0.6983
0.3257	0.9550
0.2554	0.9200
0.2265	1.1498
0.2797	0.7340
0.3251	0.9375
0.2557	0.9038
0.2268	1.1777
0.2796	0.7423
0.3251	0.9278
0.2558	0.9150
0.2268	1.1837
0.2792	0.7745
0.3244	0.9193
0.2562	0.9195
0.2272	1.2080
0.2790	0.7858
0.3233	0.9030
0.2564	0.9272
0.2277	1.2400
0.2784	0.8210
0.3229	0.8903
0.2569	0.9357
0.2279	1.2695
0.2787	0.8345
0.3219	0.9025
0.2566	0.9462
0.2284	1.2652
0.2786	0.8572
0.3212	0.8878
0.2567	0.9695
0.2287	1.2905
0.2785	0.8838
0.3201	0.8898
0.2567	0.9825
0.2293	1.2845
0.2784	0.8880
0.3188	0.9350
0.2569	0.9877
0.2300	1.2845
0.2783	0.9070
0.3179	0.9160
0.2569	0.9835
0.2305	1.2645
0.2780	0.8805
0.3177	0.9482
0.2572	0.9945
0.2306	1.2533
0.2779	0.8605
0.3168	0.9708
0.2573	0.9930
0.2310	1.2530
0.2776	0.8460
0.3163	0.9785
0.2575	0.9882
0.2313	1.2248
0.2774	0.8223
0.3162	1.0025
0.2577	0.9800
0.2314	1.2033
0.2772	0.7605
0.3158	1.0137
0.2579	0.9632
0.2316	1.1850
0.2770	0.7985
0.3157	1.0042
0.2581	0.9563
0.2316	1.2130
0.2765	0.7708
0.3155	1.0267
0.2585	0.9448
0.2317	1.2153
0.2763	0.7020
0.3152	0.9837
0.2586	0.9350
0.2319	1.2280
0.2760	0.7582
0.3148	0.9388
0.2590	0.9410
0.2321	1.2507
0.2752	0.7092
0.3144	0.9347
0.2596	0.9527
0.2323	1.2580
0.2756	0.7658
0.3135	0.9060
0.2593	0.9648
0.2328	1.2575
0.2752	0.7548
0.3131	0.8880
0.2596	0.9723
0.2330	1.2665
0.2741	0.8067
0.3115	0.8793
0.2607	0.9863
0.2340	1.2660
0.2746	0.7702
0.3101	0.8642
0.2602	0.9935
0.2348	1.2675
0.2735	0.8213
0.3095	0.8690
0.2612	1.0163
0.2351	1.2758
0.2740	0.7917
0.3088	0.8652
0.2608	1.0170
0.2355	1.2640
0.2732	0.8042
0.3081	0.8520
0.2614	1.0265
0.2359	1.2487
0.2736	0.8728
0.3077	0.9040
0.2611	1.0248
0.2361	1.2360
0.2726	0.8710
0.3070	0.8990
0.2620	1.0188
0.2365	1.2027
0.2723	0.9040
0.3066	0.9008
0.2623	1.0120
0.2368	1.2190
0.2722	0.8117
0.3058	0.9080
0.2624	1.0115
0.2372	1.2140
0.2719	0.8380
0.3055	0.9132
0.2627	1.0127
0.2374	1.2102
0.2718	0.7715
0.3052	0.8870
0.2627	1.0005
0.2376	1.2335
0.2724	0.8140
0.3043	0.8987
0.2622	0.9947
0.2382	1.2328
0.2719	0.8055
0.3035	0.8937
0.2627	0.9860
0.2387	1.2363
0.2710	0.7930
0.3031	0.8785
0.2635	0.9943
0.2389	1.2150
0.2707	0.8308
0.3026	0.8872
0.2638	0.9992
0.2392	1.2177
0.2702	0.8272
0.3012	0.8892
0.2642	1.0152
0.2401	1.2010
0.2700	0.7438
0.3008	0.9230
0.2645	1.0222
0.2403	1.1805
0.2697	0.8038
0.3003	0.9315
0.2648	1.0290
0.2407	1.1587
0.2692	0.8935
0.2997	0.9502
0.2652	1.0397
0.2411	1.1615
0.2694	0.8632
0.2995	0.9720
0.2650	1.0522
0.2412	1.1353
0.2691	0.9135
0.2995	1.0232
0.2654	1.0585
0.2412	1.0950
0.2683	0.8902
0.2996	1.0345
0.2661	1.0577
0.2411	1.0910
0.2686	0.9005
0.2994	1.0518
0.2658	1.0550
0.2413	1.0715
0.2689	0.9100
0.2992	1.0660
0.2656	1.0380
0.2414	1.0760
0.2679	0.8695
0.2996	1.0640
0.2665	1.0320
0.2411	1.0755
0.2681	0.8660
0.2999	1.0540
0.2663	1.0238
0.2409	1.0698
0.2675	0.8857
0.2998	1.0540
0.2669	1.0223
0.2410	1.1000
0.2674	0.8445
0.2999	1.0505
0.2670	1.0142
0.2409	1.0913
0.2674	0.7950
0.2995	1.0313
0.2670	0.9960
0.2412	1.0845
0.2671	0.8242
0.2992	1.0153
0.2673	0.9853
0.2414	1.0915
0.2668	0.7885
0.2992	0.9777
0.2676	0.9823
0.2414	1.0993
0.2664	0.8500
0.2988	0.9692
0.2680	0.9875
0.2416	1.0735
0.2662	0.8438
0.2986	0.9635
0.2682	1.0055
0.2418	1.0680
0.2660	0.8112
0.2983	0.9890
0.2684	0.9990
0.2420	1.0732
0.2656	0.8233
0.2983	0.9930
0.2688	1.0072
0.2420	1.0512
0.2654	0.8572
0.2978	1.0100
0.2690	0.9887
0.2423	1.0400
0.2656	0.8688
0.2979	1.0215
0.2688	0.9867
0.2422	1.0142
0.2651	0.8758
0.2981	1.0310
0.2693	0.9593
0.2421	1.0040
0.2647	0.8995
0.2980	1.0665
0.2697	0.9373
0.2422	0.9813
0.2645	0.9135
0.2982	1.0543
0.2700	0.9322
0.2420	0.9667
0.2649	0.9158
0.2986	1.0743
0.2695	0.9272
0.2418	0.9392
0.2647	0.9020
0.2989	1.0625
0.2697	0.9240
0.2416	0.9410
0.2650	0.8967
0.2991	1.0505
0.2694	0.9065
0.2414	0.9348
0.2655	0.9308
0.2998	1.0418
0.2690	0.9232
0.2410	0.9140
0.2654	0.9337
0.2998	1.0343
0.2691	0.9200
0.2410	0.9165
0.2652	0.8893
0.3002	1.0160
0.2692	0.9648
0.2407	0.9233
0.2653	0.8860
0.3001	0.9990
0.2691	0.9735
0.2408	0.9200
0.2650	0.8813
0.3001	0.9900
0.2694	1.0062
0.2408	0.9155
0.2648	0.8575
0.3003	0.9582
0.2696	1.0490
0.2407	0.9203
0.2647	0.8543
0.3003	0.9662
0.2698	1.0763
0.2407	0.9255
0.2639	0.8613
0.3003	0.9803
0.2706	1.1075
0.2407	0.9340
0.2635	0.8463
0.3003	0.9872
0.2710	1.1270
0.2406	0.9220
0.2633	0.8685
0.3004	1.0353
0.2713	1.1492
0.2406	0.9310
0.2628	0.8930
0.3005	1.0350
0.2718	1.1845
0.2405	0.9130
0.2623	0.9152
0.3006	1.0570
0.2723	1.1813
0.2405	0.9005
0.2618	0.9505
0.3010	1.0760
0.2728	1.1632
0.2402	0.9063
0.2400	0.8895
0.2614	0.9740
0.3013	1.0875
0.2733	1.1838
0.2396	0.8833
0.2611	0.9845
0.3020	1.0957
0.2736	1.1932
0.2393	0.8995
0.2608	1.0047
0.3025	1.1070
0.2739	1.1810
0.2389	0.8958
0.2610	1.0047
0.3032	1.1160
0.2737	1.1777
0.2387	0.9122
0.2610	1.0028
0.3034	1.1035
0.2738	1.1620
0.2384	0.9255
0.2606	1.0060
0.3040	1.1040
0.2741	1.1578
0.2381	0.9267
0.2604	0.9908
0.3043	1.0557
0.2744	1.1400
0.2382	0.9585
0.2604	0.9742
0.3043	1.0458
0.2744	1.1397
0.2380	0.9455
0.2599	0.9352
0.3046	1.0078
0.2749	1.1605
0.2380	0.9707
0.2596	0.9553
0.3045	0.9875
0.2752	1.1938
0.2380	0.9405
0.2593	0.8955
0.3046	0.9730
0.2756	1.2052
0.2381	0.9637
0.2591	0.8875
0.3044	0.9707
0.2758	1.2225
0.2383	0.9515
0.2586	0.9018
0.3041	0.9585
0.2764	1.2467
0.2382	0.9377
0.2580	0.8875
0.3043	0.9460
0.2771	1.2640
0.2385	0.9552
0.2577	0.8987
0.3037	0.9483
0.2774	1.2708
0.2380	0.9355
0.2565	0.9125
0.3046	0.9490
0.2789	1.2835
0.2381	0.9225
0.2559	0.9393
0.3045	0.9565
0.2795	1.3135
0.2381	0.9125
0.2558	0.9452
0.3044	0.9570
0.2797	1.3075
0.2379	0.9470
0.2549	1.0060
0.3048	0.9693
0.2807	1.3235
0.2381	0.9240
0.2547	0.9535
0.3044	0.9620
0.2810	1.3088
0.2378	0.9860
0.2544	1.0050
0.3048	0.9532
0.2813	1.3105
0.2377	0.9915
0.2542	1.0350
0.3050	0.9515
0.2816	1.3230
0.2378	0.9725
0.2538	1.0078
0.3049	0.9320
0.2821	1.3355
0.2379	1.0005
0.2538	1.0200
0.3047	0.9258
0.2821	1.3183
0.2381	0.9900
0.2531	0.9923
0.3044	0.9102
0.2830	1.3475
0.2384	0.9990
0.2525	1.0020
0.3040	0.8927
0.2837	1.3695
0.2385	0.9990
0.2522	0.9610
0.3037	0.8847
0.2841	1.3967
0.2385	0.9710
0.2516	0.9260
0.3037	0.8840
0.2849	1.4400
0.2387	0.9635
0.2511	0.8713
0.3034	0.8852
0.2855	1.4533
0.2390	0.9318
0.2502	0.8810
0.3029	0.9030
0.2867	1.4965
0.2391	0.9190
0.2498	0.8700
0.3029	0.9203
0.2873	1.4935
0.2390	0.9223
0.2487	0.8553
0.3029	0.9220
0.2887	1.4970
0.2388	0.9373
0.2474	0.8685
0.3033	0.9605
0.2905	1.4958
0.2388	0.9200
0.2465	0.8993
0.3033	0.9840
0.2916	1.5287
0.2384	0.9357
0.2455	0.9400
0.3039	1.0068
0.2932	1.5033
0.2384	0.9062
0.2448	0.9290
0.3040	1.0645
0.2941	1.4925
0.2385	0.9515
0.2443	0.9615
0.3037	1.0537
0.2948	1.4593
0.2383	0.9823
0.2439	0.9940
0.3041	1.0677
0.2955	1.4140
0.2380	0.9620
0.2434	1.0110
0.3046	1.0875
0.2961	1.3980
0.2382	0.9935
0.2433	1.0255
0.3042	1.0837
0.2963	1.3465
0.2373	0.9923
0.2429	1.0260
0.3058	1.0880
0.2969	1.3318
0.2379	0.9370
0.2427	1.0097
0.3048	1.0828
0.2973	1.3105
0.2378	0.9348
0.2423	0.9972
0.3049	1.0757
0.2977	1.2977
0.2374	0.9597
0.2419	0.9765
0.3056	1.0510
0.2984	1.2735
0.2374	0.9032
0.2417	0.9613
0.3055	1.0277
0.2988	1.2800
0.2373	0.9370
0.2412	0.9580
0.3058	0.9802
0.2995	1.2902
0.2369	0.8645
0.2408	0.9458
0.3064	0.9805
0.3002	1.3015
0.2367	0.8637
0.2403	0.9610
0.3067	0.9730
0.3008	1.3195
0.2370	0.8975
0.2399	0.9383
0.3063	0.9510
0.3014	1.3033
0.2368	0.8750
0.2396	0.9418
0.3066	0.9495
0.3020	1.3100
0.2368	0.8827
0.2391	0.9600
0.3066	0.9440
0.3028	1.3072
0.2366	0.9365
0.2385	0.9800
0.3070	0.9522
0.3037	1.3085
0.2366	0.9473
0.2382	1.0137
0.3069	0.9478
0.3042	1.3160
0.2368	0.9315
0.2377	1.0223
0.3066	0.9552
0.3050	1.2890
0.2366	0.9510
0.2374	1.0235
0.3069	0.9610
0.3055	1.3055
0.2366	0.9333
0.2372	1.0248
0.3069	0.9760
0.3058	1.2790
0.2367	0.9605
0.2370	1.0367
0.3067	0.9873
0.3062	1.2710
0.2367	0.9370
0.2369	1.0147
0.3067	0.9755
0.3064	1.2643
0.2367	0.9113
0.2369	1.0177
0.3067	0.9790
0.3064	1.2840
0.2367	0.8900
0.2364	0.9813
0.3068	0.9725
0.3072	1.2783
0.2363	0.8735
0.2362	0.9615
0.3074	0.9637
0.3076	1.2905
0.2363	0.8468
0.2359	0.9310
0.3075	0.9570
0.3081	1.2873
0.2361	0.8347
0.2354	0.8983
0.3077	0.9495
0.3089	1.2815
0.2360	0.8275
0.2348	0.8777
0.3079	0.9630
0.3101	1.3000
0.2356	0.8390
0.2341	0.9095
0.3085	0.9785
0.3112	1.2678
0.2356	0.8513
0.2336	0.8892
0.3086	0.9900
0.3121	1.2697
0.2355	0.8770
0.2331	0.8680
0.3088	1.0242
0.3130	1.2522
0.2354	0.8983
0.2327	0.8810
0.3089	1.0552
0.3138	1.2300
0.2352	0.9003
0.2323	0.9177
0.3093	1.0663
0.3145	1.2017
0.2351	0.9155
0.2325	0.9972
0.3094	1.1115
0.3141	1.1753
0.2348	0.9240
0.2320	0.9955
0.3101	1.1405
0.3149	1.1547
0.2346	0.9262
0.2317	0.9957
0.3103	1.1635
0.3155	1.1345
0.2344	0.9178
0.2316	1.0195
0.3107	1.1925
0.3157	1.1045
0.2342	0.9142
0.2317	1.0145
0.3111	1.2125
0.3156	1.0935
0.2335	0.8837
0.2322	0.9617
0.3123	1.2090
0.3146	1.0755
0.2332	0.8715
0.2319	0.9850
0.3128	1.1970
0.3152	1.0520
0.2329	0.8265
0.2316	0.9830
0.3134	1.1808
0.3158	1.0537
0.2324	0.8072
0.2318	0.9593
0.3143	1.1563
0.3154	1.0260
0.2319	0.7957
0.2314	0.9387
0.3151	1.1550
0.3161	1.0270
0.2316	0.8068
0.2313	0.8880
0.3158	1.1068
0.3164	1.0308
0.2312	0.8025
0.2313	0.9000
0.3164	1.0830
0.3163	1.0248
0.2308	0.8113
0.2309	0.9678
0.3173	1.0635
0.3170	1.0352
0.2306	0.8222
0.2309	0.9325
0.3176	1.0507
0.3171	1.0440
0.2303	0.8335
0.2307	0.9827
0.3182	1.0292
0.3174	1.0412
0.2303	0.8480
0.2307	1.0298
0.3182	1.0333
0.3175	1.0597
0.2302	0.8652
0.2305	1.0888
0.3184	1.0238
0.3177	1.0553
0.2302	0.8850
0.2309	1.1065
0.3184	1.0217
0.3171	1.0415
0.2300	0.9035
0.2306	1.1802
0.3188	1.0292
0.3177	1.0675
0.2299	0.8948
0.2308	1.1615
0.3190	1.0142
0.3173	1.0563
0.2296	0.8793
0.2309	1.1795
0.3195	1.0177
0.3170	1.0582
0.2295	0.8632
0.2317	1.1855
0.3197	1.0078
0.3156	1.0343
0.2293	0.8340
0.2316	1.1363
0.3200	1.0003
0.3157	1.0005
0.2293	0.8187
0.2321	1.1522
0.3201	0.9845
0.3148	0.9830
0.2290	0.8080
0.2318	1.1425
0.3206	0.9702
0.3153	0.9610
0.3151	0.9313
0.2288	0.7960
0.2320	1.1280
0.3211	0.9635
0.3147	0.9220
0.2287	0.7863
0.2321	1.0557
0.3213	0.9592
0.3144	0.9025
0.2284	0.8008
0.2323	1.0723
0.3218	0.9578
0.3143	0.8798
0.2282	0.8032
0.2324	1.0380
0.3222	0.9505
0.3136	0.8865
0.2282	0.8313
0.2327	1.0865
0.3224	0.9718
0.3131	0.8792
0.2279	0.8587
0.2331	1.1062
0.3230	0.9793
0.3130	0.8937
0.2277	0.8760
0.2331	1.1417
0.3232	1.0120
0.3123	0.9137
0.2277	0.9022
0.2335	1.2135
0.3233	1.0350
0.3117	0.9247
0.2278	0.9255
0.2338	1.2777
0.3232	1.0555
0.3114	0.9360
0.2276	0.9313
0.2340	1.3107
0.3235	1.0853
0.3106	0.9518
0.2276	0.9557
0.2344	1.3562
0.3236	1.0975
0.3099	0.9682
0.2273	0.9627
0.2349	1.4120
0.3242	1.1198
0.3086	0.9822
0.2270	0.9413
0.2356	1.4367
0.3246	1.1260
0.3075	0.9902
0.2269	0.9303
0.2363	1.4435
0.3250	1.1485
0.3064	0.9745
0.2266	0.9180
0.2369	1.4370
0.3256	1.1408
0.3053	0.9795
0.2264	0.9040
0.2375	1.4000
0.3259	1.1505
0.3045	0.9615
0.2261	0.9045
0.2380	1.3752
0.3265	1.1260
0.3037	0.9487
0.2258	0.8902
0.2385	1.3123
0.3272	1.1150
0.3031	0.9430
0.2255	0.9033
0.2389	1.2543
0.3278	1.1022
0.3026	0.9420
0.2253	0.9310
0.2392	1.2000
0.3283	1.0752
0.3027	0.9445
0.2250	0.9212
0.2391	1.1715
0.3288	1.0600
0.3021	0.9410
0.2250	0.9420
0.2395	1.1498
0.3289	1.0415
0.3018	0.9487
0.2247	0.9892
0.2397	1.1420
0.3294	1.0252
0.3017	0.9505
0.2248	0.9827
0.2398	1.1472
0.3292	1.0062
0.3017	0.9673
0.2251	1.0105
0.2398	1.1613
0.3287	1.0000
0.3012	0.9720
0.2250	1.0267
0.2401	1.1918
0.3289	0.9928
0.3007	0.9833
0.2251	1.0060
0.2404	1.2123
0.3287	0.9928
0.3002	0.9988
0.2254	1.0163
0.2408	1.2237
0.3280	0.9962
0.2996	0.9820
0.2253	0.9918
0.2411	1.2343
0.3283	0.9963
0.2991	0.9855
0.2254	0.9545
0.2414	1.2418
0.3280	1.0050
0.2987	0.9970
0.2254	0.9490
0.2417	1.2090
0.3281	1.0040
0.2980	0.9900
0.2251	0.9310
0.2422	1.1837
0.3286	1.0062
0.2978	0.9688
0.2249	0.8975
0.2423	1.1552
0.3290	0.9980
0.2972	0.9595
0.2248	0.9178
0.2427	1.1268
0.3293	0.9952
0.2971	0.9517
0.2246	0.9062
0.2428	1.1012
0.3298	0.9752
0.2974	0.9320
0.2244	0.9095
0.2426	1.0895
0.3301	0.9585
0.2972	0.9362
0.2243	0.9337
0.2427	1.0885
0.3303	0.9538
0.2968	0.9227
0.2244	0.9353
0.2429	1.1040
0.3301	0.9393
0.2966	0.9515
0.2245	0.9482
0.2431	1.1257
0.3300	0.9360
0.2965	0.9298
0.2247	0.9557
0.2432	1.1497
0.3295	0.9158
0.2960	0.9452
0.2249	0.9565
0.2435	1.1870
0.3292	0.9135
0.2953	0.9523
0.2249	0.9510
0.2440	1.2090
0.3291	0.9173
0.2946	0.9200
0.2249	0.9335
0.2445	1.2258
0.3291	0.9313
0.2941	0.9795
0.2249	0.9045
0.2448	1.2395
0.3291	0.9405
0.2932	0.9845
0.2250	0.9155
0.2454	1.2385
0.3289	0.9723
0.2931	0.9423
0.2249	0.8732
0.2455	1.2350
0.3292	0.9970
0.2928	0.9398
0.2247	0.8532
0.2457	1.2020
0.3296	1.0120
0.2915	0.9405
0.2244	0.8440
0.2466	1.1703
0.3301	1.0298
0.2921	0.9050
0.2241	0.8405
0.2462	1.1400
0.3308	1.0438
0.2921	0.9077
0.2241	0.8695
0.2462	1.1100
0.3308	1.0735
0.2909	0.8487
0.2236	0.8573
0.2471	1.0930
0.3319	1.0757
0.2908	0.8300
0.2233	0.8607
0.2471	1.0792
0.3325	1.0783
0.2907	0.8575
0.2230	0.8808
0.2472	1.0882
0.3332	1.0820
0.2901	0.7935
0.2229	0.9050
0.2476	1.0953
0.3335	1.0725
0.2898	0.7838
0.2229	0.8652
0.2479	1.1183
0.3334	1.0515
0.2890	0.8225
0.2227	0.8927
0.2485	1.1373
0.3340	1.0415
0.2885	0.8288
0.2225	0.9053
0.2488	1.1700
0.3344	1.0297
0.2877	0.8777
0.2224	0.9010
0.2494	1.1985
0.3345	1.0020
0.2870	0.8853
0.2225	0.8973
0.2499	1.2225
0.3345	0.9863
0.2865	0.9318
0.2223	0.8500
0.2504	1.2545
0.3349	0.9525
0.2857	0.9603
0.2222	0.8703
0.2510	1.2480
0.3352	0.9538
0.2852	1.0242
0.2221	0.8688
0.2514	1.2467
0.3353	0.9407
0.2853	1.0735
0.2220	0.8670
0.2512	1.2098
0.3354	0.9293
0.2845	1.0795
0.2220	0.8652
0.2518	1.1852
0.3355	0.9322
0.2845	1.0845
0.2219	0.8888
0.2519	1.1200
0.3357	0.9393
0.2843	1.1385
0.2219	0.9158
0.2521	1.0940
0.3358	0.9530
0.2849	1.1327
0.2218	0.9065
0.2516	1.0630
0.3360	0.9580
0.2854	1.0900
0.2218	0.9145
0.2512	1.0213
0.3359	0.9800
0.2853	1.0840
0.2218	0.9205
0.2513	0.9975
0.3360	0.9732
0.2859	1.0562
0.2218	0.9363
0.2508	0.9802
0.3360	0.9903
0.3360	0.9850
0.2864	1.1015
0.2218	0.9318
0.2504	0.9973
0.3365	0.9953
0.2863	1.0565
0.2216	0.9295
0.2505	1.0120
0.3369	0.9967
0.2865	1.0572
0.2214	0.9335
0.2504	1.0560
0.3367	0.9983
0.2860	1.0803
0.2215	0.9290
0.2508	1.0773
0.3369	1.0003
0.2857	1.1185
0.2214	0.9282
0.2509	1.1350
0.3371	0.9757
0.2860	1.1015
0.2213	0.9045
0.2507	1.1483
0.3375	0.9615
0.2856	1.1195
0.2211	0.9223
0.2510	1.1680
0.3374	0.9525
0.2855	1.1500
0.2212	0.9440
0.2511	1.2102
0.3375	0.9593
0.2854	1.1695
0.2211	0.9308
0.2512	1.2115
0.3377	0.9620
0.2856	1.1723
0.2211	0.9410
0.2510	1.2033
0.3376	0.9695
0.2856	1.1293
0.2211	0.9545
0.2510	1.1840
0.3374	0.9690
0.2855	1.1438
0.2212	0.9673
0.2511	1.1703
0.3371	0.9915
0.2855	1.0940
0.2213	0.9335
0.2511	1.1490
0.3373	1.0100
0.2853	1.0605
0.2212	0.9580
0.2513	1.1497
0.3374	1.0292
0.2852	1.0075
0.2212	0.9543
0.2513	1.1557
0.3374	1.0515
0.2851	0.9780
0.2212	0.9560
0.2514	1.1773
0.3375	1.0810
0.2852	0.9552
0.2211	0.9298
0.2514	1.2048
0.3387	1.0902
0.2846	0.9245
0.2206	0.9310
0.2518	1.2332
0.3387	1.0985
0.2839	0.9295
0.2206	0.9210
0.2524	1.2843
0.3394	1.1055
0.2832	0.9295
0.2203	0.9300
0.2529	1.3427
0.3398	1.1110
0.2824	0.9347
0.2202	0.9213
0.2535	1.3885
0.3408	1.1038
0.2815	0.9220
0.2197	0.9237
0.2543	1.4285
0.3407	1.0773
0.2805	0.9480
0.2198	0.9690
0.2551	1.4390
0.3414	1.0507
0.2796	0.9695
0.2195	0.9495
0.2558	1.4360
0.3414	1.0210
0.2786	1.0137
0.2195	0.9718
0.2567	1.4255
0.3418	1.0003
0.2779	1.0150
0.2193	0.9575
0.2573	1.4012
0.3417	0.9765
0.2772	1.0270
0.2194	1.0050
0.2579	1.3602
0.3412	0.9545
0.2768	1.0363
0.2196	0.9838
0.2582	1.3157
0.3411	0.9480
0.2766	1.0395
0.2196	0.9892
0.2584	1.2635
0.3405	0.8930
0.2768	1.0262
0.2199	0.9670
0.2583	1.2050
0.3408	0.9195
0.2764	1.0055
0.2197	0.9800
0.2586	1.1855
0.3402	0.9627
0.2763	1.0170
0.2200	0.9788
0.2587	1.1828
0.3401	0.9830
0.2762	1.0162
0.2201	0.9613
0.2588	1.2040
0.3405	1.0005
0.2762	0.9995
0.2199	0.9660
0.2588	1.2310
0.3397	0.9440
0.2759	0.9462
0.2202	0.9730
0.2590	1.2595
0.3404	0.9650
0.2751	0.9592
0.2199	0.9955
0.2597	1.3013
0.3413	0.9805
0.2746	1.0105
0.2195	0.9902
0.2601	1.3465
0.3417	1.0063
0.2740	1.0017
0.2194	1.0162
0.2607	1.3738
0.3419	1.0160
0.2731	1.0130
0.2193	1.0440
0.2616	1.4337
0.3398	1.0640
0.2721	1.0480
0.2201	1.0668
0.2625	1.4625
0.3401	1.0205
0.2713	1.0575
0.2200	1.0740
0.2632	1.4720
0.3399	0.9647
0.2713	1.0495
0.2201	1.0770
0.2632	1.4655
0.3398	0.9420
0.2706	1.0363
0.2201	1.0777
0.2638	1.4460
0.3398	0.9300
0.2699	1.0430
0.2202	1.0693
0.2646	1.4255
0.3396	0.9800
0.2697	1.0465
0.2202	1.0377
0.2647	1.3980
0.3391	0.9625
0.2690	1.0323
0.2204	1.0420
0.2654	1.3607
0.3387	0.9568
0.2685	0.9695
0.2206	1.0220
0.2659	1.3278
0.3386	0.9400
0.2680	0.9672
0.2207	1.0080
0.2664	1.3248
0.3387	0.9485
0.2675	0.9390
0.2206	0.9755
0.2669	1.3130
0.3385	0.9565
0.2669	0.8868
0.2207	0.9892
0.2675	1.3040
0.3383	0.9663
0.2665	0.8827
0.2208	0.9813
0.2679	1.3160
0.3384	0.9855
0.2661	0.8562
0.2207	0.9853
0.2683	1.3260
0.3383	1.0075
0.2655	0.8783
0.2208	1.0033
0.2689	1.3405
0.3392	1.0112
0.2645	0.8480
0.2204	1.0232
0.2699	1.3830
0.3389	1.0218
0.2638	0.8657
0.2205	1.0512
0.2707	1.3848
0.3388	1.0375
0.2629	0.8772
0.2206	1.0487
0.2717	1.3995
0.3387	1.0298
0.2619	0.8840
0.2206	1.0612
0.2727	1.3990
0.3387	1.0298
0.2615	0.8730
0.2206	1.0552
0.2732	1.3732
0.3384	1.0005
0.2601	0.8868
0.2208	1.0807
0.2748	1.3355
0.3378	0.9793
0.2598	0.9050
0.2210	1.0550
0.2751	1.3302
0.3380	0.9552
0.2593	0.9130
0.2209	1.0592
0.2756	1.2718
0.3377	0.9505
0.2590	0.9283
0.2210	1.0425
0.2759	1.2067
0.3377	0.9223
0.2586	0.9125
0.2211	1.0300
0.2763	1.1943
0.3374	0.9173
0.2584	0.9540
0.2212	1.0213
0.2766	1.1313
0.3372	0.9110
0.2580	0.9483
0.2213	1.0048
0.2771	1.1082
0.3364	0.8985
0.2580	0.9400
0.2216	1.0030
0.2771	1.1155
0.3366	0.8987
0.2581	0.9083
0.2215	1.0025
0.2769	1.1143
0.3362	0.9088
0.2577	0.9470
0.2217	1.0290
0.2774	1.1223
0.3360	0.9145
0.2577	0.9530
0.2218	1.0337
0.2775	1.0980
0.3357	0.9237
0.2576	0.9500
0.2219	1.0435
0.2775	1.1285
0.3356	0.9423
0.2570	0.9557
0.2219	1.0498
0.2783	1.1525
0.3354	0.9440
0.2563	0.9682
0.2221	1.0615
0.2791	1.2033
0.3350	0.9670
0.2563	0.9575
0.2222	1.0515
0.2791	1.2058
0.3347	0.9710
0.2565	0.9803
0.2224	1.0545
0.2789	1.2305
0.3345	0.9775
0.2556	0.9910
0.2225	1.0458
0.2798	1.2485
0.3340	0.9767
0.2554	0.9862
0.2227	1.0410
0.2801	1.2205
0.3340	0.9688
0.2550	1.0160
0.2227	1.0395
0.2806	1.2090
0.3343	0.9567
0.2544	0.9867
0.2225	1.0080
0.2813	1.1985
0.3341	0.9470
0.2544	0.9705
0.2226	0.9978
0.2814	1.2075
0.3342	0.9432
0.2542	0.9555
0.2226	0.9768
0.2816	1.1595
0.3342	0.9423
0.2539	0.9300
0.2226	0.9613
0.2820	1.1245
0.3338	0.9355
0.2538	0.9092
0.2228	0.9592
0.2821	1.0860
0.3338	0.9370
0.2536	0.9025
0.2227	0.9630
0.2824	1.0565
0.3335	0.9460
0.2534	0.8522
0.2229	0.9522
0.2826	1.0275
0.3337	0.9723
0.2530	0.8352
0.2228	0.9747
0.2831	1.0180
0.3336	0.9958
0.2529	0.8347
0.2229	0.9813
0.2832	1.0083
0.3334	1.0025
0.2528	0.8135
0.2229	0.9737
0.2834	1.0065
0.3337	1.0262
0.2525	0.8313
0.2228	0.9730
0.2838	1.0018
0.3340	1.0490
0.2521	0.8185
0.2227	0.9855
0.2842	1.0042
0.3341	1.0547
0.2519	0.8197
0.2226	0.9857
0.2845	1.0005
0.3345	1.0592
0.2517	0.8403
0.2224	0.9765
0.2847	1.0170
0.3344	1.0658
0.2513	0.8430
0.2225	0.9658
0.2852	1.0175
0.3350	1.0402
0.2514	0.8565
0.2222	0.9775
0.2851	1.0050
0.3350	1.0182
0.2510	0.8615
0.2222	0.9730
0.2856	0.9905
0.3353	0.9885
0.2507	0.8630
0.2221	0.9543
0.2860	0.9720
0.3354	0.9513
0.2507	0.8618
0.2220	0.9460
0.2861	0.9437
0.3357	0.9260
0.2506	0.8675
0.2219	0.9607
0.2862	0.9210
0.3351	0.8920
0.2506	0.8505
0.2222	0.9803
0.2862	0.8937
0.3350	0.8660
0.2505	0.8678
0.2222	0.9760
0.2863	0.8665
0.3349	0.8577
0.2505	0.8840
0.2223	1.0030
0.2863	0.8405
0.3346	0.8483
0.2507	0.8927
0.2224	1.0193
0.2861	0.8045
0.3337	0.8373
0.2506	0.9312
0.2228	1.0480
0.2861	0.7855
0.3330	0.8540
0.2508	0.9235
0.2231	1.0593
0.2858	0.7698
0.3325	0.8847
0.2511	0.9345
0.2233	1.0845
0.2856	0.7645
0.3320	0.8945
0.2513	0.9632
0.2236	1.0890
0.2853	0.7575
0.3316	0.8913
0.2518	0.9770
0.2237	1.0940
0.2846	0.7672
0.3310	0.9192
0.2524	1.0058
0.2240	1.0905
0.2838	0.7662
0.3306	0.9235
0.2525	1.0155
0.2242	1.0985
0.2837	0.7840
0.3306	0.9458
0.2527	1.0177
0.2242	1.0810
0.2835	0.7960
0.3306	0.9503
0.2531	1.0232
0.2242	1.0677
0.2829	0.8207
0.3302	0.9577
0.2533	1.0065
0.2244	1.0773
0.2827	0.8438
0.3299	0.9425
0.2537	0.9830
0.2245	1.0490
0.2823	0.8508
0.3292	0.9360
0.2538	0.9825
0.2249	1.0613
0.2821	0.8395
0.3295	0.9093
0.2539	0.9808
0.2247	1.0663
0.2820	0.8393
0.3295	0.9025
0.2538	0.9623
0.2247	1.0840
0.2820	0.8380
0.2820	0.8458
0.3290	0.9102
0.2539	0.9567
0.2249	1.1180
0.2817	0.7813
0.3287	0.9180
0.2541	0.9353
0.2251	1.1330
0.2814	0.8320
0.3279	0.9225
0.2544	0.9343
0.2255	1.1540
0.2812	0.8243
0.3272	0.9090
0.2545	0.9380
0.2258	1.1722
0.2810	0.8200
0.3267	0.9250
0.2547	0.9555
0.2261	1.1687
0.2809	0.7985
0.3257	0.9375
0.2548	0.9678
0.2265	1.1675
0.2798	0.7952
0.3253	0.9780
0.2557	0.9610
0.2267	1.1815
0.2805	0.8263
0.3243	0.9975
0.2551	0.9828
0.2272	1.1648
0.2802	0.8565
0.3239	1.0190
0.2554	0.9932
0.2274	1.1445
0.2799	0.8183
0.3242	1.0330
0.2556	0.9875
0.2272	1.1550
0.2794	0.8597
0.3241	1.0433
0.2561	0.9905
0.2273	1.1393
0.2791	0.9575
0.3243	1.0375
0.2563	0.9842
0.2272	1.1152
0.2789	0.8637
0.3243	1.0300
0.2564	0.9760
0.2272	1.1080
0.2791	0.9135
0.3245	1.0340
0.2563	0.9728
0.2271	1.1377
0.2783	0.9360
0.3241	0.9997
0.2569	0.9510
0.2273	1.1520
0.2789	0.9245
0.3237	0.9785
0.2565	0.9387
0.2275	1.1780
0.2794	0.9750
0.3236	0.9458
0.2560	0.9410
0.2275	1.2170
0.2787	0.9770
0.3226	0.9295
0.2566	0.9235
0.2280	1.2138
0.2793	0.9070
0.3218	0.9170
0.2561	0.9103
0.2285	1.2363
0.2797	0.9445
0.3211	0.8990
0.2558	0.9105
0.2288	1.2295
0.2791	0.9150
0.3200	0.8993
0.2562	0.9115
0.2294	1.2217
0.2797	0.9110
0.3187	0.9020
0.2558	0.9295
0.2300	1.2355
0.2798	0.9493
0.3184	0.9250
0.2557	0.9430
0.2302	1.2140
0.2790	0.9015
0.3179	0.9488
0.2563	0.9405
0.2304	1.1930
0.2788	0.8747
0.3173	0.9630
0.2565	0.9550
0.2308	1.2070
0.2789	0.9170
0.3170	0.9870
0.2564	0.9607
0.2309	1.2000
0.2791	0.8530
0.3168	1.0048
0.2563	0.9577
0.2310	1.1773
0.2788	0.8588
0.3167	1.0205
0.2565	0.9577
0.2311	1.1915
0.2787	0.9362
0.3168	1.0110
0.2566	0.9607
0.2310	1.1928
0.2784	0.9280
0.3161	1.0133
0.2569	0.9472
0.2314	1.2045
0.2785	0.9380
0.3157	1.0098
0.2568	0.9345
0.2316	1.2450
0.2780	0.9060
0.3153	1.0257
0.2572	0.9203
0.2319	1.2518
0.2782	0.9125
0.3150	1.0015
0.2570	0.9010
0.2320	1.2827
0.2787	0.9180
0.3143	0.9757
0.2566	0.8945
0.2324	1.2965
0.2785	0.9165
0.3135	0.9840
0.2568	0.8750
0.2328	1.2850
0.2790	0.9087
0.3124	0.9620
0.2564	0.8655
0.2334	1.2758
0.2789	0.9992
0.3123	0.9635
0.2565	0.8555
0.2335	1.2938
0.2790	0.9395
0.3112	0.9623
0.2564	0.8615
0.2341	1.2748
0.2790	0.9610
0.3105	0.9722
0.2563	0.8677
0.2345	1.2633
0.2791	0.9405
0.3102	1.0182
0.2563	0.8708
0.2347	1.2525
0.2791	0.9252
0.3095	1.0142
0.2562	0.8905
0.2351	1.2330
0.2803	0.9743
0.3088	1.0108
0.2553	0.8965
0.2355	1.2370
0.2795	0.9707
0.3089	1.0490
0.2560	0.9018
0.2354	1.2383
0.2801	1.0048
0.3087	1.0560
0.2554	0.9142
0.2356	1.2502
0.2796	1.0245
0.3089	1.0322
0.2558	0.9175
0.2354	1.2410
0.2795	1.0477
0.3082	1.0335
0.2559	0.9165
0.2358	1.2397
0.2801	1.0255
0.3080	1.0213
0.2554	0.9090
0.2360	1.2263
0.2801	1.0580
0.3076	0.9955
0.2554	0.9043
0.2362	1.2690
0.2804	1.0302
0.3068	0.9893
0.2552	0.9010
0.2367	1.2450
0.2807	1.0572
0.3063	0.9388
0.2549	0.9090
0.2370	1.2527
0.2812	1.0492
0.3056	0.9363
0.2545	0.9043
0.2374	1.2385
0.2821	1.0345
0.3050	0.9232
0.2538	0.9112
0.2378	1.2435
0.2819	1.0355
0.3038	0.8980
0.2540	0.9165
0.2385	1.2138
0.2822	1.0010
0.3039	0.8975
0.2537	0.9073
0.2384	1.1987
0.2820	0.9562
0.3031	0.9183
0.2539	0.9077
0.2389	1.2040
0.2818	0.9217
0.3025	0.9262
0.2540	0.9230
0.2393	1.1998
0.2821	0.8725
0.3020	0.9347
0.2538	0.9472
0.2396	1.1905
0.2820	0.8968
0.3017	0.9488
0.2539	0.9620
0.2398	1.1672
0.2819	0.8865
0.3012	0.9357
0.2539	0.9805
0.2401	1.1938
0.2815	0.9150
0.3010	0.9610
0.2543	1.0025
0.2402	1.1930
0.2812	0.9630
0.3006	0.9583
0.2546	0.9917
0.2405	1.1897
0.2809	0.9378
0.3003	0.9415
0.2548	0.9957
0.2407	1.1958
0.2808	0.9393
0.2998	0.9457
0.2548	0.9965
0.2410	1.2173
0.2807	0.9588
0.2992	0.9213
0.2550	1.0040
0.2414	1.2200
0.2806	1.0213
0.2989	0.9137
0.2550	1.0035
0.2416	1.2252
0.2814	1.0347
0.2984	0.8892
0.2544	0.9932
0.2419	1.2250
0.2811	1.0223
0.2974	0.8805
0.2546	0.9923
0.2425	1.2470
0.2811	1.0175
0.2968	0.8850
0.2546	1.0007
0.2429	1.2338
0.2812	1.0072
0.2959	0.9135
0.2545	1.0072
0.2436	1.2245
0.2818	0.9918
0.2954	0.8995
0.2541	0.9945
0.2439	1.2355
0.2818	0.9477
0.2947	0.9223
0.2540	1.0183
0.2444	1.2285
0.2814	0.9757
0.2938	0.9565
0.2544	1.0108
0.2450	1.2000
0.2811	0.9527
0.2937	0.9662
0.2546	1.0302
0.2451	1.1885
0.2807	0.9677
0.2937	1.0040
0.2550	1.0655
0.2451	1.1715
0.2805	0.9478
0.2930	1.0160
0.2551	1.0878
0.2456	1.1713
0.2802	0.9415
0.2930	1.0390
0.2553	1.1170
0.2456	1.1638
0.2806	1.0078
0.2932	1.0492
0.2550	1.1495
0.2454	1.1302
0.2798	1.0350
0.2930	1.0305
0.2557	1.1590
0.2456	1.1150
0.2797	1.0725
0.2930	1.0177
0.2558	1.1520
0.2456	1.1285
0.2796	1.0652
0.2928	1.0140
0.2559	1.1828
0.2457	1.1048
0.2791	1.1180
0.2925	1.0060
0.2563	1.1850
0.2459	1.1120
0.2792	1.0845
0.2924	0.9803
0.2562	1.2165
0.2460	1.1157
0.2792	1.1233
0.2922	0.9640
0.2562	1.2263
0.2461	1.1100
0.2794	1.1047
0.2918	0.9435
0.2560	1.2233
0.2464	1.1167
0.2787	1.1030
0.2914	0.9395
0.2566	1.2400
0.2467	1.1010
0.2792	1.1000
0.2912	0.9525
0.2562	1.2693
0.2469	1.0938
0.2785	1.0570
0.2909	0.9590
0.2568	1.2580
0.2471	1.0930
0.2782	1.0295
0.2905	0.9913
0.2570	1.2860
0.2474	1.0920
0.2778	0.9860
0.2900	0.9953
0.2574	1.3227
0.2477	1.0683
0.2775	0.9935
0.2900	1.0185
0.2577	1.3165
0.2477	1.0460
0.2765	0.9490
0.2901	1.0267
0.2585	1.3335
0.2476	1.0135
0.2761	0.9750
0.2902	1.0500
0.2589	1.3458
0.2476	0.9958
0.2752	0.9870
0.2905	1.0530
0.2596	1.3678
0.2474	0.9708
0.2473	0.9488
0.2743	1.0013
0.2906	1.0642
0.2605	1.3738
0.2470	0.9498
0.2738	1.0183
0.2910	1.0688
0.2609	1.3860
0.2467	0.9482
0.2733	1.0662
0.2914	1.0533
0.2613	1.3592
0.2464	0.9573
0.2729	1.0730
0.2918	1.0505
0.2618	1.3752
0.2464	0.9475
0.2725	1.0942
0.2919	1.0350
0.2621	1.3260
0.2463	0.9587
0.2722	1.1203
0.2920	1.0217
0.2624	1.2988
0.2463	0.9725
0.2719	1.1430
0.2920	1.0008
0.2627	1.2830
0.2464	0.9725
0.2720	1.1355
0.2919	0.9908
0.2625	1.2528
0.2465	0.9878
0.2715	1.1307
0.2917	0.9757
0.2630	1.2380
0.2463	0.9940
0.2718	1.1215
0.2920	0.9852
0.2628	1.1970
0.2465	0.9925
0.2716	1.1485
0.2916	1.0130
0.2629	1.1692
0.2467	0.9800
0.2717	1.0757
0.2914	1.0152
0.2629	1.1420
0.2465	0.9988
0.2716	1.0450
0.2917	1.0415
0.2630	1.1295
0.2466	0.9693
0.2713	1.0450
0.2916	1.0502
0.2632	1.1098
0.2465	0.9808
0.2713	1.0335
0.2917	1.0643
0.2632	1.1410
0.2460	0.9743
0.2719	1.0900
0.2923	1.0852
0.2627	1.1330
0.2458	0.9655
0.2709	1.0363
0.2926	1.0775
0.2636	1.1483
0.2458	0.9957
0.2708	1.0413
0.2926	1.0838
0.2637	1.1780
0.2455	0.9840
0.2706	1.0345
0.2931	1.0995
0.2639	1.1660
0.2453	0.9805
0.2702	1.0315
0.2934	1.0902
0.2643	1.1690
0.2452	1.0170
0.2710	0.9992
0.2935	1.0635
0.2635	1.1733
0.2453	1.0080
0.2700	1.0445
0.2934	1.0583
0.2644	1.1540
0.2454	0.9813
0.2696	1.0407
0.2932	1.0415
0.2649	1.1565
0.2452	1.0172
0.2694	1.0242
0.2936	1.0155
0.2651	1.1512
0.2451	1.0292
0.2693	1.0160
0.2936	0.9882
0.2651	1.1405
0.2455	1.0102
0.2693	0.9352
0.2931	0.9695
0.2651	1.1460
0.2452	0.9932
0.2693	0.9590
0.2935	0.9705
0.2651	1.1373
0.2451	0.9680
0.2691	0.9527
0.2937	0.9710
0.2653	1.1433
0.2455	0.9490
0.2687	0.9655
0.2931	0.9477
0.2657	1.1615
0.2458	0.9340
0.2684	0.9365
0.2927	0.9583
0.2660	1.1823
0.2457	0.9203
0.2679	0.9235
0.2928	0.9673
0.2665	1.2072
0.2456	0.9130
0.2675	0.9357
0.2930	0.9755
0.2669	1.2458
0.2454	0.9427
0.2668	0.9463
0.2933	0.9698
0.2676	1.2775
0.2452	0.9200
0.2666	0.9540
0.2936	0.9700
0.2678	1.2995
0.2449	0.9158
0.2658	0.9697
0.2940	0.9830
0.2686	1.3108
0.2449	0.9400
0.2653	1.0008
0.2939	0.9947
0.2691	1.3177
0.2445	0.9505
0.2649	0.9718
0.2946	0.9998
0.2695	1.3385
0.2448	0.9810
0.2644	1.0070
0.2941	0.9815
0.2701	1.3192
0.2449	1.0187
0.2638	0.9652
0.2939	0.9875
0.2706	1.3070
0.2450	1.0122
0.2635	0.9495
0.2939	0.9860
0.2710	1.2907
0.2450	1.0160
0.2634	0.9287
0.2938	0.9773
0.2711	1.2670
0.2450	1.0232
0.2623	0.9030
0.2938	0.9620
0.2723	1.2527
0.2454	0.9987
0.2625	0.9125
0.2933	0.9695
0.2721	1.2308
0.2456	1.0023
0.2618	0.8662
0.2930	0.9923
0.2728	1.2157
0.2452	0.9750
0.2611	0.8653
0.2936	1.0125
0.2736	1.1892
0.2454	0.9848
0.2606	0.8280
0.2933	1.0258
0.2741	1.2233
0.2452	0.9960
0.2601	0.8488
0.2935	1.0430
0.2747	1.2175
0.2451	0.9535
0.2600	0.8230
0.2936	1.0880
0.2748	1.2047
0.2450	0.9568
0.2591	0.8490
0.2938	1.1118
0.2759	1.2012
0.2445	0.9948
0.2591	0.8785
0.2945	1.1333
0.2758	1.2093
0.2445	0.9873
0.2581	0.8950
0.2945	1.1587
0.2770	1.2090
0.2444	1.0025
0.2573	0.9367
0.2946	1.1972
0.2778	1.2203
0.2438	1.0248
0.2573	0.9052
0.2956	1.2070
0.2779	1.2268
0.2437	1.0335
0.2570	0.9280
0.2957	1.2225
0.2782	1.2305
0.2435	1.0510
0.2567	0.9115
0.2960	1.2183
0.2787	1.2518
0.2433	1.0137
0.2564	0.9480
0.2963	1.2107
0.2789	1.2145
0.2429	0.9940
0.2563	0.9587
0.2969	1.2130
0.2791	1.2142
0.2430	1.0258
0.2558	0.9182
0.2968	1.1875
0.2797	1.2405
0.2428	0.9828
0.2551	0.9152
0.2971	1.1825
0.2805	1.2525
0.2425	0.9747
0.2546	0.8678
0.2975	1.1765
0.2811	1.2690
0.2422	0.9470
0.2546	0.8807
0.2979	1.1577
0.2812	1.2880
0.2419	0.9875
0.2540	0.8093
0.2985	1.1510
0.2818	1.2850
0.2419	0.9537
0.2531	0.8050
0.2985	1.1797
0.2829	1.2857
0.2414	0.9295
0.2527	0.8458
0.2992	1.1817
0.2835	1.2875
0.2411	0.9445
0.2515	0.8140
0.2996	1.2010
0.2850	1.3083
0.2409	0.9840
0.2512	0.7880
0.3000	1.2270
0.2854	1.2967
0.2410	1.0298
0.2502	0.8050
0.2998	1.2387
0.2867	1.2902
0.2403	1.0165
0.2496	0.8733
0.3008	1.2423
0.2875	1.2888
0.2398	1.0740
0.2494	0.8810
0.3016	1.2508
0.2877	1.2765
0.2395	1.0690
0.2484	0.9060
0.3021	1.2310
0.2891	1.2465
0.2394	1.0725
0.2481	0.9193
0.3023	1.2480
0.2894	1.2418
0.2394	1.0288
0.2479	0.9290
0.3023	1.2363
0.2898	1.2235
0.2392	1.0362
0.2479	0.9518
0.3026	1.1750
0.2898	1.2025
0.2393	1.0437
0.2477	0.9518
0.3024	1.1572
0.2900	1.2033
0.2393	1.0060
0.2472	0.9600
0.3025	1.1307
0.2907	1.1655
0.2388	0.9743
0.2472	0.9505
0.3032	1.0982
0.2908	1.1675
0.2386	0.9300
0.2466	0.9327
0.3036	1.0833
0.2916	1.1565
0.2387	0.9375
0.2465	0.9213
0.3034	1.0910
0.2917	1.1353
0.2385	0.9100
0.2464	0.8858
0.3037	1.1163
0.2919	1.1245
0.2381	0.9318
0.2459	0.9213
0.3044	1.1065
0.2926	1.1258
0.2380	0.9443
0.2455	0.9220
0.3046	1.1322
0.2931	1.0832
0.2377	0.9603
0.2452	0.9708
0.3051	1.1567
0.2936	1.0655
0.2375	0.9593
0.2453	0.9783
0.3054	1.2090
0.2934	1.0482
0.2370	0.9705
0.2448	0.9608
0.3063	1.2373
0.2941	1.0075
0.2373	1.0072
0.2448	0.9960
0.3057	1.2595
0.2942	1.0085
0.2935	0.9963
0.2367	1.0170
0.2452	1.0165
0.3067	1.2858
0.2932	0.9878
0.2364	1.0295
0.2454	1.0160
0.3073	1.3000
0.2929	0.9820
0.2359	1.0245
0.2457	0.9753
0.3080	1.3000
0.2927	0.9778
0.2356	1.0070
0.2458	0.9995
0.3087	1.2830
0.2928	0.9708
0.2353	0.9742
0.2457	0.9680
0.3091	1.2995
0.2928	0.9740
0.2350	0.9620
0.2457	0.9272
0.3097	1.2652
0.2931	0.9815
0.2347	0.9567
0.2455	0.9013
0.3102	1.2510
0.2935	0.9848
0.2344	0.9325
0.2452	0.8730
0.3106	1.2280
0.2937	1.0005
0.2339	0.9460
0.2451	0.8765
0.3115	1.2205
0.2942	0.9863
0.2337	0.9540
0.2447	0.8607
0.3119	1.2218
0.2943	0.9778
0.2334	0.9627
0.2446	0.8468
0.3125	1.2305
0.2946	0.9660
0.2331	0.9828
0.2445	0.8665
0.3129	1.2510
0.2948	0.9485
0.2327	0.9975
0.2443	0.8882
0.3137	1.2698
0.2948	0.9360
0.2325	1.0250
0.2443	0.9112
0.3140	1.2645
0.2950	0.9280
0.2324	1.0435
0.2442	0.9442
0.3143	1.2898
0.2950	0.9302
0.2321	1.0880
0.2442	0.9797
0.3149	1.3213
0.2948	0.9312
0.2318	1.0642
0.2443	1.0017
0.3154	1.3210
0.2946	0.9402
0.2315	1.0902
0.2445	1.0295
0.3160	1.3265
0.2941	0.9477
0.2313	1.0845
0.2448	1.0327
0.3163	1.3055
0.2939	0.9460
0.2310	1.0408
0.2449	1.0530
0.3168	1.3107
0.2935	0.9620
0.2309	1.0235
0.2452	1.0455
0.3171	1.3053
0.2934	0.9633
0.2304	1.0120
0.2453	1.0425
0.3180	1.2810
0.2932	0.9852
0.2302	0.9957
0.2454	1.0413
0.3185	1.2595
0.2934	1.0000
0.2302	0.9895
0.2453	1.0200
0.3184	1.2485
0.2931	1.0057
0.2295	1.0052
0.2455	1.0008
0.3197	1.2335
0.2936	1.0080
0.2291	0.9635
0.2452	0.9832
0.3206	1.2202
0.2934	0.9960
0.2289	0.9985
0.2453	0.9762
0.3209	1.2312
0.2936	0.9820
0.2287	1.0050
0.2452	0.9717
0.3213	1.2515
0.2938	0.9640
0.2286	1.0045
0.2450	0.9743
0.3215	1.2865
0.2940	0.9545
0.2286	1.0380
0.2449	0.9642
0.3215	1.2943
0.2939	0.9400
0.2281	1.0685
0.2449	1.0125
0.3224	1.3077
0.2937	0.9377
0.2279	1.0445
0.2451	1.0295
0.3228	1.3338
0.2934	0.9225
0.2276	1.0495
0.2453	1.0482
0.3235	1.3725
0.2932	0.9232
0.2272	1.0185
0.2454	1.0687
0.3242	1.3932
0.2930	0.9273
0.2268	0.9830
0.2456	1.0870
0.3251	1.4153
0.2923	0.9412
0.2266	0.9775
0.2460	1.0928
0.3256	1.4122
0.2919	0.9598
0.2259	0.9638
0.2464	1.0860
0.3270	1.4017
0.2914	0.9592
0.2254	0.9583
0.2467	1.0738
0.3281	1.3933
0.2913	0.9795
0.2247	0.9698
0.2468	1.0585
0.3295	1.3690
0.2913	0.9750
0.2242	0.9760
0.2468	1.0593
0.3306	1.3433
0.2913	0.9480
0.2237	0.9550
0.2468	1.0260
0.3317	1.3040
0.2916	1.0085
0.2235	0.9785
0.2466	1.0065
0.3322	1.2675
0.2915	1.0075
0.2232	0.9818
0.2467	0.9943
0.3329	1.2225
0.2918	0.9920
0.2232	1.0203
0.2464	1.0038
0.3329	1.1822
0.2915	0.9718
0.2231	1.0325
0.2466	1.0015
0.3330	1.1547
0.2910	0.9533
0.2230	1.0572
0.2470	0.9995
0.3332	1.1393
0.2919	0.9367
0.2230	1.0260
0.2464	1.0188
0.3333	1.1238
0.2917	0.9390
0.2229	1.0468
0.2465	1.0460
0.3334	1.0918
0.2911	0.9270
0.2231	1.0235
0.2469	1.0690
0.3330	1.0920
0.2908	0.9545
0.2230	0.9732
0.2472	1.0835
0.3333	1.0885
0.2905	0.9943
0.2229	0.9615
0.2473	1.0882
0.3335	1.1038
0.2902	0.9440
0.2225	0.9370
0.2476	1.0935
0.3344	1.1140
0.2897	0.9365
0.2227	0.9480
0.2480	1.0862
0.3339	1.1205
0.2894	0.9828
0.2225	0.9127
0.2481	1.0737
0.3344	1.1340
0.2893	0.9682
0.2220	0.9177
0.2482	1.0525
0.3356	1.1348
0.2894	1.0645
0.2216	0.8927
0.2481	1.0325
0.3363	1.1295
0.2894	1.0175
0.2213	0.9380
0.2482	1.0140
0.3372	1.1328
0.2891	1.1193
0.2212	0.9217
0.2484	0.9842
0.3373	1.1375
0.2896	1.1320
0.2209	0.9050
0.2480	0.9700
0.3380	1.1238
0.2894	1.1267
0.2208	0.9540
0.2482	0.9547
0.3382	1.1238
0.2911	1.0828
0.2206	0.9657
0.2470	0.9637
0.3388	1.0970
0.2902	1.1315
0.2206	0.9710
0.2476	0.9665
0.3388	1.0780
0.2919	1.1318
0.2206	0.9572
0.2463	0.9753
0.3388	1.0585
0.2922	1.0662
0.2204	0.9620
0.2462	0.9875
0.3393	1.0460
0.3395	1.0425
0.2922	1.1010
0.2203	0.9598
0.2461	1.0220
0.3393	1.0278
0.2914	1.0668
0.2204	0.9928
0.2467	1.0720
0.3397	1.0295
0.2922	1.0893
0.2202	0.9625
0.2462	1.0767
0.3396	1.0402
0.2918	1.0295
0.2202	0.9690
0.2464	1.1188
0.3399	1.0387
0.2909	1.0900
0.2201	1.0035
0.2471	1.1237
0.3401	1.0317
0.2907	1.0780
0.2200	0.9840
0.2472	1.1265
0.3397	1.0468
0.2910	1.1685
0.2202	0.9920
0.2470	1.1218
0.3403	1.0490
0.2904	1.1208
0.2199	1.0040
0.2474	1.0922
0.3404	1.0493
0.2904	1.1242
0.2199	1.0098
0.2474	1.0752
0.3402	1.0460
0.2916	1.1705
0.2200	1.0218
0.2466	1.0577
0.3406	1.0525
0.2914	1.2240
0.2198	1.0160
0.2467	1.0187
0.3406	1.0455
0.2922	1.1223
0.2198	0.9978
0.2461	0.9777
0.3407	1.0308
0.2927	1.1935
0.2198	1.0023
0.2458	1.0020
0.3405	1.0135
0.2926	1.1577
0.2199	0.9950
0.2459	0.9477
0.3405	1.0075
0.2928	1.0785
0.2199	0.9863
0.2457	0.9563
0.3410	0.9910
0.2942	1.1050
0.2197	0.9955
0.2447	0.9685
0.3408	0.9720
0.2934	1.0893
0.2198	0.9863
0.2453	0.9773
0.3410	0.9647
0.2937	1.0755
0.2197	0.9878
0.2451	1.0175
0.3409	0.9905
0.2940	1.0645
0.2197	0.9920
0.2449	1.0430
0.3407	1.0060
0.2937	1.1105
0.2198	0.9990
0.2451	1.0645
0.3405	1.0070
0.2938	1.0177
0.2199	1.0177
0.2450	1.0962
0.3403	1.0207
0.2942	1.1022
0.2200	1.0087
0.2448	1.1198
0.3402	1.0365
0.2937	1.0840
0.2200	1.0215
0.2451	1.1023
0.3405	1.0385
0.2930	1.0910
0.2199	1.0200
0.2456	1.1302
0.3406	1.0573
0.2936	1.1000
0.2198	1.0160
0.2452	1.1138
0.3407	1.0712
0.2929	1.1280
0.2198	1.0133
0.2457	1.1070
0.3410	1.0807
0.2931	1.1040
0.2196	1.0155
0.2455	1.0968
0.3413	1.0807
0.2934	1.1178
0.2195	1.0177
0.2453	1.0883
0.3413	1.0548
0.2933	1.1430
0.2195	1.0093
0.2453	1.0910
0.3416	1.0472
0.2935	1.0983
0.2194	1.0240
0.2453	1.0853
0.3418	1.0195
0.2941	1.1398
0.2193	1.0005
0.2448	1.1195
0.3418	1.0008
0.2943	1.0972
0.2193	1.0270
0.2447	1.1362
0.3417	0.9882
0.2942	1.0670
0.2194	1.0468
0.2448	1.1722
0.3415	0.9880
0.2939	1.0570
0.2194	1.0620
0.2450	1.2062
0.3412	0.9867
0.2938	1.0473
0.2196	1.0755
0.2450	1.2507
0.3412	0.9700
0.2932	1.0120
0.2196	1.0867
0.2454	1.2775
0.3404	1.0082
0.2925	1.0237
0.2199	1.0725
0.2459	1.3142
0.3400	1.0355
0.2916	1.0535
0.2201	1.0610
0.2466	1.3405
0.3396	1.0672
0.2908	1.0908
0.2203	1.0508
0.2472	1.3370
0.3396	1.0808
0.2900	1.0900
0.2203	1.0242
0.2477	1.3375
0.3391	1.1115
0.2896	1.1240
0.2205	1.0363
0.2480	1.2915
0.3403	1.1412
0.2893	1.1530
0.2200	1.0168
0.2482	1.2732
0.3411	1.1440
0.2893	1.1878
0.2196	0.9898
0.2483	1.2570
0.3419	1.1552
0.2897	1.2165
0.2193	0.9793
0.2480	1.2248
0.3425	1.0930
0.2896	1.2217
0.2190	0.9672
0.2480	1.2015
0.3429	1.0967
0.2903	1.2250
0.2189	0.9695
0.2475	1.1930
0.3433	1.0513
0.2904	1.1972
0.2187	0.9910
0.2474	1.1700
0.3436	1.0217
0.2904	1.1643
0.2186	1.0065
0.2474	1.1813
0.3437	0.9673
0.2906	1.1223
0.2186	1.0310
0.2473	1.2057
0.3425	0.9730
0.2903	1.1192
0.2191	1.0552
0.2475	1.2277
0.3421	0.9270
0.2901	1.0877
0.2192	1.0390
0.2476	1.2795
0.3417	0.9587
0.2898	1.0642
0.2194	1.0485
0.2479	1.3108
0.3414	0.9700
0.2890	1.0512
0.2195	1.0537
0.2485	1.3373
0.3404	0.9803
0.2883	1.0413
0.2199	1.0692
0.2490	1.3655
0.3406	1.0380
0.2878	1.0452
0.2198	1.0470
0.2493	1.3682
0.3403	1.0460
0.2872	1.0455
0.2199	1.0230
0.2498	1.3817
0.3412	1.0303
0.2863	1.0553
0.2196	1.0187
0.2505	1.3912
0.3416	1.0720
0.2857	1.0547
0.2194	1.0027
0.2510	1.3845
0.3416	1.0880
0.2853	1.0555
0.2194	0.9932
0.2513	1.3895
0.3423	1.0598
0.2850	1.0470
0.2191	0.9825
0.2515	1.3695
0.3426	1.1052
0.2846	1.0175
0.2190	0.9945
0.2518	1.3120
0.3420	1.0640
0.2843	1.0387
0.2193	0.9980
0.2521	1.2888
0.3430	1.0330
0.2836	0.9963
0.2188	1.0060
0.2526	1.2860
0.3427	1.0157
0.2828	0.9733
0.2190	0.9900
0.2532	1.3123
0.3424	0.9987
0.2826	0.9723
0.2191	1.0150
0.2534	1.3465
0.3429	0.9885
0.2824	0.9432
0.2189	1.0210
0.2536	1.3318
0.3428	1.0207
0.2823	0.9223
0.2189	1.0188
0.2536	1.3675
0.3423	1.0062
0.2810	0.9115
0.2191	1.0098
0.2547	1.4240
0.3422	0.9885
0.2799	0.8975
0.2192	0.9875
0.2556	1.4082
0.3419	1.0418
0.2790	0.8913
0.2193	0.9750
0.2563	1.4660
0.3418	1.0280
0.2784	0.9045
0.2193	0.9855
0.2568	1.4817
0.3420	1.0360
0.2772	0.8790
0.2192	0.9640
0.2579	1.5142
0.3430	1.0830
0.2756	0.9118
0.2189	0.9610
0.2593	1.4890
0.3427	1.1123
0.2749	0.9185
0.2190	0.9508
0.2599	1.4440
0.3440	1.1023
0.2737	0.9172
0.2185	0.9415
0.2610	1.4027
0.3439	1.1168
0.2735	0.9315
0.2185	0.9527
0.2612	1.3922
0.3445	1.1123
0.2725	0.9385
0.2182	0.9425
0.2621	1.3373
0.3451	1.0833
0.2722	0.9418
0.2180	0.9635
0.2624	1.2535
0.3460	1.0923
0.2719	0.9577
0.2176	1.0190
0.2627	1.2110
0.3457	1.0362
0.2717	0.9475
0.2178	0.9817
0.2629	1.1872
0.3457	1.0168
0.2715	0.9482
0.2177	0.9783
0.2631	1.1975
0.3460	0.9562
0.2712	0.9618
0.2176	0.9872
0.2633	1.1645
0.3458	0.9138
0.2709	0.9630
0.2177	0.9737
0.2636	1.1665
0.3444	0.8872
0.2711	0.9655
0.2183	0.9750
0.2634	1.1833
0.3453	0.8942
0.2701	0.9715
0.2179	0.9673
0.2643	1.2063
0.3448	0.8970
0.2698	0.9783
0.2181	0.9585
0.2647	1.2370
0.3437	0.8930
0.2695	0.9815
0.2185	0.9645
0.2649	1.2692
0.3437	0.8947
0.2692	1.0015
0.2185	0.9610
0.2652	1.2885
0.3439	0.9225
0.2687	0.9932
0.2185	0.9110
0.2657	1.3240
0.3439	0.9268
0.2683	1.0128
0.2185	0.9370
0.2661	1.2882
0.3443	0.9217
0.2677	1.0105
0.2183	0.9380
0.2667	1.2777
0.3443	0.9595
0.2671	0.9970
0.2183	0.9420
0.2673	1.2683
0.3442	0.9635
0.2668	0.9762
0.2183	0.9675
0.2676	1.2617
0.3447	0.9518
0.2663	0.9753
0.2182	0.9435
0.2681	1.2025
0.3450	0.9630
0.2662	0.9658
0.2180	0.9797
0.2682	1.1752
0.3444	0.9383
0.2659	0.9510
0.2183	0.9670
0.2685	1.1402
0.3442	0.9185
0.2657	0.9442
0.2184	0.9775
0.2688	1.1120
0.3436	0.9098
0.2651	0.9165
0.2186	0.9795
0.2693	1.0922
0.3441	0.8750
0.2654	0.9093
0.2184	0.9832
0.2690	1.0820
0.3436	0.8700
0.2653	0.9100
0.2186	0.9992
0.2692	1.0865
0.3436	0.8645
0.2650	0.9085
0.2186	0.9877
0.2694	1.0895
0.3429	0.8673
0.2647	0.9140
0.2189	0.9892
0.2697	1.0895
0.3426	0.8813
0.2643	0.9308
0.2190	0.9773
0.2702	1.0803
0.3421	0.8895
0.2639	0.9495
0.2192	1.0157
0.2706	1.0993
0.3420	0.8800
0.2637	0.9547
0.2193	0.9932
0.2708	1.1098
0.3415	0.9000
0.2634	0.9410
0.2194	1.0197
0.2711	1.0885
0.3413	0.9137
0.2632	0.9318
0.2195	1.0440
0.2713	1.0655
0.3414	0.9327
0.2631	0.9450
0.2195	1.0347
0.2715	1.0670
