#rho	velocity
0.3227	1.4027
0.3667	1.2953
0.2280	1.3955
0.2102	1.4078
0.3219	1.4012
0.3668	1.2782
0.2284	1.4008
0.2101	1.4055
0.3223	1.3730
0.3657	1.2735
0.2282	1.4047
0.2105	1.4140
0.3222	1.4032
0.3657	1.2643
0.2283	1.3910
0.2105	1.4132
0.3220	1.3938
0.3656	1.2930
0.2284	1.3922
0.2105	1.4158
0.3223	1.3862
0.3650	1.3207
0.2282	1.3762
0.2107	1.4460
0.3228	1.4258
0.3644	1.3265
0.2280	1.3717
0.2110	1.5043
0.3225	1.4050
0.3644	1.3633
0.2281	1.3790
0.2109	1.5630
0.3236	1.4050
0.3638	1.3760
0.2275	1.3973
0.2111	1.6358
0.3236	1.3983
0.3638	1.3767
0.2275	1.3957
0.2111	1.7000
0.3229	1.4075
0.3633	1.3775
0.2279	1.4110
0.2113	1.7580
0.3230	1.3717
0.3621	1.3963
0.2278	1.4270
0.2117	1.7923
0.3228	1.3760
0.3604	1.3645
0.2279	1.4298
0.2123	1.8205
0.3223	1.3318
0.3589	1.3375
0.2282	1.4403
0.2128	1.8358
0.3220	1.3380
0.3572	1.3262
0.2283	1.4283
0.2134	1.8208
0.3222	1.3832
0.3551	1.3215
0.2282	1.4165
0.2142	1.8053
0.3216	1.3960
0.3541	1.3017
0.2285	1.3848
0.2145	1.7627
0.3214	1.4377
0.3526	1.3080
0.2287	1.3537
0.2151	1.7388
0.3214	1.4432
0.3511	1.3190
0.2287	1.3075
0.2157	1.7082
0.3217	1.4660
0.3511	1.3060
0.2285	1.2885
0.2156	1.6870
0.3222	1.4463
0.3510	1.3087
0.2282	1.2715
0.2157	1.6845
0.3232	1.4643
0.3504	1.2965
0.2277	1.2715
0.2159	1.6995
0.3246	1.4528
0.3496	1.3120
0.2271	1.2912
0.2162	1.7552
0.3252	1.4655
0.3491	1.3332
0.2268	1.3100
0.2164	1.7995
0.3257	1.4380
0.3477	1.3173
0.2265	1.3422
0.2170	1.8725
0.3259	1.4118
0.3459	1.3095
0.2264	1.3787
0.2177	1.9170
0.3257	1.3833
0.3443	1.3197
0.2265	1.4145
0.2183	1.9627
0.3247	1.3605
0.3420	1.3278
0.2270	1.4515
0.2193	1.9897
0.3246	1.3708
0.3400	1.3245
0.2270	1.4780
0.2201	2.0030
0.3237	1.3955
0.3380	1.3403
0.2275	1.5058
0.2209	2.0142
0.3229	1.3960
0.3366	1.3535
0.2279	1.5168
0.2215	2.0027
0.3226	1.4187
0.3353	1.3647
0.2280	1.5095
0.2221	1.9925
0.3227	1.4918
0.3341	1.3605
0.2280	1.4890
0.2226	1.9768
0.3229	1.4738
0.3333	1.3613
0.2279	1.4757
0.2230	1.9605
0.3234	1.5195
0.3322	1.3675
0.2276	1.4515
0.2235	1.9515
0.3233	1.5300
0.3310	1.3620
0.2277	1.4353
0.2240	1.9750
0.3238	1.5243
0.3300	1.3563
0.2275	1.4205
0.2245	2.0087
0.3248	1.4945
0.3281	1.3617
0.2270	1.4182
0.2254	2.0270
0.3246	1.4677
0.3267	1.3470
0.2271	1.4175
0.2260	2.0750
0.3252	1.4352
0.3251	1.3690
0.2268	1.4197
0.2268	2.0967
0.3249	1.4200
0.3233	1.3767
0.2269	1.4222
0.2277	2.1113
0.3248	1.3955
0.3212	1.3730
0.2270	1.4355
0.2287	2.1008
0.3243	1.4025
0.3199	1.3783
0.2272	1.4400
0.2294	2.0687
0.3240	1.3880
0.3179	1.3782
0.2274	1.4425
0.2305	2.0485
0.3237	1.3983
0.3168	1.3645
0.2275	1.4320
0.2310	2.0190
0.3233	1.4180
0.3157	1.3630
0.2277	1.4167
0.2316	1.9687
0.3229	1.4182
0.3149	1.3607
0.2279	1.4275
0.2320	1.9115
0.3240	1.4220
0.3139	1.3533
0.2273	1.4043
0.2326	1.8710
0.3234	1.4020
0.3130	1.3665
0.2276	1.4187
0.2331	1.7880
0.3244	1.3838
0.3119	1.3587
0.2271	1.4380
0.2337	1.7972
0.3249	1.3632
0.3111	1.3840
0.2269	1.4735
0.2342	1.7413
0.3246	1.3517
0.3103	1.3905
0.2271	1.5198
0.2346	1.7522
0.3246	1.2775
0.3096	1.4023
0.2270	1.5687
0.2350	1.7762
0.3236	1.3533
0.3096	1.3948
0.2275	1.6283
0.2350	1.8147
0.3226	1.2940
0.3083	1.4365
0.2280	1.7053
0.2358	1.8065
0.3210	1.3270
0.3087	1.4365
0.2288	1.7678
0.2355	1.8508
0.3195	1.3520
0.3079	1.4487
0.2296	1.8060
0.2360	1.8595
0.3180	1.3720
0.3067	1.4165
0.2304	1.8598
0.2367	1.8592
0.3178	1.3840
0.3050	1.3817
0.2305	1.8728
0.2378	1.8512
0.3160	1.4217
0.3048	1.3640
0.2315	1.8810
0.2378	1.8015
0.3159	1.4545
0.3033	1.3377
0.2315	1.8642
0.2388	1.8282
0.3153	1.4843
0.3026	1.3367
0.2318	1.8440
0.2392	1.8063
0.3147	1.4968
0.3014	1.3592
0.2322	1.8410
0.2400	1.7780
0.3137	1.4312
0.3009	1.3815
0.2327	1.8202
0.2403	1.7055
0.3133	1.4708
0.3002	1.3458
0.2329	1.8142
0.2407	1.7017
0.3128	1.4305
0.2996	1.3720
0.2332	1.8247
0.2411	1.6552
0.3123	1.4210
0.2992	1.3630
0.2335	1.8405
0.2414	1.6283
0.3112	1.4223
0.2990	1.3862
0.2341	1.8365
0.2415	1.6080
0.3101	1.4553
0.2990	1.4268
0.2347	1.8728
0.2415	1.6240
0.3093	1.4520
0.2984	1.4282
0.2352	1.8702
0.2419	1.6175
0.3082	1.4535
0.2982	1.4310
0.2358	1.8805
0.2421	1.6030
0.3071	1.4213
0.2978	1.4223
0.2364	1.8867
0.2423	1.5763
0.3067	1.4128
0.2974	1.4020
0.2367	1.8922
0.2426	1.5307
0.3057	1.4267
0.2973	1.4037
0.2373	1.8865
0.2426	1.5415
0.3053	1.4212
0.2968	1.4307
0.2375	1.8610
0.2430	1.4895
0.3046	1.3973
0.2966	1.4210
0.2380	1.8430
0.2431	1.4553
0.2432	1.4605
0.3035	1.3525
0.2965	1.4440
0.2387	1.8170
0.2430	1.4038
0.3022	1.3528
0.2967	1.4708
0.2395	1.8432
0.2431	1.3970
0.3015	1.3402
0.2966	1.4677
0.2399	1.8363
0.2426	1.3802
0.3011	1.3133
0.2973	1.4807
0.2402	1.8705
0.2425	1.3878
0.3000	1.3405
0.2976	1.4675
0.2409	1.9073
0.2425	1.3878
0.2986	1.3567
0.2975	1.4580
0.2418	1.9387
0.2418	1.4207
0.2977	1.3690
0.2986	1.4425
0.2424	1.9683
0.2418	1.4760
0.2967	1.3893
0.2986	1.4223
0.2430	1.9112
0.2418	1.4747
0.2953	1.3650
0.2986	1.3932
0.2440	1.9618
0.2422	1.5045
0.2945	1.3990
0.2980	1.3823
0.2446	1.9592
0.2423	1.4945
0.2931	1.4587
0.2978	1.3670
0.2455	1.9793
0.2428	1.5530
0.2916	1.4485
0.2971	1.3532
0.2466	1.9538
0.2437	1.5627
0.2923	1.4718
0.2957	1.3575
0.2461	1.9325
0.2436	1.5550
0.2907	1.5097
0.2959	1.3543
0.2472	1.9205
0.2439	1.5300
0.2902	1.5185
0.2954	1.3625
0.2476	1.8565
0.2440	1.5707
0.2896	1.5400
0.2952	1.3815
0.2480	1.8200
0.2441	1.5385
0.2890	1.5510
0.2951	1.3813
0.2484	1.7817
0.2442	1.4560
0.2888	1.5277
0.2950	1.3850
0.2486	1.8435
0.2442	1.4853
0.2883	1.5000
0.2951	1.4005
0.2490	1.8032
0.2442	1.4695
0.2887	1.4808
0.2950	1.3845
0.2487	1.8083
0.2446	1.4672
0.2884	1.4365
0.2944	1.3572
0.2489	1.8025
0.2446	1.4720
0.2877	1.4328
0.2944	1.3563
0.2494	1.7992
0.2446	1.4903
0.2870	1.4263
0.2944	1.3433
0.2499	1.7700
0.2446	1.5215
0.2856	1.4060
0.2944	1.3730
0.2510	1.7272
0.2449	1.5295
0.2848	1.3880
0.2939	1.4242
0.2517	1.7302
0.2453	1.5100
0.2836	1.4015
0.2933	1.4757
0.2526	1.6915
0.2455	1.5212
0.2830	1.4195
0.2931	1.5430
0.2531	1.6460
0.2460	1.5332
0.2832	1.4417
0.2924	1.6130
0.2529	1.6125
0.2459	1.5235
0.2830	1.4887
0.2925	1.6620
0.2530	1.5620
0.2454	1.5042
0.2831	1.4972
0.2932	1.7500
0.2530	1.5227
0.2450	1.4850
0.2836	1.5158
0.2938	1.8248
0.2526	1.4677
0.2444	1.4515
0.2840	1.5057
0.2947	1.9142
0.2523	1.4272
0.2436	1.4165
0.2842	1.4775
0.2958	1.9465
0.2521	1.4392
0.2430	1.3775
0.2844	1.4627
0.2968	1.9788
0.2519	1.4265
0.2420	1.3652
0.2844	1.4488
0.2982	1.9965
0.2520	1.4175
0.2413	1.3720
0.2844	1.4243
0.2993	2.0158
0.2520	1.4418
0.2401	1.3865
0.2843	1.4088
0.3012	2.0355
0.2521	1.4475
0.2397	1.3992
0.2838	1.4018
0.3018	2.0525
0.2524	1.4408
0.2389	1.4393
0.2836	1.4180
0.3032	2.0945
0.2526	1.4890
0.2380	1.4838
0.2836	1.4290
0.3045	2.1070
0.2526	1.4680
0.2528	1.4740
0.2375	1.5018
0.2833	1.4318
0.3054	2.1360
0.2527	1.4978
0.2369	1.5505
0.2834	1.4563
0.3065	2.1168
0.2526	1.4625
0.2361	1.5587
0.2836	1.4718
0.3077	2.1405
0.2528	1.4788
0.2355	1.5605
0.2833	1.4665
0.3088	2.1283
0.2525	1.4765
0.2349	1.5725
0.2838	1.4477
0.3098	2.1045
0.2525	1.4315
0.2342	1.5470
0.2837	1.4387
0.3111	2.0735
0.2526	1.4158
0.2337	1.5185
0.2836	1.4197
0.3119	2.0600
0.2523	1.4292
0.2332	1.5153
0.2839	1.4015
0.3128	2.0113
0.2527	1.4007
0.2326	1.4965
0.2834	1.3870
0.3140	1.9865
0.2529	1.4227
0.2322	1.4782
0.2832	1.3762
0.3147	1.9680
0.2527	1.4158
0.2317	1.4992
0.2835	1.3837
0.3155	1.9735
0.2527	1.3982
0.2309	1.4887
0.2835	1.3830
0.3170	1.9747
0.2529	1.4240
0.2307	1.5092
0.2832	1.3888
0.3174	2.0073
0.2530	1.4082
0.2301	1.5495
0.2831	1.4168
0.3185	2.0137
0.2531	1.4040
0.2296	1.5615
0.2830	1.4245
0.3194	2.0293
0.2529	1.4217
0.2291	1.5680
0.2832	1.4447
0.3206	2.0225
0.2528	1.4218
0.2285	1.5780
0.2834	1.4455
0.3216	2.0250
0.2528	1.3992
0.2279	1.5645
0.2834	1.4515
0.3228	2.0020
0.2526	1.3697
0.2276	1.5395
0.2836	1.4352
0.3234	1.9837
0.2527	1.3605
0.2272	1.5043
0.2835	1.4200
0.3242	1.9693
0.2524	1.3620
0.2269	1.4702
0.2838	1.4003
0.3249	1.9165
0.2524	1.3622
0.2263	1.4648
0.2839	1.3897
0.3262	1.8975
0.2523	1.3650
0.2262	1.4413
0.2840	1.3760
0.3265	1.8797
0.2522	1.3850
0.2255	1.4400
0.2841	1.3670
0.3277	1.8768
0.2523	1.4015
0.2248	1.4495
0.2840	1.3785
0.3292	1.8655
0.2524	1.4227
0.2245	1.4658
0.2838	1.3655
0.3300	1.8800
0.2524	1.4640
0.2241	1.4877
0.2838	1.3785
0.3308	1.8637
0.2526	1.4803
0.2235	1.5112
0.2835	1.3718
0.3322	1.9100
0.2529	1.5043
0.2232	1.5570
0.2833	1.3895
0.3328	1.8790
0.2530	1.5017
0.2230	1.6055
0.2831	1.3865
0.3332	1.8607
0.2531	1.4792
0.2227	1.6740
0.2829	1.4230
0.3338	1.8602
0.2535	1.4667
0.2225	1.6745
0.2825	1.3955
0.3344	1.8308
0.2537	1.4645
0.2221	1.6562
0.2823	1.4365
0.3352	1.7790
0.2536	1.4212
0.2223	1.6463
0.2823	1.4068
0.3348	1.7400
0.2538	1.4048
0.2223	1.6467
0.2821	1.5125
0.3349	1.7220
0.2532	1.3865
0.2226	1.6565
0.2829	1.5318
0.3341	1.6860
0.2533	1.3670
0.2225	1.6705
0.2827	1.5030
0.3343	1.6600
0.2530	1.3667
0.2222	1.6908
0.2831	1.6122
0.3350	1.6277
0.2530	1.3485
0.2223	1.7013
0.2830	1.5645
0.3349	1.6290
0.2516	1.3638
0.2223	1.7350
0.2849	1.6178
0.3349	1.6140
0.2513	1.4163
0.2224	1.7135
0.2853	1.6285
0.3345	1.6150
0.2517	1.4422
0.2226	1.7715
0.2847	1.6853
0.3342	1.6000
0.2505	1.4340
0.2228	1.8173
0.2862	1.6567
0.3338	1.6055
0.2509	1.4275
0.2230	1.8498
0.2858	1.6927
0.3332	1.6025
0.2506	1.4085
0.2235	1.8425
0.2862	1.5937
0.3322	1.5813
0.2505	1.4117
0.2236	1.7700
0.2863	1.6257
0.3319	1.5633
0.2503	1.3790
0.2243	1.7502
0.2866	1.6750
0.3305	1.5095
0.2502	1.3595
0.2244	1.7300
0.2867	1.6345
0.3303	1.5178
0.2497	1.3560
0.2247	1.7047
0.2873	1.7325
0.3294	1.5013
0.2493	1.3277
0.2249	1.6805
0.2879	1.7530
0.3291	1.4958
0.2486	1.3090
0.2245	1.6615
0.2888	1.7655
0.3299	1.4962
0.2481	1.3093
0.2250	1.6385
0.2896	1.8090
0.3289	1.4925
0.2471	1.3065
0.2249	1.6560
0.2908	1.8445
0.3291	1.5040
0.2462	1.3490
0.2251	1.6617
0.2921	1.8542
0.3287	1.4935
0.2453	1.3885
0.2254	1.6865
0.2934	1.8648
0.3281	1.4875
0.2449	1.4008
0.2253	1.7437
0.2940	1.8185
0.3283	1.4883
0.2441	1.4280
0.2257	1.7713
0.2951	1.8138
0.3273	1.5115
0.2436	1.4343
0.2259	1.7802
0.2958	1.7437
0.3270	1.4837
0.3258	1.4760
0.2435	1.4365
0.2265	1.7735
0.2959	1.7275
0.3249	1.4215
0.2435	1.4253
0.2269	1.7775
0.2960	1.6927
0.3245	1.4288
0.2436	1.3785
0.2271	1.7722
0.2959	1.6655
0.3234	1.4278
0.2434	1.3375
0.2276	1.7440
0.2962	1.6415
0.3228	1.4108
0.2434	1.3160
0.2279	1.7568
0.2961	1.6602
0.3224	1.4317
0.2428	1.2695
0.2281	1.7467
0.2971	1.6860
0.3206	1.4358
0.2421	1.2438
0.2290	1.7255
0.2980	1.7143
0.3211	1.4435
0.2415	1.2292
0.2288	1.7492
0.2991	1.7698
0.3207	1.4690
0.2406	1.2060
0.2290	1.7412
0.3004	1.7970
0.3198	1.4912
0.2396	1.2012
0.2295	1.7323
0.3020	1.8565
0.3193	1.5170
0.2387	1.2047
0.2297	1.7312
0.3034	1.8440
0.3189	1.5870
0.2380	1.2295
0.2299	1.6982
0.3045	1.8588
0.3182	1.5497
0.2373	1.2515
0.2303	1.6867
0.3057	1.8770
0.3178	1.5488
0.2366	1.2540
0.2305	1.6627
0.3069	1.8795
0.3179	1.5370
0.2359	1.2480
0.2305	1.5978
0.3081	1.8700
0.3180	1.5057
0.2355	1.2507
0.2304	1.5575
0.3088	1.8847
0.3184	1.4957
0.2350	1.2410
0.2302	1.5368
0.3097	1.9128
0.3183	1.5065
0.2344	1.2183
0.2302	1.4995
0.3107	1.9198
0.3184	1.4905
0.2335	1.1863
0.2302	1.4790
0.3122	1.9457
0.3185	1.4847
0.2327	1.1672
0.2301	1.4735
0.3138	1.9503
0.3182	1.4885
0.2317	1.1623
0.2303	1.4825
0.3156	1.9792
0.3181	1.4820
0.2307	1.1452
0.2304	1.4888
0.3175	1.9795
0.3183	1.5127
0.2297	1.1267
0.2302	1.4895
0.3194	1.9875
0.3180	1.5242
0.2284	1.1370
0.2304	1.4885
0.3219	1.9733
0.3181	1.5242
0.2275	1.1475
0.2303	1.4862
0.3237	1.9487
0.3182	1.5487
0.2267	1.1662
0.2303	1.4630
0.3252	1.9272
0.3182	1.5463
0.2261	1.1732
0.2303	1.4370
0.3265	1.8700
0.3188	1.5183
0.2253	1.1813
0.2300	1.4133
0.3283	1.8465
0.3191	1.5132
0.2248	1.1987
0.2298	1.3730
0.3294	1.8220
0.3193	1.5003
0.2243	1.2123
0.2297	1.3460
0.3304	1.8110
0.3200	1.4882
0.2238	1.1990
0.2294	1.3163
0.3315	1.8063
0.3203	1.4705
0.2235	1.2035
0.2292	1.3033
0.3322	1.8147
0.3204	1.4772
0.2229	1.2140
0.2291	1.3040
0.3336	1.8222
0.3209	1.4797
0.2221	1.2150
0.2289	1.3185
0.3354	1.8165
0.3212	1.5430
0.2215	1.2118
0.2287	1.3498
0.3368	1.8225
0.3217	1.5915
0.2207	1.2143
0.2285	1.3765
0.3386	1.8108
0.3217	1.6355
0.2200	1.2155
0.2285	1.4092
0.3401	1.8010
0.3223	1.6747
0.2193	1.2107
0.2282	1.4290
0.3419	1.7970
0.3224	1.6943
0.2189	1.2322
0.2281	1.4418
0.3430	1.7640
0.3233	1.6992
0.2183	1.2272
0.2277	1.4392
0.3443	1.7342
0.3244	1.7053
0.2180	1.2147
0.2271	1.4377
0.3451	1.6968
0.3250	1.7212
0.2178	1.1977
0.2269	1.4167
0.3456	1.6573
0.3256	1.7083
0.2172	1.1825
0.2266	1.4002
0.3471	1.6045
0.3262	1.7473
0.2169	1.1933
0.2263	1.3755
0.3478	1.6060
0.3267	1.7280
0.2166	1.1668
0.2260	1.3500
0.3487	1.5755
0.3273	1.7138
0.2161	1.1640
0.2257	1.3377
0.3500	1.5315
0.3281	1.7322
0.2157	1.1580
0.2254	1.3290
0.3511	1.5023
0.3289	1.7327
0.2153	1.1735
0.2250	1.3360
0.3521	1.4392
0.3303	1.7370
0.2150	1.1855
0.2243	1.3575
0.3530	1.4130
0.3543	1.3743
0.3314	1.7600
0.2145	1.2155
0.2238	1.3650
0.3541	1.3530
0.3325	1.7773
0.2145	1.2663
0.2233	1.3702
0.3541	1.3235
0.3337	1.7750
0.2146	1.2748
0.2228	1.3820
0.3537	1.3048
0.3342	1.7478
0.2147	1.3125
0.2226	1.3780
0.3534	1.2680
0.3345	1.7245
0.2148	1.3082
0.2225	1.3698
0.3526	1.2605
0.3354	1.7597
0.2151	1.3365
0.2221	1.3610
0.3522	1.2735
0.3363	1.7157
0.2153	1.3242
0.2217	1.3300
0.3523	1.2788
0.3368	1.7510
0.2152	1.3128
0.2215	1.3137
0.3519	1.3315
0.3371	1.7597
0.2154	1.3150
0.2213	1.2933
0.3520	1.3502
0.3383	1.7747
0.2153	1.2782
0.2208	1.2767
0.3524	1.3835
0.3404	1.7648
0.2152	1.2887
0.2199	1.2955
0.3528	1.3980
0.3413	1.7680
0.2150	1.2837
0.2195	1.3175
0.3532	1.4203
0.3438	1.7332
0.2149	1.3130
0.2185	1.3515
0.3541	1.4405
0.3450	1.7483
0.2146	1.3238
0.2181	1.3922
0.3552	1.4425
0.3460	1.7350
0.2142	1.3412
0.2176	1.4473
0.3549	1.4427
0.3463	1.6727
0.2142	1.3675
0.2175	1.5013
0.3550	1.4347
0.3468	1.6778
0.2142	1.3662
0.2173	1.5712
0.3550	1.4445
0.3457	1.6240
0.2142	1.3875
0.2178	1.6210
0.3548	1.4125
0.3453	1.6083
0.2143	1.3710
0.2179	1.6587
0.3545	1.4045
0.3450	1.5650
0.2144	1.3800
0.2180	1.6925
0.3542	1.4112
0.3444	1.5547
0.2145	1.3395
0.2183	1.7075
0.3546	1.3890
0.3438	1.5548
0.2144	1.3302
0.2185	1.7080
0.3546	1.4040
0.3438	1.6017
0.2144	1.3165
0.2185	1.7075
0.3551	1.4085
0.3438	1.5987
0.2142	1.3077
0.2185	1.7023
0.3558	1.4340
0.3430	1.5745
0.2139	1.3105
0.2189	1.6922
0.3568	1.4130
0.3426	1.5730
0.2136	1.3157
0.2190	1.6942
0.3565	1.4093
0.3431	1.5730
0.2137	1.3668
0.2188	1.7025
0.3572	1.4142
0.3431	1.5540
0.2134	1.3908
0.2188	1.7305
0.3573	1.4285
0.3429	1.5377
0.2134	1.4278
0.2189	1.7998
0.3576	1.4267
0.3422	1.5657
0.2133	1.4617
0.2192	1.8140
0.3567	1.3888
0.3415	1.5628
0.2136	1.4958
0.2194	1.8867
0.3556	1.4012
0.3408	1.5305
0.2140	1.4880
0.2198	1.9453
0.3552	1.3898
0.3397	1.5143
0.2141	1.4840
0.2202	1.9850
0.3552	1.3717
0.3377	1.5015
0.2142	1.4748
0.2211	2.0195
0.3549	1.3330
0.3372	1.5010
0.2142	1.4708
0.2213	2.0255
0.3541	1.3745
0.3352	1.4965
0.2146	1.4663
0.2221	2.0273
0.3543	1.3985
0.3336	1.4692
0.2145	1.4585
0.2228	2.0190
0.3548	1.4115
0.3324	1.4638
0.2143	1.4520
0.2234	1.9920
0.3547	1.4140
0.3311	1.4280
0.2143	1.4655
0.2240	1.9398
0.3541	1.4240
0.3303	1.4010
0.2145	1.4903
0.2243	1.9672
0.3544	1.4475
0.3296	1.3875
0.2144	1.5067
0.2247	1.9450
0.3541	1.4340
0.3284	1.3823
0.2145	1.5320
0.2252	1.9548
0.3542	1.4138
0.3279	1.3577
0.2145	1.5705
0.2254	1.9690
0.3539	1.4335
0.3264	1.3512
0.2146	1.5885
0.2262	1.9908
0.3533	1.4395
0.3248	1.3437
0.2149	1.5800
0.2270	2.0322
0.3526	1.4355
0.3231	1.3135
0.2151	1.5670
0.2278	2.0695
0.3519	1.4525
0.3214	1.3193
0.2154	1.5275
0.2287	2.0935
0.3509	1.4520
0.3194	1.2908
0.2157	1.5040
0.2297	2.0985
0.3509	1.4565
0.3177	1.3037
0.2157	1.4912
0.2306	2.0945
0.3506	1.4633
0.3160	1.3030
0.2158	1.4490
0.2315	2.0555
0.3511	1.5087
0.3139	1.3027
0.2157	1.4460
0.2326	2.0160
0.3522	1.4872
0.3125	1.3115
0.2152	1.4543
0.2333	1.9687
0.3529	1.5032
0.3114	1.3382
0.2150	1.4658
0.2340	1.9152
0.3530	1.4768
0.3104	1.3638
0.2150	1.4908
0.2346	1.8910
0.3536	1.4665
0.3097	1.3823
0.2147	1.5250
0.2350	1.8663
0.3541	1.4992
0.3089	1.4030
0.2145	1.5620
0.2354	1.8348
0.3527	1.4382
0.3083	1.4007
0.2151	1.6170
0.2357	1.7988
0.3518	1.4597
0.3081	1.4207
0.2154	1.6398
0.2359	1.8447
0.3505	1.4912
0.3074	1.4320
0.2159	1.6380
0.2363	1.8407
0.3492	1.4760
0.3066	1.4268
0.2164	1.6505
0.2368	1.9002
0.3496	1.4533
0.3057	1.4205
0.2163	1.6255
0.2373	1.9250
0.3479	1.5233
0.3050	1.4020
0.2169	1.6145
0.2378	1.9300
0.3485	1.5343
0.3034	1.4033
0.2167	1.5945
0.2387	1.9417
0.3494	1.5438
0.3027	1.3802
0.2163	1.5772
0.2392	1.9120
0.3493	1.5858
0.3008	1.3777
0.2163	1.5700
0.2403	1.8620
0.3499	1.5270
0.2995	1.3712
0.2161	1.5500
0.2412	1.8298
0.3505	1.5423
0.2986	1.3848
0.2159	1.5358
0.2418	1.8207
0.3503	1.5047
0.2982	1.3695
0.2160	1.5390
0.2421	1.7835
0.3497	1.4540
0.2976	1.3655
0.2162	1.5610
0.2424	1.7537
0.3496	1.4635
0.2977	1.3625
0.2162	1.5940
0.2423	1.7030
0.3490	1.4485
0.2973	1.3555
0.2165	1.6285
0.2426	1.6692
0.3480	1.4172
0.2971	1.3275
0.2168	1.6427
0.2428	1.6613
0.3476	1.4155
0.2960	1.3043
0.2170	1.6223
0.2435	1.6332
0.3468	1.4413
0.2957	1.2903
0.2173	1.6023
0.2437	1.6280
0.3461	1.4237
0.2948	1.2910
0.2176	1.5827
0.2443	1.6357
0.3455	1.4377
0.2940	1.3020
0.2178	1.5888
0.2449	1.6345
0.3450	1.4407
0.2928	1.3107
0.2180	1.5927
0.2457	1.6270
0.3453	1.4215
0.2924	1.3105
0.2179	1.5948
0.2460	1.5883
0.3458	1.4053
0.2918	1.3292
0.2177	1.6060
0.2464	1.5903
0.3458	1.3817
0.2918	1.3605
0.2177	1.6195
0.2465	1.5548
0.3454	1.3777
0.2916	1.3775
0.2179	1.6387
0.2466	1.5265
0.3444	1.3490
0.2916	1.4148
0.2183	1.6830
0.2466	1.4812
0.3435	1.3478
0.2912	1.4210
0.2186	1.7392
0.2468	1.4510
0.3420	1.3392
0.2912	1.4365
0.2192	1.7948
0.2468	1.4073
0.3405	1.3393
0.2915	1.4155
0.2199	1.8395
0.2467	1.3960
0.3394	1.3233
0.2915	1.4130
0.2203	1.8612
0.2467	1.3650
0.2465	1.3595
0.3372	1.3450
0.2916	1.4055
0.2213	1.8688
0.2463	1.3490
0.3362	1.3535
0.2919	1.4147
0.2217	1.8612
0.2461	1.3635
0.3353	1.3680
0.2923	1.4138
0.2221	1.8383
0.2462	1.3630
0.3342	1.3785
0.2921	1.4012
0.2226	1.8195
0.2460	1.3680
0.3330	1.3577
0.2924	1.4177
0.2231	1.8023
0.2460	1.3773
0.3324	1.3855
0.2924	1.4280
0.2234	1.7833
0.2461	1.3948
0.3319	1.3912
0.2923	1.4378
0.2236	1.7640
0.2462	1.3962
0.3314	1.3795
0.2921	1.4338
0.2239	1.7813
0.2462	1.3985
0.3306	1.3878
0.2921	1.4508
0.2242	1.7568
0.2461	1.4062
0.3295	1.4048
0.2923	1.4490
0.2247	1.7698
0.2459	1.3975
0.3284	1.4115
0.2925	1.4357
0.2252	1.7735
0.2458	1.3892
0.3280	1.4183
0.2927	1.4303
0.2254	1.7850
0.2456	1.3505
0.3265	1.4223
0.2929	1.4205
0.2261	1.8002
0.2456	1.3437
0.3261	1.4143
0.2930	1.4143
0.2263	1.8020
0.2455	1.3262
0.3251	1.4315
0.2931	1.4030
0.2268	1.7652
0.2456	1.3205
0.3246	1.4358
0.2930	1.4035
0.2271	1.7380
0.2456	1.3420
0.3240	1.4245
0.2930	1.4023
0.2273	1.7258
0.2454	1.3682
0.3233	1.4292
0.2933	1.4152
0.2277	1.6852
0.2453	1.3913
0.3223	1.4320
0.2933	1.4195
0.2282	1.6955
0.2451	1.4005
0.3224	1.4342
0.2936	1.4165
0.2282	1.7020
0.2449	1.3735
0.3220	1.4465
0.2939	1.4278
0.2283	1.7647
0.2451	1.4395
0.3217	1.4772
0.2937	1.4280
0.2285	1.8115
0.2451	1.4380
0.3211	1.4823
0.2937	1.4195
0.2288	1.8502
0.2453	1.4572
0.3206	1.5082
0.2935	1.4052
0.2290	1.8847
0.2453	1.4458
0.3195	1.5213
0.2934	1.3940
0.2296	1.9687
0.2449	1.4443
0.3180	1.5292
0.2940	1.3835
0.2304	2.0010
0.2457	1.3970
0.3172	1.5355
0.2928	1.3892
0.2308	2.0147
0.2456	1.3848
0.3157	1.5482
0.2930	1.4053
0.2316	2.0063
0.2460	1.3502
0.3147	1.5512
0.2924	1.4182
0.2322	2.0237
0.2458	1.3630
0.3133	1.5675
0.2927	1.4458
0.2329	1.9805
0.2457	1.3917
0.3125	1.5712
0.2929	1.4670
0.2334	1.9367
0.2452	1.3383
0.3120	1.5720
0.2936	1.5085
0.2336	1.9132
0.2448	1.3625
0.3119	1.5810
0.2941	1.5420
0.2337	1.8695
0.2444	1.3355
0.3112	1.5575
0.2946	1.5860
0.2341	1.8750
0.2443	1.3583
0.3113	1.5707
0.2948	1.6000
0.2340	1.8395
0.2440	1.3722
0.3108	1.5565
0.2953	1.6167
0.2343	1.8170
0.2437	1.3975
0.3104	1.5355
0.2958	1.6560
0.2345	1.8623
0.2434	1.3935
0.3101	1.5353
0.2961	1.6465
0.2347	1.8860
0.2430	1.3920
0.3085	1.5063
0.2968	1.6692
0.2356	1.8975
0.2429	1.3620
0.3081	1.4480
0.2969	1.6935
0.2359	1.9195
0.2427	1.3602
0.3075	1.4372
0.2971	1.7243
0.2362	1.8878
0.2421	1.3370
0.3058	1.4225
0.2981	1.7675
0.2373	1.8633
0.2418	1.3270
0.3052	1.4197
0.2985	1.7865
0.2376	1.8325
0.2412	1.3327
0.3038	1.4505
0.2995	1.8020
0.2385	1.7797
0.2404	1.3410
0.3024	1.4300
0.3007	1.8192
0.2393	1.7185
0.2398	1.3453
0.3023	1.4322
0.3018	1.8440
0.2394	1.7055
0.2386	1.3640
0.3022	1.4400
0.3035	1.8173
0.2395	1.6340
0.2381	1.3840
0.3024	1.4110
0.3044	1.8345
0.2394	1.6058
0.2376	1.4223
0.3024	1.4165
0.3053	1.8202
0.2393	1.5605
0.2374	1.4655
0.3028	1.4565
0.3056	1.8188
0.2391	1.5408
0.2370	1.4685
0.3024	1.4433
0.3062	1.8105
0.2393	1.5433
0.2369	1.4867
0.3022	1.4355
0.3064	1.7737
0.2395	1.5767
0.2367	1.4735
0.3017	1.4400
0.3068	1.7945
0.2398	1.5928
0.2366	1.4735
0.3012	1.4352
0.3069	1.8122
0.2401	1.5945
0.2364	1.4410
0.3009	1.4497
0.3072	1.8390
0.2403	1.5745
0.2359	1.4015
0.3005	1.4635
0.3081	1.8357
0.2405	1.5715
0.2354	1.3753
0.2996	1.4853
0.3089	1.8580
0.2411	1.5733
0.2345	1.3827
0.2996	1.5168
0.3104	1.8705
0.2411	1.5662
0.2338	1.3533
0.2995	1.5253
0.3117	1.8515
0.2412	1.5550
0.2406	1.5705
0.2330	1.3443
0.3005	1.5207
0.3132	1.8262
0.2406	1.4993
0.2322	1.3618
0.3005	1.5092
0.3146	1.7995
0.2405	1.4498
0.2316	1.3853
0.3006	1.4973
0.3157	1.7905
0.2404	1.4483
0.2313	1.4277
0.3008	1.4765
0.3162	1.7590
0.2405	1.4425
0.2312	1.4507
0.3006	1.4588
0.3165	1.7380
0.2409	1.4875
0.2311	1.4960
0.3000	1.4425
0.3166	1.7365
0.2404	1.5047
0.2311	1.5370
0.3007	1.4305
0.3167	1.7470
0.2406	1.5115
0.2310	1.5485
0.3005	1.4127
0.3168	1.7577
0.2408	1.5172
0.2309	1.5430
0.3001	1.3967
0.3170	1.7883
0.2410	1.5235
0.2307	1.5825
0.2998	1.3925
0.3174	1.8297
0.2411	1.5030
0.2304	1.5870
0.2997	1.3808
0.3180	1.8585
0.2414	1.5427
0.2300	1.5433
0.2991	1.3725
0.3188	1.8748
0.2416	1.5360
0.2294	1.5410
0.2988	1.3530
0.3199	1.8852
0.2418	1.5112
0.2287	1.5315
0.2986	1.3348
0.3212	1.8875
0.2420	1.4865
0.2286	1.5527
0.2983	1.3140
0.3216	1.8732
0.2423	1.4735
0.2283	1.5665
0.2978	1.3008
0.3221	1.8405
0.2424	1.4475
0.2276	1.5848
0.2976	1.2668
0.3234	1.8233
0.2427	1.4362
0.2274	1.6173
0.2972	1.2313
0.3239	1.7805
0.2429	1.4385
0.2272	1.6287
0.2970	1.2350
0.3243	1.7207
0.2430	1.4707
0.2273	1.6613
0.2967	1.2332
0.3240	1.6958
0.2431	1.4537
0.2275	1.6190
0.2966	1.2335
0.3237	1.6735
0.2435	1.4875
0.2275	1.6540
0.2959	1.2440
0.3237	1.6460
0.2440	1.5283
0.2277	1.6310
0.2952	1.2703
0.3233	1.6213
0.2442	1.5555
0.2278	1.6550
0.2950	1.3037
0.3231	1.6098
0.2448	1.5910
0.2282	1.5735
0.2941	1.3395
0.3223	1.5878
0.2449	1.6063
0.2277	1.5502
0.2940	1.3558
0.3233	1.5687
0.2453	1.6215
0.2277	1.5380
0.2934	1.3955
0.3233	1.5192
0.2458	1.5998
0.2275	1.5148
0.2927	1.4297
0.3237	1.5060
0.2459	1.5820
0.2277	1.5335
0.2926	1.4275
0.3233	1.4872
0.2460	1.5378
0.2272	1.4890
0.2924	1.4288
0.3243	1.4558
0.2461	1.5232
0.2273	1.5300
0.2923	1.4427
0.3241	1.4210
0.2463	1.4985
0.2277	1.5545
0.2920	1.4597
0.3233	1.4135
0.2461	1.4505
0.2278	1.5107
0.2923	1.4870
0.3231	1.3895
0.2460	1.4457
0.2283	1.4853
0.2923	1.5042
0.3222	1.3722
0.2461	1.4345
0.2285	1.5187
0.2922	1.5255
0.3216	1.3632
0.2459	1.4612
0.2288	1.5132
0.2926	1.5455
0.3210	1.3580
0.2458	1.4668
0.2292	1.4928
0.2927	1.5615
0.3204	1.3700
0.2453	1.5140
0.2288	1.4882
0.2933	1.5870
0.3212	1.3655
0.2452	1.5333
0.2289	1.4695
0.2936	1.6027
0.3210	1.3575
0.2449	1.5487
0.2288	1.4477
0.2939	1.6127
0.3211	1.3775
0.2451	1.5748
0.2289	1.4440
0.2937	1.6485
0.3208	1.3555
0.2451	1.5858
0.2290	1.4290
0.2937	1.6250
0.3208	1.3590
0.2452	1.5845
0.2291	1.4868
0.2935	1.6225
0.3206	1.3612
0.2452	1.5743
0.2294	1.4790
0.2935	1.6145
0.3199	1.3327
0.2453	1.5725
0.2293	1.4920
0.2933	1.6178
0.3201	1.3358
0.2450	1.5560
0.2298	1.4753
0.2938	1.6297
0.3192	1.3455
0.2453	1.5737
0.2299	1.4672
0.2934	1.6568
0.3189	1.3423
0.2449	1.5635
0.2301	1.4430
0.2940	1.6830
0.3186	1.3370
0.2447	1.5995
0.2304	1.4112
0.2943	1.7360
0.3180	1.3403
0.3179	1.3320
0.2444	1.6287
0.2305	1.4167
0.2947	1.7825
0.3182	1.3633
0.2442	1.6673
0.2303	1.3877
0.2950	1.8248
0.3182	1.3595
0.2441	1.7050
0.2303	1.3780
0.2951	1.8907
0.3184	1.3705
0.2438	1.7232
0.2302	1.3777
0.2956	1.8712
0.3184	1.3985
0.2436	1.7515
0.2302	1.3958
0.2959	1.8822
0.3184	1.4072
0.2435	1.7378
0.2302	1.4090
0.2960	1.8898
0.3187	1.3907
0.2431	1.7170
0.2300	1.4417
0.2966	1.9130
0.3185	1.4015
0.2431	1.6833
0.2301	1.4758
0.2966	1.9102
0.3185	1.4263
0.2431	1.6762
0.2302	1.5110
0.2966	1.9042
0.3181	1.4327
0.2431	1.6445
0.2304	1.5175
0.2966	1.8918
0.3178	1.4537
0.2426	1.6107
0.2305	1.5180
0.2974	1.9007
0.3172	1.4483
0.2419	1.6065
0.2308	1.5005
0.2984	1.8930
0.3167	1.4627
0.2414	1.5797
0.2311	1.4772
0.2991	1.8965
0.3167	1.4712
0.2411	1.5928
0.2311	1.4562
0.2997	1.9795
0.3167	1.4827
0.2407	1.5850
0.2311	1.4155
0.3003	2.0323
0.3171	1.4987
0.2401	1.5978
0.2309	1.3902
0.3012	2.0257
0.3176	1.5210
0.2398	1.5917
0.2306	1.3698
0.3017	2.0360
0.3183	1.5092
0.2394	1.5685
0.2303	1.3397
0.3023	2.0488
0.3188	1.4815
0.2386	1.5283
0.2300	1.3258
0.3035	2.0555
0.3194	1.4892
0.2380	1.4905
0.2297	1.3338
0.3046	2.0588
0.3201	1.4480
0.2376	1.4542
0.2293	1.3285
0.3052	2.0530
0.3202	1.4450
0.2368	1.3915
0.2292	1.3623
0.3066	2.0518
0.3202	1.4643
0.2360	1.3505
0.2293	1.3690
0.3080	2.0517
0.3199	1.4695
0.2351	1.3320
0.2294	1.3648
0.3094	2.0388
0.3199	1.4382
0.2343	1.2940
0.2294	1.3585
0.3109	2.0155
0.3195	1.4148
0.2334	1.2925
0.2296	1.3453
0.3125	2.0417
0.3193	1.4300
0.2324	1.3078
0.2297	1.3317
0.3142	2.0250
0.3202	1.4320
0.2316	1.3405
0.2293	1.3178
0.3157	1.9920
0.3209	1.4232
0.2308	1.3857
0.2289	1.3022
0.3172	1.9727
0.3211	1.4355
0.2301	1.4055
0.2288	1.3025
0.3186	1.9362
0.3215	1.4438
0.2295	1.4190
0.2286	1.3017
0.3198	1.8863
0.3223	1.4547
0.2290	1.4268
0.2282	1.3012
0.3207	1.8200
0.3225	1.4048
0.2289	1.4280
0.2281	1.3290
0.3208	1.7773
0.3224	1.3855
0.2288	1.4170
0.2282	1.3583
0.3211	1.7172
0.3226	1.4215
0.2286	1.4232
0.2280	1.4020
0.3215	1.6742
0.3225	1.4357
0.2284	1.4210
0.2281	1.4440
0.3218	1.6365
0.3225	1.4485
0.2282	1.4217
0.2281	1.4548
0.3222	1.6060
0.3218	1.4745
0.2279	1.4090
0.2285	1.4775
0.3228	1.5948
0.3215	1.5347
0.2277	1.4125
0.2286	1.4843
0.3233	1.5870
0.3215	1.5515
0.2274	1.4090
0.2286	1.4600
0.3238	1.5890
0.3213	1.5780
0.2272	1.4095
0.2287	1.4488
0.3242	1.5827
0.3221	1.5790
0.2271	1.4125
0.2283	1.4208
0.3245	1.5975
0.3225	1.6027
0.2270	1.4045
0.2281	1.3885
0.3247	1.5820
0.3234	1.6005
0.2270	1.3900
0.2276	1.3590
0.3247	1.5605
0.3245	1.5852
0.2267	1.3733
0.2271	1.3298
0.3253	1.5475
0.3252	1.5745
0.2266	1.3445
0.2268	1.3075
0.3255	1.5013
0.3258	1.5420
0.2263	1.3172
0.2265	1.3088
0.3261	1.4925
0.3263	1.5297
0.2261	1.2955
0.2262	1.3105
0.3266	1.4600
0.3265	1.4915
0.2259	1.2855
0.2261	1.3218
0.3269	1.4260
0.3268	1.4807
0.2256	1.2738
0.2260	1.3485
0.3275	1.3715
0.3269	1.4800
0.2256	1.2925
0.2259	1.3720
0.3276	1.3505
0.3270	1.5735
0.2253	1.3092
0.2259	1.3912
0.3282	1.3107
0.3271	1.4997
0.2253	1.3408
0.2258	1.3945
0.3282	1.2830
0.3277	1.2695
0.3270	1.5413
0.2255	1.3783
0.2259	1.4010
0.3274	1.2470
0.3273	1.5065
0.2257	1.3980
0.2257	1.3842
0.3267	1.2553
0.3275	1.5207
0.2260	1.4118
0.2257	1.3770
0.3261	1.2055
0.3297	1.5082
0.2263	1.4128
0.2246	1.3490
0.3253	1.1990
0.3285	1.5085
0.2267	1.3962
0.2252	1.3238
0.3246	1.1870
0.3295	1.5123
0.2270	1.3700
0.2247	1.2890
0.3243	1.1910
0.3295	1.4925
0.2272	1.3658
0.2247	1.2672
0.3242	1.1797
0.3300	1.5125
0.2272	1.3492
0.2245	1.2307
0.3238	1.2002
0.3305	1.4228
0.2274	1.3323
0.2243	1.2237
0.3240	1.2105
0.3311	1.4963
0.2273	1.3243
0.2240	1.2185
0.3238	1.2317
0.3319	1.4850
0.2274	1.3120
0.2236	1.2188
0.3237	1.2540
0.3322	1.5322
0.2275	1.3175
0.2235	1.2473
0.3231	1.2640
0.3336	1.5202
0.2278	1.3285
0.2228	1.2462
0.3233	1.2955
0.3341	1.5220
0.2277	1.3305
0.2226	1.2693
0.3229	1.3210
0.3346	1.4760
0.2279	1.3400
0.2224	1.2825
0.3229	1.3410
0.3354	1.4515
0.2279	1.3278
0.2220	1.2950
0.3230	1.3542
0.3358	1.4430
0.2278	1.2960
0.2219	1.2780
0.3229	1.3902
0.3361	1.3855
0.2279	1.2573
0.2217	1.2873
0.3231	1.3648
0.3361	1.3792
0.2278	1.2295
0.2217	1.2955
0.3236	1.3705
0.3354	1.3712
0.2275	1.1997
0.2221	1.3100
0.3241	1.3745
0.3353	1.3443
0.2273	1.1715
0.2221	1.3210
0.3249	1.3673
0.3359	1.3350
0.2269	1.1635
0.2218	1.3550
0.3259	1.3622
0.3358	1.3420
0.2264	1.1652
0.2219	1.3742
0.3262	1.3758
0.3360	1.3530
0.2263	1.1955
0.2218	1.4287
0.3265	1.3632
0.3360	1.3875
0.2261	1.2322
0.2218	1.4962
0.3272	1.3555
0.3360	1.3997
0.2258	1.2870
0.2218	1.5605
0.3273	1.3702
0.3353	1.3918
0.2258	1.3518
0.2221	1.6385
0.3271	1.3885
0.3354	1.3993
0.2259	1.4100
0.2221	1.6907
0.3269	1.3655
0.3344	1.3855
0.2259	1.4458
0.2225	1.7268
0.3264	1.3730
0.3330	1.3755
0.2262	1.4555
0.2231	1.7553
0.3256	1.3893
0.3318	1.3688
0.2266	1.4600
0.2237	1.7643
0.3253	1.3397
0.3304	1.3535
0.2267	1.4480
0.2243	1.7298
0.3255	1.3352
0.3294	1.3315
0.2266	1.4535
0.2248	1.7605
0.3245	1.3112
0.3285	1.3217
0.2271	1.4415
0.2252	1.7293
0.3248	1.2780
0.3276	1.3208
0.2270	1.4317
0.2256	1.6962
0.3257	1.2760
0.3273	1.3115
0.2265	1.4420
0.2258	1.6565
0.3250	1.2785
0.3271	1.3210
0.2269	1.4620
0.2259	1.6700
0.3245	1.2600
0.3260	1.3187
0.2271	1.4775
0.2264	1.6810
0.3241	1.3270
0.3255	1.3245
0.2273	1.4900
0.2266	1.6950
0.3231	1.3075
0.3248	1.3220
0.2278	1.5320
0.2269	1.6980
0.3221	1.2705
0.3243	1.3053
0.2283	1.5660
0.2272	1.7505
0.3214	1.3455
0.3230	1.2880
0.2286	1.5853
0.2279	1.7988
0.3209	1.3410
0.3217	1.3033
0.2289	1.5713
0.2285	1.7920
0.3211	1.3390
0.3207	1.2870
0.2288	1.5710
0.2290	1.8070
0.3201	1.3798
0.3198	1.2825
0.2293	1.5545
0.2295	1.7837
0.3196	1.3772
0.3180	1.2900
0.2296	1.5190
0.2304	1.7998
0.3200	1.3772
0.3165	1.2575
0.2294	1.4887
0.2312	1.7685
0.3198	1.3690
0.3159	1.2630
0.2295	1.4708
0.2315	1.7480
0.3193	1.3423
0.3149	1.2500
0.2297	1.4798
0.2321	1.7410
0.3195	1.3875
0.3146	1.2362
0.2296	1.4795
0.2322	1.7507
0.3192	1.4005
0.3140	1.2548
0.2298	1.5195
0.2326	1.7250
0.3192	1.3895
0.3127	1.2678
0.2298	1.5382
0.2333	1.7210
0.3189	1.4085
0.3120	1.2505
0.2300	1.5787
0.2337	1.7335
0.3183	1.4290
0.3109	1.2603
0.2303	1.6098
0.2343	1.7433
0.3182	1.4392
0.3096	1.2480
0.2303	1.6405
0.2350	1.7998
0.3171	1.4375
0.3088	1.2610
0.2308	1.6495
0.2355	1.8087
0.3170	1.4408
0.3077	1.3070
0.2309	1.6355
0.2361	1.8107
0.3163	1.4233
0.3066	1.3085
0.2313	1.6340
0.2368	1.8083
0.3157	1.4043
0.3056	1.3468
0.2316	1.5928
0.2374	1.7867
0.3155	1.3627
0.3040	1.3650
0.2317	1.5495
0.2383	1.7530
0.3149	1.3700
0.3035	1.3212
0.2320	1.4780
0.2386	1.7362
0.3152	1.3853
0.3031	1.3190
0.2319	1.4378
0.2389	1.7170
0.3146	1.4207
0.3025	1.3257
0.2322	1.3973
0.2393	1.6777
0.3145	1.4050
0.3026	1.3102
0.2323	1.3485
0.2392	1.6450
0.3145	1.4100
0.3023	1.3235
0.2323	1.3355
0.2394	1.6225
0.3150	1.4405
0.3010	1.3217
0.2320	1.3348
0.2402	1.6173
0.3159	1.4515
0.3003	1.3115
0.2315	1.3478
0.2407	1.6155
0.3168	1.4797
0.3001	1.3453
0.2310	1.3482
0.2408	1.6250
0.3168	1.5247
0.2994	1.3250
0.2310	1.3707
0.2412	1.6255
0.3170	1.5090
0.2986	1.3298
0.2309	1.3767
0.2418	1.6645
0.3170	1.5060
0.2982	1.3670
0.2309	1.3845
0.2421	1.6818
0.3173	1.4690
0.2976	1.3728
0.2308	1.3805
0.2424	1.6823
0.3172	1.4302
0.2975	1.3795
0.2308	1.3587
0.2425	1.7025
0.3176	1.4343
0.2972	1.3797
0.2306	1.3750
0.2427	1.7180
0.3171	1.4342
0.2963	1.3738
0.2308	1.3840
0.2433	1.6962
0.3174	1.3950
0.2954	1.3538
0.2307	1.3992
0.2439	1.6900
0.3177	1.3747
0.2948	1.3545
0.2305	1.4370
0.2443	1.6680
0.3182	1.4055
0.2944	1.3280
0.2303	1.4803
0.2446	1.6447
0.3180	1.3820
0.2935	1.3427
0.2304	1.5238
0.2452	1.6440
0.3180	1.4070
0.2930	1.3602
0.2304	1.6138
0.2456	1.6012
0.3169	1.3985
0.2923	1.3807
0.2310	1.6748
0.2461	1.5610
0.3161	1.3773
0.2922	1.3972
0.2314	1.7813
0.2462	1.5355
0.3158	1.3555
0.2920	1.4120
0.2316	1.8560
0.2463	1.5135
0.3147	1.3565
0.2920	1.4315
0.2321	1.9035
0.2463	1.4907
0.3130	1.3035
0.2921	1.4520
0.2331	1.9288
0.2462	1.4755
0.3119	1.3382
0.2923	1.4607
0.2337	1.9168
0.2460	1.4500
0.3098	1.3298
0.2924	1.4352
0.2349	1.8920
0.2460	1.4477
0.3084	1.2775
0.2926	1.4178
0.2357	1.8743
0.2458	1.4343
0.3073	1.2985
0.2925	1.4117
0.2363	1.8728
0.2459	1.4073
0.3058	1.3035
0.2926	1.4115
0.2372	1.8490
0.2459	1.3963
0.3057	1.2828
0.2925	1.4100
0.2373	1.8677
0.2459	1.3888
0.3052	1.3132
0.2920	1.4343
0.2376	1.8703
0.2463	1.3868
0.2465	1.3715
0.3043	1.3175
0.2917	1.4260
0.2382	1.8780
0.2463	1.3505
0.3038	1.3117
0.2920	1.4450
0.2385	1.9108
0.2460	1.3588
0.3027	1.3638
0.2924	1.4522
0.2392	1.9365
0.2458	1.3470
0.3010	1.3573
0.2927	1.4670
0.2403	1.9972
0.2454	1.3428
0.2994	1.3480
0.2933	1.4915
0.2412	2.0512
0.2452	1.3435
0.2981	1.3735
0.2936	1.5047
0.2421	2.0527
0.2448	1.3590
0.2964	1.3325
0.2941	1.4885
0.2432	2.0240
0.2448	1.3852
0.2955	1.3500
0.2942	1.4720
0.2439	2.0075
0.2445	1.4007
0.2942	1.3872
0.2946	1.4600
0.2447	1.9500
0.2445	1.4105
0.2927	1.3975
0.2945	1.4257
0.2458	1.8965
0.2445	1.4383
0.2922	1.4088
0.2945	1.4260
0.2461	1.8763
0.2447	1.4722
0.2915	1.4150
0.2943	1.4245
0.2466	1.8485
0.2450	1.4647
0.2911	1.3967
0.2939	1.4197
0.2469	1.8365
0.2451	1.4885
0.2911	1.4013
0.2937	1.4128
0.2469	1.8332
0.2452	1.4913
0.2907	1.3748
0.2935	1.4190
0.2472	1.8542
0.2453	1.4970
0.2900	1.3662
0.2934	1.4217
0.2477	1.9005
0.2454	1.5032
0.2890	1.3770
0.2933	1.4187
0.2485	1.9770
0.2453	1.4698
0.2880	1.3555
0.2934	1.4110
0.2492	2.0443
0.2454	1.4510
0.2869	1.3532
0.2932	1.4062
0.2500	2.1190
0.2454	1.4195
0.2847	1.3250
0.2933	1.4035
0.2518	2.1592
0.2454	1.3872
0.2834	1.3477
0.2932	1.3773
0.2528	2.1740
0.2457	1.3920
0.2817	1.3462
0.2928	1.3580
0.2542	2.1622
0.2457	1.4000
0.2799	1.3397
0.2929	1.3390
0.2556	2.1602
0.2456	1.4135
0.2787	1.3377
0.2929	1.3247
0.2566	2.1318
0.2454	1.4252
0.2773	1.3665
0.2933	1.3210
0.2578	2.0973
0.2454	1.4543
0.2768	1.3572
0.2932	1.3203
0.2583	2.0677
0.2458	1.4258
0.2760	1.3593
0.2927	1.3275
0.2590	2.0365
0.2460	1.4365
0.2750	1.3650
0.2924	1.3335
0.2598	1.9590
0.2465	1.4438
0.2744	1.3640
0.2917	1.3437
0.2604	1.9605
0.2466	1.4530
0.2733	1.3898
0.2915	1.3485
0.2614	1.9793
0.2471	1.4468
0.2724	1.3953
0.2909	1.3662
0.2622	2.0067
0.2469	1.4103
0.2713	1.4125
0.2911	1.3773
0.2632	2.0230
0.2469	1.3687
0.2709	1.4340
0.2911	1.3817
0.2636	2.0040
0.2468	1.3272
0.2697	1.4617
0.2912	1.3977
0.2647	2.0075
0.2467	1.2948
0.2685	1.4845
0.2915	1.4265
0.2659	1.9902
0.2464	1.2530
0.2677	1.5118
0.2918	1.4545
0.2667	1.9175
0.2462	1.2633
0.2670	1.5373
0.2921	1.4840
0.2674	1.8688
0.2459	1.2637
0.2666	1.5065
0.2926	1.5278
0.2678	1.8788
0.2456	1.2643
0.2664	1.4960
0.2929	1.5678
0.2680	1.7998
0.2451	1.2725
0.2659	1.4522
0.2937	1.6150
0.2685	1.6918
0.2446	1.3067
0.2665	1.4250
0.2944	1.6538
0.2679	1.6148
0.2442	1.3472
0.2665	1.4062
0.2949	1.6845
0.2679	1.5375
0.2437	1.3693
0.2655	1.3958
0.2957	1.7088
0.2689	1.4428
0.2432	1.3620
0.2654	1.3518
0.2965	1.7368
0.2691	1.4027
0.2426	1.3720
0.2651	1.3500
0.2974	1.7413
0.2693	1.3540
0.2694	1.3785
0.2423	1.3643
0.2650	1.3305
0.2978	1.7310
0.2693	1.4105
0.2422	1.3597
0.2651	1.3187
0.2980	1.7230
0.2685	1.3868
0.2418	1.3553
0.2660	1.3450
0.2985	1.7237
0.2687	1.3895
0.2412	1.3480
0.2657	1.3447
0.2995	1.7155
0.2685	1.3747
0.2407	1.3920
0.2659	1.3623
0.3003	1.7212
0.2686	1.4007
0.2403	1.3582
0.2658	1.3608
0.3009	1.7410
0.2692	1.4058
0.2400	1.3530
0.2652	1.3542
0.3014	1.7600
0.2695	1.4677
0.2394	1.3707
0.2649	1.3460
0.3023	1.8100
0.2697	1.4630
0.2389	1.4127
0.2647	1.3585
0.3031	1.8277
0.2695	1.4725
0.2388	1.4413
0.2649	1.3713
0.3033	1.8617
0.2700	1.4775
0.2379	1.4675
0.2644	1.3667
0.3048	1.8745
0.2701	1.4563
0.2375	1.4800
0.2644	1.3688
0.3054	1.8942
0.2702	1.4720
0.2368	1.4792
0.2642	1.4000
0.3065	1.8982
0.2702	1.5155
0.2365	1.4860
0.2642	1.4138
0.3071	1.9212
0.2700	1.5253
0.2359	1.4170
0.2645	1.4450
0.3080	1.8978
0.2702	1.5057
0.2357	1.4417
0.2643	1.4567
0.3084	1.9182
0.2705	1.5340
0.2353	1.4035
0.2640	1.4665
0.3091	1.9340
0.2706	1.5460
0.2347	1.3988
0.2639	1.4585
0.3101	1.9300
0.2712	1.5482
0.2340	1.3890
0.2633	1.4390
0.3113	1.9640
0.2707	1.5423
0.2334	1.3653
0.2638	1.4118
0.3125	1.9505
0.2707	1.5268
0.2326	1.4025
0.2638	1.3912
0.3139	2.0027
0.2711	1.5037
0.2317	1.3940
0.2635	1.3675
0.3156	2.0180
0.2715	1.4832
0.2310	1.4303
0.2630	1.3377
0.3169	2.0153
0.2718	1.4340
0.2302	1.4532
0.2627	1.3320
0.3184	1.9985
0.2719	1.4670
0.2296	1.4915
0.2626	1.3205
0.3196	2.0083
0.2722	1.4683
0.2292	1.4920
0.2624	1.3103
0.3203	1.9823
0.2725	1.4760
0.2286	1.5200
0.2621	1.3140
0.3215	1.9512
0.2727	1.4763
0.2285	1.5328
0.2619	1.3302
0.3218	1.9028
0.2727	1.4908
0.2282	1.5215
0.2619	1.3440
0.3222	1.8662
0.2729	1.5255
0.2279	1.5160
0.2618	1.3392
0.3229	1.8460
0.2731	1.5927
0.2274	1.4720
0.2616	1.3567
0.3239	1.7945
0.2735	1.6027
0.2271	1.4742
0.2612	1.3645
0.3245	1.7785
0.2737	1.6080
0.2271	1.4555
0.2610	1.3598
0.3245	1.7702
0.2740	1.6152
0.2266	1.4363
0.2607	1.3397
0.3255	1.7500
0.2747	1.6148
0.2262	1.4350
0.2601	1.3195
0.3264	1.7378
0.2757	1.6055
0.2259	1.4610
0.2592	1.3128
0.3270	1.6997
0.2761	1.5832
0.2255	1.4775
0.2589	1.3025
0.3279	1.6832
0.2764	1.5757
0.2252	1.4867
0.2586	1.2977
0.3284	1.6807
0.2769	1.5868
0.2250	1.4977
0.2582	1.3070
0.3289	1.6320
0.2773	1.5810
0.2248	1.5160
0.2578	1.3498
0.3293	1.5970
0.2775	1.5538
0.2250	1.5210
0.2576	1.3740
0.3290	1.5718
0.2777	1.5905
0.2250	1.5220
0.2575	1.4188
0.3289	1.5313
0.2779	1.6232
0.2251	1.5187
0.2573	1.4303
0.3286	1.5120
0.2783	1.6538
0.2252	1.5217
0.2570	1.4560
0.3284	1.4962
0.2782	1.6970
0.2253	1.5225
0.2570	1.4948
0.3282	1.4705
0.2785	1.7295
0.2254	1.4860
0.2568	1.5033
0.3281	1.4650
0.2787	1.7207
0.2254	1.4945
0.2566	1.5315
0.3281	1.4528
0.2794	1.7415
0.2253	1.4920
0.2560	1.5287
0.3283	1.4478
0.2799	1.7178
0.2253	1.4912
0.2556	1.5508
0.3283	1.4443
0.2805	1.6827
0.2253	1.5110
0.2551	1.5307
0.3282	1.4512
0.2810	1.6537
0.2252	1.5240
0.2547	1.5552
0.3285	1.4433
0.2807	1.6110
0.2254	1.5278
0.2550	1.4977
0.3280	1.4430
0.2812	1.5868
0.2256	1.5375
0.2545	1.5360
0.3277	1.3990
0.2809	1.5515
0.2257	1.5630
0.2548	1.5763
0.3274	1.4050
0.2806	1.5200
0.2259	1.5295
0.2550	1.5862
0.3269	1.3810
0.2800	1.5230
0.2262	1.5377
0.2555	1.6475
0.3264	1.3690
0.2805	1.5625
0.2262	1.5060
0.2551	1.6487
0.3263	1.3575
0.2802	1.5820
0.2267	1.4950
0.2553	1.6995
0.3253	1.3435
0.2796	1.6170
0.2269	1.4973
0.2559	1.7057
0.3250	1.3492
0.2794	1.6458
0.2268	1.4878
0.2560	1.7238
0.3250	1.3288
0.2791	1.6480
0.2269	1.4758
0.2563	1.7148
0.3249	1.3310
0.2793	1.6390
0.2270	1.4955
0.2561	1.8000
0.3248	1.3405
0.2794	1.6075
0.2271	1.4980
0.2560	1.8310
0.3244	1.3643
0.3243	1.3473
0.2795	1.5662
0.2272	1.4577
0.2559	1.8365
0.3235	1.3727
0.2794	1.5090
0.2276	1.4720
0.2560	1.8847
0.3233	1.3705
0.2790	1.4700
0.2277	1.4688
0.2564	1.8970
0.3230	1.3720
0.2780	1.3977
0.2278	1.4427
0.2572	1.9508
0.3225	1.3760
0.2768	1.3348
0.2281	1.4170
0.2583	1.9730
0.3226	1.3848
0.2754	1.2785
0.2280	1.3872
0.2595	1.9718
0.3229	1.4000
0.2737	1.2560
0.2279	1.3582
0.2610	1.9745
0.3229	1.3942
0.2726	1.2213
0.2279	1.3520
0.2620	1.9583
0.3233	1.4027
0.2709	1.2642
0.2277	1.3260
0.2636	1.9140
0.3236	1.4153
0.2698	1.2245
0.2276	1.3112
0.2647	1.8570
0.3242	1.4385
0.2691	1.2623
0.2272	1.3355
0.2654	1.8300
0.3244	1.4405
0.2686	1.2912
0.2271	1.3560
0.2658	1.7782
0.3242	1.4662
0.2680	1.2790
0.2272	1.3607
0.2664	1.7485
0.3246	1.4695
0.2683	1.2953
0.2270	1.4013
0.2661	1.7247
0.3247	1.4595
0.2674	1.2892
0.2270	1.4200
0.2670	1.7073
0.3248	1.4473
0.2670	1.3005
0.2270	1.4475
0.2674	1.7260
0.3247	1.4352
0.2666	1.2750
0.2270	1.4577
0.2678	1.7462
0.3251	1.4760
0.2658	1.2980
0.2268	1.4295
0.2686	1.7667
0.3247	1.4560
0.2648	1.2345
0.2270	1.4178
0.2697	1.8080
0.3244	1.4467
0.2638	1.2875
0.2271	1.3895
0.2707	1.8303
0.3242	1.4235
0.2630	1.2843
0.2272	1.3548
0.2715	1.8293
0.3239	1.4197
0.2620	1.3023
0.2274	1.3143
0.2727	1.8290
0.3252	1.4178
0.2614	1.3265
0.2268	1.3270
0.2733	1.8407
0.3254	1.4635
0.2603	1.3377
0.2266	1.3068
0.2745	1.8350
0.3259	1.4817
0.2598	1.3577
0.2264	1.3075
0.2750	1.8302
0.3263	1.4990
0.2595	1.3600
0.2262	1.3140
0.2754	1.8343
0.3270	1.5368
0.2593	1.3802
0.2259	1.3190
0.2756	1.8330
0.3270	1.4642
0.2587	1.3883
0.2259	1.3403
0.2763	1.8392
0.3281	1.4630
0.2580	1.3948
0.2254	1.3885
0.2771	1.8432
0.3281	1.4505
0.2574	1.4025
0.2254	1.3920
0.2778	1.8382
0.3281	1.4542
0.2566	1.4043
0.2254	1.4162
0.2787	1.8332
0.3286	1.4357
0.2559	1.3950
0.2251	1.4377
0.2796	1.8277
0.3278	1.4203
0.2554	1.4005
0.2255	1.4085
0.2802	1.7760
0.3270	1.4000
0.2543	1.4370
0.2259	1.4017
0.2814	1.7565
0.3272	1.3940
0.2541	1.4505
0.2258	1.3932
0.2817	1.7163
0.3271	1.4047
0.2538	1.4530
0.2259	1.3827
0.2821	1.6725
0.3269	1.4165
0.2536	1.4705
0.2259	1.3748
0.2823	1.6325
0.3273	1.4810
0.2538	1.4612
0.2258	1.3835
0.2821	1.5835
0.3281	1.4885
0.2538	1.4770
0.2254	1.3457
0.2821	1.5405
0.3281	1.5330
0.2539	1.4620
0.2254	1.3830
0.2819	1.5325
0.3286	1.5323
0.2538	1.4528
0.2251	1.4000
0.2821	1.5090
0.3295	1.5530
0.2538	1.4393
0.2247	1.4197
0.2821	1.5072
0.3299	1.5463
0.2538	1.4300
0.2245	1.4465
0.2821	1.5405
0.3301	1.5333
0.2535	1.4133
0.2244	1.4595
0.2824	1.5393
0.3304	1.5650
0.2532	1.4277
0.2243	1.4645
0.2829	1.5627
0.3299	1.5715
0.2531	1.4510
0.2245	1.4595
0.2829	1.5740
0.3298	1.5605
0.2527	1.4718
0.2246	1.4640
0.2834	1.5825
0.3294	1.5813
0.2524	1.5025
0.2248	1.4405
0.2839	1.6208
0.3296	1.6030
0.2522	1.5373
0.2246	1.4355
0.2841	1.6325
0.3303	1.6168
0.2522	1.5562
0.2243	1.4055
0.2841	1.6233
0.3310	1.6455
0.2522	1.5650
0.2240	1.3825
0.2841	1.6430
0.3316	1.6560
0.2524	1.5710
0.2238	1.3573
0.2839	1.6325
0.3330	1.6705
0.2523	1.5497
0.2231	1.3462
0.2840	1.5925
0.3338	1.6552
0.2523	1.5237
0.2228	1.3385
0.2840	1.5682
0.3351	1.6318
0.2523	1.4793
0.2222	1.3442
0.2839	1.5535
0.3358	1.5992
0.2521	1.4573
0.2219	1.3570
0.2842	1.5438
0.2844	1.5327
0.3364	1.5643
0.2519	1.4402
0.2216	1.3623
0.2846	1.5115
0.3366	1.5177
0.2518	1.4438
0.2215	1.3922
0.2848	1.4840
0.3367	1.5370
0.2516	1.4295
0.2215	1.4027
0.2853	1.4650
0.3367	1.5187
0.2512	1.4415
0.2215	1.4155
0.2855	1.4353
0.3364	1.5000
0.2511	1.4433
0.2216	1.4372
0.2854	1.4263
0.3361	1.5330
0.2512	1.4692
0.2217	1.4617
0.2851	1.4203
0.3358	1.5332
0.2514	1.4872
0.2219	1.4577
0.2848	1.4070
0.3368	1.5350
0.2516	1.5055
0.2214	1.4638
0.2843	1.3882
0.3374	1.5147
0.2520	1.5148
0.2212	1.4577
0.2841	1.3735
0.3372	1.5035
0.2522	1.4820
0.2213	1.4543
0.2837	1.3620
0.3380	1.5123
0.2525	1.4553
0.2209	1.4630
0.2835	1.3787
0.3383	1.4938
0.2527	1.3975
0.2208	1.4772
0.2832	1.3835
0.3383	1.4507
0.2529	1.3672
0.2208	1.5075
0.2833	1.4007
0.3380	1.4425
0.2529	1.3365
0.2209	1.5445
0.2837	1.4115
0.3376	1.4505
0.2525	1.3480
0.2211	1.5692
0.2839	1.4205
0.3372	1.4138
0.2524	1.3405
0.2213	1.6110
0.2848	1.4258
0.3362	1.4260
0.2517	1.3693
0.2217	1.6615
0.2851	1.4385
0.3355	1.4415
0.2514	1.3827
0.2220	1.6942
0.2854	1.4570
0.3351	1.5055
0.2512	1.4255
0.2222	1.7160
0.2851	1.4515
0.3345	1.5238
0.2514	1.4800
0.2224	1.7530
0.2850	1.4445
0.3336	1.4770
0.2515	1.4915
0.2229	1.7522
0.2844	1.4125
0.3330	1.5092
0.2520	1.5270
0.2231	1.7505
0.2841	1.3998
0.3326	1.4950
0.2522	1.5353
0.2233	1.7342
0.2838	1.3970
0.3333	1.4722
0.2525	1.5397
0.2230	1.7360
0.2833	1.4235
0.3324	1.4510
0.2529	1.5250
0.2234	1.7178
0.2831	1.4007
0.3311	1.4377
0.2530	1.4987
0.2240	1.6958
0.2829	1.3858
0.3308	1.3997
0.2531	1.4830
0.2241	1.6880
0.2829	1.4088
0.3302	1.3858
0.2531	1.4827
0.2244	1.6982
0.2830	1.4205
0.3293	1.3280
0.2530	1.4690
0.2248	1.7373
0.2835	1.4355
0.3286	1.3385
0.2527	1.4617
0.2251	1.7172
0.2834	1.4480
0.3279	1.3850
0.2527	1.4925
0.2254	1.7850
0.2828	1.4430
0.3267	1.3623
0.2532	1.4882
0.2260	1.8050
0.2829	1.4417
0.3258	1.3702
0.2531	1.4962
0.2264	1.7957
0.2830	1.4202
0.3244	1.3807
0.2531	1.4993
0.2271	1.7893
0.2829	1.3770
0.3242	1.3425
0.2532	1.5048
0.2272	1.7685
0.2824	1.3825
0.3225	1.3545
0.2536	1.5223
0.2281	1.7178
0.2822	1.4172
0.3214	1.3395
0.2537	1.4947
0.2286	1.6930
0.2821	1.4200
0.3212	1.3057
0.2538	1.4603
0.2287	1.6470
0.2818	1.4363
0.3207	1.3275
0.2540	1.4118
0.2290	1.6005
0.2814	1.4590
0.3197	1.2970
0.2543	1.3700
0.2295	1.5975
0.2812	1.5113
0.3203	1.2945
0.2545	1.3333
0.2292	1.5470
0.2816	1.5413
0.3194	1.3060
0.2542	1.3180
0.2297	1.5538
0.2823	1.5915
0.3188	1.2950
0.2536	1.3040
0.2300	1.5770
0.2834	1.6058
0.3188	1.2718
0.2528	1.2882
0.2300	1.5860
0.2843	1.6335
0.3181	1.3135
0.2521	1.2948
0.2304	1.6165
0.2853	1.6297
0.3173	1.2853
0.2513	1.2938
0.2307	1.6565
0.2858	1.6170
0.3164	1.2918
0.2509	1.3338
0.2312	1.6512
0.2867	1.6043
0.3155	1.3415
0.2502	1.3685
0.2317	1.6763
0.2869	1.5660
0.3143	1.3035
0.2500	1.4193
0.2324	1.6685
0.2869	1.5555
0.3136	1.3282
0.2500	1.4670
0.2328	1.6568
0.2866	1.5115
0.3129	1.3305
0.2502	1.4890
0.2332	1.6458
0.2862	1.4992
0.3122	1.3295
0.2506	1.5123
0.2335	1.6082
0.2861	1.4755
0.3121	1.3560
0.2506	1.5187
0.2336	1.6310
0.2858	1.5038
0.3115	1.3722
0.2509	1.5265
0.2339	1.6147
0.2857	1.5148
0.3115	1.3635
0.2509	1.5162
0.2339	1.6050
0.2856	1.5320
0.3111	1.3847
0.2510	1.5282
0.2341	1.6205
0.2856	1.5260
0.3109	1.4035
0.2510	1.5133
0.2343	1.6608
0.2860	1.5097
0.3101	1.3595
0.2507	1.5287
0.2347	1.6790
0.2865	1.4910
0.3096	1.3910
0.2503	1.5333
0.2350	1.7210
0.2869	1.4535
0.3089	1.3702
0.2501	1.5520
0.2354	1.7595
0.2867	1.4230
0.3083	1.3755
0.2502	1.5845
0.2358	1.7815
0.2864	1.3780
0.3073	1.3813
0.2504	1.6253
0.2364	1.8105
0.2858	1.3850
0.3060	1.4005
0.2509	1.6610
0.2371	1.7902
0.2851	1.3767
0.3052	1.3878
0.2514	1.7120
0.2376	1.8188
0.2841	1.3422
0.3042	1.4217
0.2522	1.7397
0.2382	1.8480
0.2830	1.3305
0.3035	1.4550
0.2531	1.7560
0.2387	1.8472
0.2816	1.3475
0.3028	1.4643
0.2542	1.7697
0.2391	1.8267
0.2816	1.3272
0.3028	1.4918
0.2542	1.7698
0.2391	1.8235
0.2811	1.3448
0.3016	1.4450
0.2546	1.7980
0.2399	1.8023
0.2805	1.3440
0.3010	1.4405
0.2551	1.7845
0.2402	1.7897
0.2799	1.3795
0.3010	1.4238
0.2556	1.8083
0.2402	1.7655
0.2796	1.3955
0.3006	1.4122
0.2558	1.8098
0.2405	1.7537
0.2788	1.3550
0.2999	1.3983
0.2566	1.8533
0.2409	1.7435
0.2779	1.3422
0.2987	1.4253
0.2573	1.8925
0.2417	1.7230
0.2772	1.3228
0.2978	1.4182
0.2579	1.9353
0.2423	1.7025
0.2763	1.3375
0.2973	1.3973
0.2587	1.9695
0.2426	1.6973
0.2752	1.3992
0.2967	1.4122
0.2596	2.0095
0.2430	1.6888
0.2739	1.3940
0.2966	1.4063
0.2609	2.0348
0.2431	1.6688
0.2727	1.3853
0.2962	1.4530
0.2619	2.0312
0.2433	1.6430
0.2712	1.4407
0.2959	1.4692
0.2634	2.0427
0.2436	1.6118
0.2703	1.3930
0.2957	1.4795
0.2642	1.9968
0.2437	1.5855
0.2704	1.4007
0.2956	1.4745
0.2641	1.9680
0.2438	1.5503
0.2691	1.4110
0.2953	1.4373
0.2653	1.9247
0.2440	1.4943
0.2683	1.4013
0.2954	1.4195
0.2661	1.9172
0.2439	1.4500
0.2682	1.4540
0.2953	1.3950
0.2662	1.8995
0.2440	1.3983
0.2674	1.4250
0.2954	1.3848
0.2670	1.9000
0.2439	1.3510
0.2439	1.3133
0.2669	1.3045
0.2954	1.3722
0.2675	1.9042
0.2438	1.2798
0.2664	1.3248
0.2956	1.3835
0.2680	1.9272
0.2437	1.2960
0.2652	1.3373
0.2957	1.3868
0.2692	1.9575
0.2436	1.2893
0.2648	1.3037
0.2959	1.3870
0.2697	1.9712
0.2433	1.3065
0.2635	1.3802
0.2963	1.3998
0.2710	2.0155
0.2431	1.3165
0.2619	1.3587
0.2967	1.3972
0.2727	2.0525
0.2428	1.3707
0.2607	1.3633
0.2971	1.4200
0.2741	2.0765
0.2429	1.3943
0.2596	1.3535
0.2970	1.4135
0.2752	2.0125
0.2428	1.4240
0.2590	1.3380
0.2970	1.4113
0.2760	1.9992
0.2428	1.4463
0.2586	1.3457
0.2971	1.3995
0.2764	1.9400
0.2430	1.4652
0.2573	1.3740
0.2968	1.3900
0.2778	1.9115
0.2432	1.4882
0.2566	1.3787
0.2965	1.3700
0.2787	1.8653
0.2435	1.4667
0.2563	1.3570
0.2960	1.3690
0.2791	1.8245
0.2437	1.4747
0.2558	1.3363
0.2957	1.3698
0.2797	1.8230
0.2439	1.4645
0.2555	1.2753
0.2955	1.3758
0.2800	1.7968
0.2439	1.4693
0.2547	1.3143
0.2954	1.3905
0.2810	1.7955
0.2442	1.4670
0.2542	1.2755
0.2950	1.3880
0.2816	1.7968
0.2440	1.4722
0.2535	1.3110
0.2953	1.4038
0.2825	1.8460
0.2441	1.4692
0.2526	1.2773
0.2952	1.4130
0.2836	1.8495
0.2438	1.4862
0.2518	1.2855
0.2955	1.4075
0.2846	1.8827
0.2439	1.4588
0.2511	1.2813
0.2954	1.4017
0.2855	1.8805
0.2441	1.4915
0.2499	1.2890
0.2951	1.4032
0.2870	1.8843
0.2443	1.5078
0.2494	1.2920
0.2948	1.3800
0.2877	1.8735
0.2444	1.4915
0.2485	1.2882
0.2947	1.3658
0.2889	1.8335
0.2448	1.5075
0.2480	1.3075
0.2941	1.3540
0.2897	1.8297
0.2446	1.4907
0.2472	1.2755
0.2944	1.3738
0.2907	1.7922
0.2452	1.4448
0.2468	1.3138
0.2935	1.3898
0.2913	1.7190
0.2455	1.4175
0.2462	1.3057
0.2930	1.4470
0.2921	1.7060
0.2456	1.4007
0.2458	1.3480
0.2930	1.4843
0.2927	1.6992
0.2457	1.3778
0.2454	1.3282
0.2929	1.5382
0.2933	1.6328
0.2453	1.4093
0.2448	1.3758
0.2934	1.5873
0.2942	1.6090
0.2448	1.3827
0.2450	1.3803
0.2941	1.6423
0.2939	1.5895
0.2439	1.3835
0.2446	1.3825
0.2954	1.6887
0.2945	1.5580
0.2434	1.4258
0.2443	1.3995
0.2961	1.7495
0.2949	1.5375
0.2429	1.4077
0.2443	1.3748
0.2969	1.7698
0.2949	1.4840
0.2947	1.4490
0.2425	1.4277
0.2444	1.3920
0.2975	1.7815
0.2949	1.4465
0.2422	1.4553
0.2442	1.3855
0.2980	1.8085
0.2951	1.3767
0.2419	1.4678
0.2441	1.3638
0.2984	1.8065
0.2950	1.3198
0.2417	1.4552
0.2442	1.3562
0.2987	1.8423
0.2952	1.3750
0.2414	1.4552
0.2441	1.3932
0.2992	1.8765
0.2951	1.3212
0.2411	1.4140
0.2441	1.3797
0.2996	1.9110
0.2949	1.2855
0.2406	1.3765
0.2442	1.3830
0.3004	1.9703
0.2947	1.2840
0.2400	1.3618
0.2444	1.3965
0.3014	2.0025
0.2943	1.2995
0.2389	1.2887
0.2447	1.3950
0.3031	2.0355
0.2946	1.3177
0.2380	1.2965
0.2445	1.4085
0.3045	2.0690
0.2937	1.3395
0.2368	1.2867
0.2451	1.4072
0.3066	2.1055
0.2932	1.3633
0.2354	1.2835
0.2454	1.3925
0.3089	2.1182
0.2932	1.3932
0.2346	1.2870
0.2455	1.3710
0.3102	2.0893
0.2934	1.4252
0.2333	1.3108
0.2453	1.3688
0.3126	2.0780
0.2936	1.4048
0.2327	1.3287
0.2451	1.3510
0.3137	2.0395
0.2940	1.4425
0.2320	1.4040
0.2449	1.3497
0.3150	2.0098
0.2944	1.4802
0.2313	1.4132
0.2446	1.3425
0.3162	1.9442
0.2951	1.4547
0.2311	1.4220
0.2441	1.3660
0.3167	1.9348
0.2952	1.4460
0.2305	1.4658
0.2440	1.3893
0.3179	1.9068
0.2955	1.4355
0.2302	1.4550
0.2438	1.3935
0.3183	1.9037
0.2953	1.4205
0.2302	1.4528
0.2440	1.4287
0.3184	1.8740
0.2956	1.4245
0.2297	1.4507
0.2438	1.4520
0.3194	1.8568
0.2947	1.4030
0.2291	1.4450
0.2444	1.4750
0.3204	1.8620
0.2944	1.3935
0.2286	1.4530
0.2446	1.4595
0.3215	1.8255
0.2943	1.4037
0.2279	1.4455
0.2446	1.4500
0.3228	1.8080
0.2938	1.4120
0.2275	1.4175
0.2450	1.4440
0.3236	1.7678
0.2939	1.3967
0.2271	1.4670
0.2449	1.4340
0.3245	1.7517
0.2938	1.4512
0.2267	1.4743
0.2450	1.4118
0.3253	1.7188
0.2941	1.4475
0.2266	1.4872
0.2448	1.3957
0.3256	1.6950
0.2947	1.4667
0.2265	1.5123
0.2444	1.4145
0.3258	1.6700
0.2948	1.4412
0.2265	1.5340
0.2443	1.4000
0.3256	1.6690
0.2950	1.4260
0.2267	1.5455
0.2442	1.4133
0.3253	1.6735
0.2954	1.4222
0.2266	1.5353
0.2439	1.4330
0.3255	1.6820
0.2953	1.4262
0.2264	1.5143
0.2440	1.4590
0.3259	1.6930
0.2953	1.3988
0.2263	1.4855
0.2440	1.4755
0.3261	1.7075
0.2945	1.3907
0.2261	1.4690
0.2445	1.4768
0.3265	1.7217
0.2942	1.3832
0.2258	1.4085
0.2448	1.4740
0.3273	1.7318
0.2936	1.3872
0.2252	1.3920
0.2451	1.4623
0.3284	1.7077
0.2935	1.4322
0.2248	1.3695
0.2452	1.4427
0.3294	1.6982
0.2934	1.4542
0.2242	1.3722
0.2453	1.4170
0.3306	1.6717
0.2933	1.5213
0.2240	1.3700
0.2454	1.3840
0.3311	1.6452
0.2934	1.5525
0.2234	1.3810
0.2453	1.3575
0.3323	1.6175
0.2941	1.6140
0.2234	1.4075
0.2448	1.3505
0.3324	1.5950
0.2951	1.6255
0.2231	1.4290
0.2441	1.3305
0.3330	1.5890
0.2959	1.6600
0.2233	1.4580
0.2436	1.3225
0.3326	1.5583
0.2969	1.6655
0.2234	1.4605
0.2429	1.3163
0.3325	1.5953
0.2976	1.6913
0.2234	1.4948
0.2425	1.3150
0.3324	1.5783
0.2983	1.6750
0.2233	1.4910
0.2420	1.3220
0.3325	1.6010
0.2987	1.6305
0.2232	1.5112
0.2417	1.3210
0.3329	1.5970
0.2993	1.6050
0.2232	1.4892
0.2413	1.3320
0.3328	1.5923
0.2994	1.5825
0.2226	1.4805
0.2412	1.3440
0.3341	1.5780
0.3000	1.5918
0.2226	1.4660
0.2409	1.3505
0.3342	1.5707
0.3003	1.6005
0.2223	1.4865
0.2407	1.3508
0.3348	1.5987
0.3006	1.6487
0.2223	1.4925
0.2405	1.3522
0.3349	1.5308
0.3008	1.6600
0.2223	1.4995
0.2404	1.3870
0.3349	1.5243
0.3012	1.6965
0.2224	1.5115
0.2401	1.4118
0.3346	1.4805
0.3019	1.7165
0.2223	1.5412
0.2397	1.4588
0.3347	1.4860
0.3028	1.7235
0.2222	1.5510
0.2391	1.5158
0.3350	1.4708
0.3041	1.7490
0.2228	1.5555
0.2383	1.5815
0.3338	1.4635
0.3043	1.7828
0.2230	1.5482
0.2382	1.6383
0.3334	1.4465
0.3046	1.7468
0.2229	1.5385
0.2380	1.6933
0.3334	1.3802
0.3047	1.7177
0.2231	1.5410
0.2379	1.7400
0.3330	1.4105
0.3041	1.7042
0.2231	1.5112
0.2383	1.7720
0.3330	1.3680
0.3036	1.6425
0.2232	1.5010
0.2386	1.8280
0.3329	1.3455
0.3034	1.6265
0.2233	1.5075
0.2387	1.8003
0.3326	1.3875
0.3022	1.6143
0.2240	1.5065
0.2395	1.7722
0.3311	1.3597
0.3015	1.6113
0.2236	1.5040
0.2399	1.7380
0.3318	1.3185
0.3015	1.6250
0.2236	1.5363
0.2399	1.7160
0.3318	1.2873
0.3007	1.6458
0.2243	1.5598
0.2404	1.6980
0.3303	1.2327
0.3011	1.6635
0.2242	1.6063
0.2402	1.6850
0.3307	1.2680
0.3301	1.3453
0.3017	1.7147
0.2244	1.6297
0.2398	1.6953
0.3289	1.3045
0.3024	1.7407
0.2250	1.6535
0.2393	1.7083
0.3276	1.3055
0.3025	1.7102
0.2256	1.6653
0.2393	1.7252
0.3258	1.3780
0.3027	1.7047
0.2265	1.6690
0.2392	1.7417
0.3253	1.3353
0.3030	1.6645
0.2267	1.6650
0.2390	1.7810
0.3250	1.3577
0.3025	1.6292
0.2269	1.6705
0.2393	1.8405
0.3243	1.3827
0.3021	1.5663
0.2272	1.6498
0.2395	1.8892
0.3241	1.3937
0.3013	1.5282
0.2273	1.6427
0.2401	1.8820
0.3241	1.4397
0.3000	1.5005
0.2273	1.6092
0.2408	1.9073
0.3237	1.4207
0.2990	1.4575
0.2275	1.6098
0.2415	1.9090
0.3235	1.4050
0.2979	1.4710
0.2276	1.6130
0.2422	1.9407
0.3232	1.4037
0.2966	1.4740
0.2277	1.6150
0.2431	1.9570
0.3223	1.4078
0.2961	1.4580
0.2282	1.6115
0.2434	1.9798
0.3222	1.4100
0.2954	1.4597
0.2282	1.5985
0.2439	1.9930
0.3214	1.4315
0.2949	1.4595
0.2287	1.5622
0.2442	2.0283
0.3207	1.4398
0.2942	1.4300
0.2290	1.5275
0.2448	2.0602
0.3199	1.4580
0.2935	1.4107
0.2294	1.5057
0.2452	2.0765
0.3199	1.4777
0.2921	1.3833
0.2294	1.4420
0.2462	2.1065
0.3202	1.4842
0.2907	1.3520
0.2293	1.4335
0.2472	2.0985
0.3209	1.4717
0.2892	1.3028
0.2289	1.3895
0.2483	2.0840
0.3216	1.4453
0.2871	1.2413
0.2285	1.3665
0.2499	1.9998
0.3222	1.4340
0.2853	1.1963
0.2282	1.3422
0.2512	1.9470
0.3231	1.4470
0.2840	1.2165
0.2278	1.3445
0.2523	1.9088
0.3233	1.3993
0.2829	1.1757
0.2277	1.3665
0.2531	1.8562
0.3231	1.4040
0.2819	1.2047
0.2278	1.4082
0.2539	1.8370
0.3223	1.3872
0.2816	1.2545
0.2282	1.4428
0.2542	1.7935
0.3218	1.4265
0.2811	1.2900
0.2284	1.4593
0.2546	1.7635
0.3220	1.4015
0.2807	1.3233
0.2283	1.4968
0.2549	1.7562
0.3209	1.3943
0.2797	1.3335
0.2289	1.4875
0.2558	1.7575
0.3209	1.4348
0.2790	1.3535
0.2289	1.4733
0.2564	1.7727
0.3205	1.5025
0.2785	1.3685
0.2291	1.4545
0.2568	1.8040
0.3215	1.5325
0.2778	1.3538
0.2286	1.4385
0.2574	1.8175
0.3211	1.5180
0.2771	1.3305
0.2288	1.4070
0.2580	1.7990
0.3213	1.5460
0.2763	1.3675
0.2287	1.3792
0.2587	1.7943
0.3223	1.5013
0.2754	1.3550
0.2282	1.3627
0.2594	1.7730
0.3233	1.4893
0.2749	1.3525
0.2277	1.3555
0.2599	1.7550
0.3238	1.4470
0.2740	1.3723
0.2274	1.3635
0.2607	1.7500
0.3243	1.4745
0.2735	1.3833
0.2272	1.3855
0.2612	1.7263
0.3243	1.5120
0.2731	1.4107
0.2272	1.4240
0.2615	1.7198
0.3237	1.5152
0.2726	1.4155
0.2275	1.4620
0.2620	1.7077
0.3233	1.5090
0.2724	1.4175
0.2277	1.5080
0.2622	1.6958
0.3233	1.5565
0.2721	1.4348
0.2277	1.5285
0.2625	1.6867
0.3230	1.5792
0.2720	1.4245
0.2279	1.5587
0.2626	1.6780
0.3232	1.6213
0.2717	1.3927
0.2278	1.5722
0.2629	1.6675
0.3234	1.6680
0.2711	1.3498
0.2277	1.5700
0.2634	1.6405
0.3233	1.6980
0.2707	1.3153
0.2277	1.5600
0.2638	1.6200
0.3244	1.6823
0.2703	1.2887
0.2272	1.5435
0.2642	1.5840
0.3247	1.6740
0.2698	1.2813
0.2270	1.5170
0.2647	1.5653
0.3254	1.6465
0.2691	1.2685
0.2267	1.4895
0.2653	1.5295
0.3258	1.6303
0.2683	1.2915
0.2265	1.4743
0.2661	1.4925
0.3262	1.6263
0.2680	1.3122
0.2263	1.4565
0.2664	1.4655
0.3262	1.5970
0.2678	1.3470
0.2263	1.4590
0.2666	1.4453
0.3263	1.6252
0.2678	1.3730
0.2262	1.4575
0.2666	1.4365
0.3265	1.6235
0.2679	1.4103
0.2261	1.4657
0.2666	1.4337
0.3267	1.6248
0.2681	1.4783
0.2261	1.4630
0.2663	1.4350
0.3269	1.6495
0.2685	1.4695
0.2259	1.4640
0.2659	1.4395
0.3273	1.6642
0.2688	1.4635
0.2257	1.4575
0.2656	1.4583
0.3283	1.6840
0.2689	1.4495
0.2253	1.4320
0.2656	1.4763
0.2657	1.4933
0.3287	1.6770
0.2688	1.4265
0.2251	1.4300
0.2655	1.5040
0.3293	1.6510
0.2690	1.4030
0.2248	1.4245
0.2660	1.4987
0.3302	1.6145
0.2684	1.3950
0.2244	1.4158
0.2665	1.5118
0.3307	1.5907
0.2679	1.4017
0.2242	1.4245
0.2670	1.5113
0.3317	1.6027
0.2674	1.4193
0.2237	1.4330
0.2675	1.5050
0.3318	1.5218
0.2669	1.4507
0.2236	1.4460
0.2677	1.4960
0.3316	1.5257
0.2667	1.4603
0.2238	1.4970
0.2674	1.5117
0.3312	1.5292
0.2670	1.5165
0.2239	1.5658
0.2671	1.5012
0.3309	1.5408
0.2673	1.5545
0.2241	1.6445
0.2669	1.5077
0.3320	1.5515
0.2675	1.5702
0.2236	1.7552
0.2664	1.4952
0.3304	1.5465
0.2680	1.5887
0.2243	1.8407
0.2660	1.5092
0.3299	1.5532
0.2684	1.6035
0.2245	1.9270
0.2660	1.5338
0.3294	1.5715
0.2685	1.5802
0.2248	1.9850
0.2658	1.5297
0.3284	1.5383
0.2687	1.5420
0.2252	2.0188
0.2661	1.5262
0.3273	1.4858
0.2683	1.5080
0.2258	2.0403
0.2662	1.5125
0.3255	1.5332
0.2682	1.4930
0.2266	2.0538
0.2664	1.5085
0.3236	1.4875
0.2680	1.4837
0.2276	2.0357
0.2667	1.4697
0.3224	1.4535
0.2677	1.5042
0.2282	2.0120
0.2670	1.4553
0.3207	1.4397
0.2674	1.5253
0.2290	1.9918
0.2671	1.4260
0.3202	1.4158
0.2673	1.5618
0.2292	1.9753
0.2667	1.4183
0.3194	1.4332
0.2677	1.6023
0.2297	1.9595
0.2663	1.4107
0.3184	1.4320
0.2681	1.6432
0.2302	1.9507
0.2655	1.4112
0.3177	1.4155
0.2690	1.6895
0.2306	1.9822
0.2648	1.4195
0.3169	1.4267
0.2697	1.7295
0.2310	2.0212
0.2642	1.4085
0.3157	1.3942
0.2703	1.7610
0.2316	2.0995
0.2636	1.4288
0.3147	1.3725
0.2709	1.7410
0.2322	2.1327
0.2631	1.4305
0.3130	1.3815
0.2714	1.7085
0.2331	2.1868
0.2628	1.4435
0.3110	1.3552
0.2717	1.6465
0.2342	2.2063
0.2626	1.4605
0.3089	1.3345
0.2719	1.5970
0.2354	2.2017
0.2622	1.4400
0.3064	1.3167
0.2724	1.5373
0.2369	2.1968
0.2623	1.4215
0.3046	1.3062
0.2723	1.4990
0.2380	2.1660
0.2624	1.4000
0.3028	1.3183
0.2721	1.4515
0.2391	2.1400
0.2626	1.3738
0.3014	1.3145
0.2719	1.4200
0.2400	2.0990
0.2629	1.3672
0.3004	1.3315
0.2717	1.3967
0.2406	2.0465
0.2628	1.3690
0.2991	1.3425
0.2717	1.3762
0.2414	1.9745
0.2625	1.3707
0.2985	1.3510
0.2721	1.3870
0.2418	1.9655
0.2624	1.3947
0.2977	1.3565
0.2722	1.4073
0.2424	1.9312
0.2622	1.4140
0.2965	1.3462
0.2724	1.4275
0.2431	1.9250
0.2622	1.3683
0.2959	1.3590
0.2724	1.4485
0.2436	1.9473
0.2621	1.4158
0.2950	1.3625
0.2725	1.4637
0.2442	1.9390
0.2621	1.4963
0.2936	1.3512
0.2725	1.4423
0.2451	1.9462
0.2623	1.4863
0.2927	1.3460
0.2723	1.4205
0.2458	1.9293
0.2624	1.5097
0.2912	1.3610
0.2721	1.4095
0.2468	1.8995
0.2618	1.4833
0.2902	1.3620
0.2729	1.3937
0.2476	1.8765
0.2621	1.4877
0.2891	1.3885
0.2725	1.3952
0.2484	1.8500
0.2633	1.5158
0.2883	1.4025
0.2713	1.3938
0.2490	1.8055
0.2633	1.5065
0.2877	1.3990
0.2712	1.4142
0.2494	1.7742
0.2636	1.5145
0.2874	1.4180
0.2709	1.4405
0.2497	1.7400
0.2635	1.5915
0.2871	1.4173
0.2711	1.4700
0.2499	1.6950
0.2634	1.5855
0.2872	1.4057
0.2712	1.5110
0.2498	1.6593
0.2638	1.5847
0.2868	1.4058
0.2707	1.5780
0.2501	1.6455
0.2635	1.5592
0.2864	1.4312
0.2710	1.6420
0.2504	1.6385
0.2635	1.5895
0.2859	1.4277
0.2710	1.6920
0.2508	1.6485
0.2634	1.6877
0.2856	1.4513
0.2711	1.7298
0.2511	1.6320
0.2632	1.6883
0.2850	1.4463
0.2714	1.7523
0.2515	1.6420
0.2634	1.6480
0.2844	1.4695
0.2712	1.7683
0.2520	1.6583
0.2622	1.6485
0.2843	1.4890
0.2724	1.7457
0.2520	1.6502
0.2622	1.6317
0.2838	1.5163
0.2724	1.7268
0.2525	1.6458
0.2629	1.5910
0.2842	1.5158
0.2717	1.7170
0.2521	1.6452
0.2625	1.6240
0.2840	1.5365
0.2721	1.6912
0.2523	1.6300
0.2621	1.5985
0.2838	1.5482
0.2725	1.6668
0.2525	1.6235
0.2622	1.6490
0.2837	1.5058
0.2724	1.6783
0.2525	1.5660
0.2622	1.6280
0.2838	1.5258
0.2724	1.6735
0.2525	1.5343
0.2617	1.5777
0.2835	1.5042
0.2729	1.6688
0.2527	1.5227
0.2622	1.5975
0.2834	1.4972
0.2723	1.6657
0.2527	1.4860
0.2624	1.6542
0.2831	1.4393
0.2722	1.6695
0.2530	1.4492
0.2618	1.6733
0.2834	1.4382
0.2729	1.6810
0.2528	1.4220
0.2615	1.7083
0.2836	1.4548
0.2731	1.6902
0.2526	1.4140
0.2616	1.7375
0.2839	1.4237
0.2730	1.6637
0.2524	1.3750
0.2615	1.7300
0.2841	1.4035
0.2731	1.6530
0.2522	1.3662
0.2619	1.7220
0.2836	1.4162
0.2727	1.6255
0.2526	1.3183
0.2621	1.7483
0.2840	1.4358
0.2725	1.5885
0.2523	1.3330
0.2624	1.8220
0.2844	1.4138
0.2722	1.5617
0.2519	1.3100
0.2627	1.8325
0.2842	1.4148
0.2718	1.5617
0.2521	1.2938
0.2633	1.8250
0.2840	1.4148
0.2712	1.5807
0.2522	1.2900
0.2638	1.8080
0.2847	1.4737
0.2707	1.6063
0.2517	1.2680
0.2640	1.8065
0.2850	1.4707
0.2705	1.6360
0.2515	1.2645
0.2651	1.8067
0.2853	1.4512
0.2693	1.6685
0.2513	1.2230
0.2508	1.2202
0.2654	1.8078
0.2858	1.5005
0.2690	1.7390
0.2506	1.2070
0.2649	1.7922
0.2862	1.5463
0.2695	1.7790
0.2500	1.2160
0.2647	1.7877
0.2869	1.5458
0.2697	1.8140
0.2497	1.2155
0.2644	1.7700
0.2874	1.5615
0.2700	1.8413
0.2491	1.2240
0.2643	1.7270
0.2882	1.5930
0.2701	1.8683
0.2486	1.2495
0.2637	1.6750
0.2888	1.5640
0.2708	1.8643
0.2480	1.2663
0.2635	1.6795
0.2896	1.5740
0.2710	1.8393
0.2476	1.2948
0.2634	1.6880
0.2902	1.5358
0.2711	1.7873
0.2472	1.3127
0.2630	1.6600
0.2908	1.5248
0.2716	1.7665
0.2467	1.3453
0.2632	1.6368
0.2914	1.5267
0.2714	1.7490
0.2469	1.3560
0.2627	1.6282
0.2911	1.5183
0.2718	1.7125
0.2468	1.3812
0.2627	1.6370
0.2913	1.4882
0.2719	1.7207
0.2470	1.3945
0.2633	1.6060
0.2910	1.4892
0.2712	1.7473
0.2471	1.4097
0.2630	1.5808
0.2909	1.4860
0.2716	1.7690
0.2468	1.4090
0.2628	1.5417
0.2912	1.4785
0.2718	1.8050
0.2466	1.4040
0.2625	1.5470
0.2916	1.5008
0.2721	1.8500
0.2467	1.3952
0.2623	1.5308
0.2914	1.4802
0.2722	1.9177
0.2464	1.3790
0.2614	1.4657
0.2918	1.4930
0.2732	1.9130
0.2462	1.3695
0.2604	1.4492
0.2921	1.4843
0.2744	1.9205
0.2458	1.3722
0.2596	1.4760
0.2926	1.4538
0.2753	1.9040
0.2458	1.3885
0.2586	1.4805
0.2927	1.4340
0.2764	1.8827
0.2458	1.4020
0.2575	1.4395
0.2927	1.4332
0.2777	1.8585
0.2456	1.4145
0.2573	1.4220
0.2929	1.4205
0.2779	1.8455
0.2457	1.4207
0.2566	1.4570
0.2929	1.4045
0.2787	1.7735
0.2459	1.4528
0.2570	1.4342
0.2926	1.3925
0.2783	1.7345
0.2460	1.4695
0.2571	1.4230
0.2924	1.4085
0.2782	1.7080
0.2463	1.4720
0.2567	1.4255
0.2920	1.4450
0.2786	1.6625
0.2464	1.4827
0.2558	1.4405
0.2919	1.4805
0.2797	1.7040
0.2464	1.4912
0.2562	1.4583
0.2918	1.5290
0.2792	1.6965
0.2466	1.4610
0.2556	1.4255
0.2916	1.5620
0.2799	1.7143
0.2465	1.4490
0.2549	1.4237
0.2917	1.6105
0.2808	1.7260
0.2461	1.3983
0.2544	1.4405
0.2923	1.6495
0.2814	1.7155
0.2457	1.3835
0.2538	1.4682
0.2929	1.6812
0.2821	1.6523
0.2452	1.3580
0.2535	1.4620
0.2935	1.7412
0.2825	1.6322
0.2446	1.3480
0.2532	1.4510
0.2943	1.7972
0.2828	1.5928
0.2441	1.3353
0.2531	1.4463
0.2951	1.8410
0.2829	1.5928
0.2829	1.5103
0.2433	1.3327
0.2531	1.4173
0.2963	1.8710
0.2826	1.4680
0.2428	1.3460
0.2534	1.3770
0.2970	1.9200
0.2819	1.4388
0.2419	1.3297
0.2540	1.3615
0.2985	1.9565
0.2822	1.4478
0.2412	1.3380
0.2538	1.3020
0.2994	2.0095
0.2831	1.4293
0.2405	1.3362
0.2530	1.2682
0.3005	2.0410
0.2829	1.3878
0.2397	1.3667
0.2532	1.2302
0.3018	2.0645
0.2835	1.4340
0.2389	1.3710
0.2527	1.2240
0.3031	2.0865
0.2837	1.4693
0.2379	1.3738
0.2525	1.1938
0.3047	2.0695
0.2852	1.4900
0.2369	1.3502
0.2514	1.1977
0.3065	2.0505
0.2855	1.4525
0.2360	1.3195
0.2511	1.2080
0.3079	2.0293
0.2855	1.4995
0.2353	1.2828
0.2511	1.2280
0.3091	2.0095
0.2860	1.4990
0.2347	1.2735
0.2507	1.2695
0.3102	1.9695
0.2864	1.4955
0.2340	1.2713
0.2505	1.2680
0.3114	1.9635
0.2869	1.4410
0.2333	1.2853
0.2500	1.2888
0.3125	1.9547
0.2871	1.4597
0.2326	1.3013
0.2499	1.3077
0.3139	1.9473
0.2873	1.4532
0.2317	1.3155
0.2497	1.3160
0.3156	1.9370
0.2872	1.4105
0.2312	1.3267
0.2498	1.3223
0.3164	1.9500
0.2874	1.4000
0.2303	1.3713
0.2496	1.3375
0.3182	1.9405
0.2877	1.3847
0.2296	1.3992
0.2495	1.3613
0.3196	1.9402
0.2880	1.3882
0.2290	1.4235
0.2492	1.3858
0.3207	1.9385
0.2877	1.3822
0.2286	1.4470
0.2494	1.4090
0.3214	1.9225
0.2874	1.3922
0.2280	1.4533
0.2496	1.4298
0.3227	1.9172
0.2874	1.4095
0.2279	1.4165
0.2497	1.4530
0.3228	1.8830
0.2873	1.4517
0.2276	1.3935
0.2498	1.4980
0.3235	1.8663
0.2871	1.4315
0.2271	1.3767
0.2499	1.4870
0.3244	1.8407
0.2869	1.4737
0.2267	1.3490
0.2501	1.4887
0.3254	1.8407
0.2866	1.4848
0.2264	1.3438
0.2502	1.4680
0.3260	1.8217
0.2867	1.4868
0.2255	1.3022
0.2502	1.4338
0.3279	1.8357
0.2869	1.4792
0.2247	1.3250
0.2500	1.4300
0.3295	1.8285
0.2871	1.4632
0.2242	1.3987
0.2499	1.3940
0.3305	1.8220
0.2875	1.4597
0.2236	1.4217
0.2496	1.3682
0.3319	1.8315
0.2877	1.4458
0.2231	1.3823
0.2494	1.3450
0.3330	1.8133
0.2883	1.4255
0.2225	1.4963
0.2490	1.3332
0.3344	1.8193
0.2881	1.4057
0.2225	1.5050
0.2491	1.3100
0.3344	1.7988
0.2883	1.4103
0.2228	1.5000
0.2490	1.3128
0.3336	1.8047
0.2884	1.4067
0.2225	1.5300
0.2489	1.3240
0.3343	1.7853
0.2883	1.4205
0.2220	1.5192
0.2490	1.3333
0.3354	1.7797
0.2882	1.4332
0.2222	1.5063
0.2490	1.3522
0.3350	1.7845
0.2885	1.4630
0.2218	1.4895
0.2488	1.3353
0.3360	1.7780
0.2887	1.4792
0.2212	1.4140
0.2487	1.3435
0.3373	1.7875
0.2889	1.4853
0.2211	1.3873
0.2486	1.3445
0.3377	1.7968
0.2892	1.4955
0.2206	1.4408
0.2483	1.3340
0.3389	1.7927
0.2896	1.4938
0.2198	1.3860
0.2480	1.3362
0.3407	1.7810
0.2902	1.4638
0.2197	1.4250
0.2476	1.3350
0.3410	1.7702
0.2906	1.4880
0.2192	1.4545
0.2473	1.3390
0.3421	1.7548
0.2907	1.4295
0.2185	1.4587
0.2472	1.3360
0.3437	1.7265
0.2910	1.4193
0.2186	1.4797
0.2470	1.3495
0.3435	1.7085
0.2909	1.4160
0.2184	1.5300
0.2471	1.3925
0.3441	1.6810
0.2906	1.4275
0.2184	1.5085
0.2473	1.4397
0.3440	1.6545
0.2912	1.4415
0.2183	1.5163
0.2468	1.4553
0.3443	1.6290
0.2904	1.4690
0.2185	1.5310
0.2474	1.4977
0.3439	1.5750
0.2903	1.4897
0.2184	1.4955
0.2475	1.5197
0.3442	1.5835
0.2900	1.5295
0.2183	1.4780
0.2477	1.5108
0.3442	1.5627
0.2900	1.5820
0.2183	1.4427
0.2477	1.5080
0.3444	1.5615
0.2903	1.5545
0.2181	1.4345
0.2475	1.5030
0.3448	1.5463
0.2902	1.6053
0.2181	1.4313
0.2475	1.5235
0.3448	1.5635
0.2905	1.5942
0.2178	1.4135
0.2474	1.5030
0.3456	1.5485
0.2912	1.5807
0.2176	1.3833
0.2469	1.4875
0.3461	1.5347
0.2919	1.5585
0.2173	1.3892
0.2464	1.4660
0.3469	1.5373
0.2921	1.5455
0.2172	1.3862
0.2462	1.4787
0.3470	1.5395
0.2918	1.5633
0.2172	1.4075
0.2464	1.4797
0.3470	1.5448
0.2919	1.5597
0.2171	1.3925
0.2464	1.5017
0.3474	1.5205
0.2916	1.5758
0.2169	1.3967
0.2466	1.5230
0.3479	1.5080
0.2916	1.5688
0.2169	1.4073
0.2466	1.5132
0.3479	1.4963
0.2915	1.5862
0.2167	1.3977
0.2467	1.5192
0.3485	1.4650
0.2917	1.6163
0.2168	1.3662
0.2465	1.4955
0.3481	1.4585
0.2915	1.6473
0.2166	1.3870
0.2467	1.5060
0.3487	1.4520
0.3488	1.4415
0.2921	1.6490
0.2165	1.4095
0.2462	1.4902
0.3490	1.4368
0.2928	1.6400
0.2165	1.3935
0.2457	1.4830
0.3486	1.4290
0.2932	1.6168
0.2166	1.4138
0.2454	1.5100
0.3493	1.4302
0.2939	1.5715
0.2164	1.4100
0.2450	1.4983
0.3490	1.4303
0.2943	1.5488
0.2165	1.4385
0.2447	1.4733
0.3486	1.4337
0.2943	1.4797
0.2166	1.4448
0.2447	1.5030
0.3490	1.4180
0.2943	1.4452
0.2165	1.4360
0.2447	1.5610
0.3488	1.4267
0.2933	1.4285
0.2165	1.4423
0.2454	1.6153
0.3485	1.4092
0.2929	1.3857
0.2166	1.4232
0.2456	1.6680
0.3485	1.3853
0.2928	1.3715
0.2167	1.3880
0.2457	1.6978
0.3485	1.4163
0.2917	1.3820
0.2166	1.3745
0.2465	1.7402
0.3486	1.4177
0.2909	1.3933
0.2166	1.3595
0.2471	1.7590
0.3482	1.4243
0.2901	1.4362
0.2168	1.3400
0.2477	1.7327
0.3489	1.4640
0.2891	1.4375
0.2165	1.3148
0.2484	1.7387
0.3489	1.4638
0.2888	1.4525
0.2165	1.3205
0.2486	1.7785
0.3497	1.4710
0.2882	1.4607
0.2162	1.3185
0.2490	1.7410
0.3504	1.5117
0.2881	1.4788
0.2159	1.3462
0.2491	1.7515
0.3509	1.4750
0.2883	1.4605
0.2157	1.3502
0.2490	1.7245
0.3522	1.5015
0.2878	1.4672
0.2152	1.3820
0.2493	1.7370
0.3520	1.5292
0.2873	1.4595
0.2153	1.4062
0.2497	1.7483
0.3523	1.5292
0.2870	1.4513
0.2152	1.4090
0.2500	1.7715
0.3526	1.5253
0.2863	1.4500
0.2151	1.4350
0.2505	1.7998
0.3513	1.5247
0.2857	1.4278
0.2156	1.4230
0.2510	1.8195
0.3519	1.5195
0.2847	1.4495
0.2154	1.4192
0.2518	1.8378
0.3520	1.5617
0.2840	1.4348
0.2153	1.3900
0.2522	1.8200
0.3526	1.5790
0.2830	1.4490
0.2151	1.3805
0.2531	1.8325
0.3526	1.5620
0.2824	1.4315
0.2151	1.3508
0.2536	1.8178
0.3534	1.6348
0.2819	1.4132
0.2148	1.3285
0.2540	1.8300
0.3547	1.6257
0.2815	1.3915
0.2143	1.3253
0.2543	1.8047
0.3563	1.6150
0.2811	1.3593
0.2137	1.3200
0.2546	1.8332
0.3573	1.5842
0.2808	1.3437
0.2134	1.3220
0.2549	1.8097
0.3580	1.5885
0.2801	1.3062
0.2132	1.3308
0.2554	1.8295
0.3590	1.5658
0.2790	1.2837
0.2128	1.3472
0.2563	1.8635
0.3595	1.5268
0.2781	1.2512
0.2126	1.3535
0.2571	1.8897
0.3594	1.5130
0.2766	1.2708
0.2126	1.3612
0.2584	1.9355
0.3593	1.5185
0.2757	1.2472
0.2127	1.3640
0.2592	1.9755
0.3592	1.5503
0.2743	1.2773
0.2127	1.3672
0.2605	1.9912
0.3590	1.5687
0.2730	1.2762
0.2128	1.3590
0.2617	1.9900
0.3591	1.5838
0.2718	1.3105
0.2127	1.3570
0.2628	2.0010
0.3602	1.6215
0.2709	1.3397
0.2124	1.3255
0.2636	1.9672
0.3613	1.6553
0.2698	1.3245
0.2120	1.3448
0.2647	1.9515
0.3627	1.6513
0.2694	1.3517
0.2115	1.3468
0.2651	1.9225
0.3645	1.6620
0.2684	1.3300
0.2109	1.3485
0.2661	1.8590
0.3654	1.6833
0.2678	1.3185
0.2106	1.3883
0.2666	1.8305
0.3672	1.6412
0.2673	1.2875
0.2100	1.4163
0.2671	1.8083
0.3675	1.6287
0.2665	1.2833
0.2099	1.4485
0.2679	1.7883
0.3672	1.5895
0.2660	1.2775
0.2100	1.4607
0.2685	1.7867
0.3672	1.5643
0.2653	1.3010
0.2100	1.4797
0.2691	1.7908
0.3669	1.5530
0.2644	1.3088
0.2101	1.4877
0.2701	1.7898
0.3662	1.5293
0.2635	1.3223
0.2104	1.5202
0.2710	1.7853
0.3660	1.5220
0.2626	1.3672
0.2104	1.4867
0.2719	1.7840
0.3661	1.5420
0.2622	1.3740
0.2104	1.4723
0.2724	1.7568
0.3668	1.5482
0.2615	1.4135
0.2102	1.4620
0.2732	1.7673
0.3672	1.5255
0.2611	1.4132
0.2100	1.4270
0.2736	1.7420
0.3675	1.5255
0.2609	1.4055
0.2099	1.4127
0.2739	1.7002
0.3684	1.4907
0.2607	1.4015
0.2096	1.3918
0.2740	1.6523
0.3691	1.4593
0.2606	1.3415
0.2094	1.3923
0.2741	1.5950
0.3696	1.4322
0.2604	1.3177
0.2092	1.4047
0.2743	1.5350
0.3696	1.4130
0.2599	1.2670
0.2092	1.4248
0.2749	1.4823
0.3692	1.4525
0.2595	1.2490
0.2094	1.4385
0.2754	1.4543
0.2757	1.4248
0.3687	1.4165
0.2592	1.2255
0.2095	1.4692
0.2763	1.4120
0.3680	1.4365
0.2587	1.2110
0.2098	1.4863
0.2765	1.3843
0.3675	1.4513
0.2585	1.2277
0.2099	1.4977
0.2769	1.3720
0.3669	1.4510
0.2582	1.2593
0.2101	1.5133
0.2770	1.3465
0.3679	1.4763
0.2581	1.2872
0.2098	1.5045
0.2770	1.3460
0.3670	1.4852
0.2580	1.3292
0.2101	1.4960
0.2771	1.3435
0.3677	1.5163
0.2579	1.3730
0.2098	1.4847
0.2767	1.3510
0.3683	1.4965
0.2583	1.4013
0.2097	1.4510
0.2766	1.3598
0.3679	1.5007
0.2584	1.4230
0.2098	1.4233
0.2763	1.3440
0.3684	1.4365
0.2587	1.4070
0.2096	1.4108
0.2760	1.3448
0.3684	1.4248
0.2590	1.4043
0.2096	1.3955
0.2758	1.3487
0.3688	1.3807
0.2591	1.3915
0.2095	1.4012
0.2757	1.3717
0.3687	1.3607
0.2592	1.3558
0.2095	1.4027
0.2759	1.3812
0.3690	1.4007
0.2590	1.3505
0.2094	1.4345
0.2760	1.4040
0.3686	1.4070
0.2589	1.3648
0.2096	1.4720
0.2761	1.4292
0.3678	1.4303
0.2588	1.3745
0.2098	1.5047
0.2765	1.4285
0.3672	1.4350
0.2585	1.3830
0.2100	1.5560
0.2770	1.4330
0.3672	1.4750
0.2581	1.3927
0.2100	1.6067
0.2771	1.4503
0.3670	1.4535
0.2580	1.4345
0.2101	1.6162
0.2769	1.4560
0.3667	1.4765
0.2582	1.4712
0.2102	1.6520
0.2768	1.4450
0.3664	1.5003
0.2582	1.4815
0.2103	1.6667
0.2765	1.4400
0.3655	1.4953
0.2585	1.4958
0.2106	1.6630
0.2763	1.4232
0.3652	1.5043
0.2587	1.4918
0.2107	1.6743
0.2761	1.3702
0.3646	1.4593
0.2588	1.4590
0.2109	1.6553
0.2758	1.3815
0.3638	1.4598
0.2591	1.4133
0.2111	1.6573
0.2756	1.3480
0.3633	1.4585
0.2593	1.3687
0.2113	1.6755
0.2756	1.3678
0.3627	1.4463
0.2593	1.3302
0.2115	1.6800
0.2759	1.3458
0.3626	1.4293
0.2590	1.3187
0.2115	1.7042
0.2758	1.3357
0.3618	1.4477
0.2592	1.2845
0.2118	1.7490
0.2764	1.3335
0.3614	1.4275
0.2586	1.2860
0.2119	1.7742
0.2765	1.3485
0.3607	1.4085
0.2585	1.3050
0.2122	1.8073
0.2771	1.3282
0.3594	1.4090
0.2580	1.3270
0.2126	1.8345
0.2767	1.3038
0.3580	1.3850
0.2583	1.3707
0.2131	1.8463
0.2769	1.3460
0.3567	1.3850
0.2581	1.4233
0.2136	1.8418
0.2765	1.2970
0.3549	1.3695
0.2585	1.4670
0.2143	1.8363
0.2762	1.3118
0.3531	1.3562
0.2587	1.4977
0.2149	1.8087
0.2757	1.2745
0.3519	1.3580
0.2592	1.5235
0.2154	1.7820
0.2749	1.3345
0.3509	1.3577
0.2599	1.5055
0.2157	1.7795
0.2746	1.3162
0.3502	1.3535
0.2602	1.4962
0.2160	1.7640
0.2738	1.3407
0.3496	1.3480
0.2609	1.4545
0.2162	1.7515
0.2737	1.3747
0.3493	1.3550
0.2610	1.4160
0.2164	1.7280
0.2733	1.4155
0.3488	1.3472
0.2614	1.3798
0.2166	1.7425
0.2741	1.4300
0.3475	1.3430
0.2606	1.3665
0.2170	1.7890
0.2742	1.4407
0.3466	1.3445
0.2606	1.3645
0.2174	1.8247
0.2748	1.4690
0.3450	1.3285
0.2600	1.3607
0.2180	1.8417
0.2756	1.4922
0.3440	1.3275
0.2593	1.3773
0.2184	1.8712
0.2762	1.5142
0.3423	1.3308
0.2588	1.3973
0.2191	1.8625
0.2759	1.4613
0.3403	1.3197
0.2591	1.4397
0.2200	1.8318
0.2757	1.4727
0.3388	1.3427
0.2592	1.4962
0.2206	1.8090
0.2755	1.4590
0.3375	1.3597
0.2594	1.5365
0.2211	1.7755
0.2754	1.4178
0.3365	1.3710
0.2595	1.5797
0.2216	1.7630
0.2751	1.4015
0.3363	1.3912
0.2598	1.6082
0.2217	1.7312
0.2745	1.4280
0.3356	1.4020
0.2603	1.6015
0.2220	1.6855
0.2738	1.4283
0.3357	1.3987
0.2609	1.5983
0.2219	1.6703
0.2736	1.4515
0.3354	1.4048
0.2611	1.6082
0.2221	1.6703
0.2732	1.4270
0.3350	1.3910
0.2615	1.6202
0.2222	1.6763
0.2731	1.4273
0.3345	1.3960
0.2616	1.6665
0.2224	1.7110
0.2732	1.4150
0.3338	1.4152
0.2614	1.7088
0.2228	1.7410
0.2732	1.4080
0.3327	1.3893
0.2615	1.7523
0.2233	1.7720
0.2731	1.3800
0.3316	1.4070
0.2615	1.8150
0.2238	1.7950
0.2725	1.3590
0.3301	1.4078
0.2621	1.8800
0.2244	1.8145
0.2715	1.3548
0.3293	1.3920
0.2630	1.9495
0.2248	1.8253
0.2701	1.3280
0.3284	1.4290
0.2644	2.0230
0.2252	1.8210
0.2688	1.3125
0.3273	1.4280
0.2657	2.0938
0.2257	1.8155
0.2673	1.3008
0.3269	1.4200
0.2672	2.1255
0.2259	1.8027
0.2656	1.3192
0.3261	1.4173
0.2688	2.1235
0.2263	1.7690
0.2645	1.3197
0.3251	1.3840
0.2700	2.0982
0.2268	1.7550
0.2632	1.3503
0.3253	1.3653
0.2713	2.0675
0.2267	1.7330
0.2620	1.3493
0.3243	1.3640
0.2726	2.0063
0.2272	1.7150
0.2613	1.3787
0.3234	1.3447
0.2733	1.9785
0.2277	1.6985
0.2611	1.3907
0.3227	1.3480
0.2736	1.9612
0.2280	1.6927
0.2605	1.3665
0.3215	1.3692
0.2743	1.9400
0.2286	1.6653
0.2600	1.3558
0.3206	1.3408
0.2748	1.9437
0.2290	1.6990
0.2596	1.3427
0.3200	1.3645
0.2753	1.9247
0.2294	1.6867
0.2589	1.3025
0.3195	1.3905
0.2760	1.9523
0.2296	1.6942
0.2578	1.3133
0.3189	1.3930
0.2773	1.9980
0.2299	1.7030
0.2567	1.2925
0.3190	1.3995
0.2786	2.0380
0.2299	1.6870
0.2553	1.2800
0.3179	1.4085
0.2802	2.0750
0.2305	1.6775
0.2542	1.2807
0.3177	1.4148
0.2815	2.1005
0.2306	1.6620
0.2528	1.2825
0.3171	1.4070
0.2834	2.0710
0.2308	1.6332
0.2520	1.2960
0.3163	1.3975
0.2843	2.0260
0.2313	1.5965
0.2507	1.2997
0.3156	1.4015
0.2860	1.9787
0.2317	1.5790
0.2497	1.3118
0.3152	1.4007
0.2873	1.9267
0.2319	1.5148
0.2490	1.3092
0.3150	1.4018
0.2883	1.8978
0.2320	1.4797
0.2488	1.3037
0.3149	1.3978
0.2886	1.8687
0.2320	1.4245
0.2484	1.2635
0.3150	1.4340
0.2890	1.8525
0.2320	1.3798
0.2481	1.2607
0.3154	1.4593
0.2895	1.8530
0.2318	1.3523
0.2476	1.2455
0.3156	1.4725
0.2902	1.8627
0.2317	1.3253
0.2469	1.2617
0.3161	1.4840
0.2912	1.8925
0.2314	1.3065
0.2311	1.3038
0.2457	1.2620
0.3166	1.4752
0.2928	1.9515
0.2307	1.3080
0.2448	1.2565
0.3174	1.4835
0.2941	2.0340
0.2305	1.3160
0.2435	1.2698
0.3178	1.4487
0.2960	2.0748
0.2303	1.3278
0.2422	1.2677
0.3182	1.4403
0.2979	2.0930
0.2301	1.3375
0.2414	1.2700
0.3186	1.4207
0.2992	2.0850
0.2302	1.3578
0.2405	1.2967
0.3184	1.4277
0.3005	2.0663
0.2301	1.3775
0.2392	1.3152
0.3185	1.4140
0.3026	2.0130
0.2304	1.3925
0.2385	1.3223
0.3181	1.3962
0.3037	1.9873
0.2305	1.4032
0.2378	1.3550
0.3179	1.3925
0.3048	1.9545
0.2305	1.4075
0.2373	1.3585
0.3178	1.3970
0.3057	1.8790
0.2304	1.4095
0.2368	1.3410
0.3180	1.4197
0.3066	1.8688
0.2303	1.4075
0.2367	1.3267
0.3182	1.4050
0.3067	1.8112
0.2305	1.4265
0.2359	1.3270
0.3179	1.4167
0.3081	1.7980
0.2304	1.4320
0.2354	1.3535
0.3179	1.4338
0.3089	1.8078
0.2302	1.4573
0.2355	1.3695
0.3183	1.4275
0.3088	1.8322
0.2301	1.4542
0.2346	1.3835
0.3186	1.4300
0.3104	1.8282
0.2302	1.4687
0.2338	1.3610
0.3184	1.4455
0.3118	1.8280
0.2305	1.4827
0.2333	1.3497
0.3179	1.4888
0.3126	1.7410
0.2305	1.4872
0.2328	1.3267
0.3179	1.5310
0.3135	1.7105
0.2308	1.4970
0.2322	1.3007
0.3172	1.5598
0.3146	1.7373
0.2306	1.5192
0.2319	1.3015
0.3175	1.6045
0.3152	1.6047
0.2306	1.5147
0.2316	1.2940
0.3177	1.6622
0.3158	1.5540
0.2304	1.4542
0.2316	1.2877
0.3180	1.7207
0.3157	1.4855
0.2300	1.4820
0.2312	1.2575
0.3188	1.7525
0.3165	1.4162
0.2296	1.4117
0.2307	1.2437
0.3196	1.8080
0.3173	1.3355
0.2292	1.4345
0.2313	1.2290
0.3203	1.8175
0.3163	1.3280
0.2286	1.4467
0.2310	1.2338
0.3214	1.8205
0.3169	1.2815
0.2277	1.3875
0.2312	1.2385
0.3234	1.8152
0.3166	1.3345
0.3167	1.2878
0.2276	1.3715
0.2311	1.2660
0.3235	1.7760
0.3164	1.2965
0.2267	1.3858
0.2312	1.2695
0.3254	1.7802
0.3171	1.3343
0.2266	1.3733
0.2308	1.2830
0.3254	1.7720
0.3167	1.3340
0.2267	1.3988
0.2311	1.3025
0.3254	1.7813
0.3177	1.3663
0.2260	1.4503
0.2306	1.3340
0.3269	1.7775
0.3169	1.3815
0.2258	1.4090
0.2310	1.3470
0.3273	1.7853
0.3179	1.3995
0.2255	1.4507
0.2305	1.3965
0.3279	1.8110
0.3173	1.3792
0.2251	1.4565
0.2307	1.4220
0.3287	1.8263
0.3175	1.4075
0.2247	1.4065
0.2306	1.4785
0.3295	1.8438
0.3172	1.3773
0.2243	1.4115
0.2308	1.5008
0.3303	1.8640
0.3173	1.4017
0.2238	1.3940
0.2307	1.5065
0.3315	1.8863
0.3165	1.3617
0.2230	1.3792
0.2312	1.5370
0.3332	1.8810
0.3163	1.3927
0.2229	1.3327
0.2313	1.5125
0.3335	1.8717
0.3153	1.3952
0.2223	1.3300
0.2318	1.5303
0.3349	1.8562
0.3152	1.4127
0.2214	1.3070
0.2319	1.5055
0.3368	1.8723
0.3148	1.4130
0.2209	1.3035
0.2321	1.5125
0.3382	1.8740
0.3144	1.4222
0.2205	1.3082
0.2323	1.4668
0.3390	1.8547
0.3149	1.4258
0.2197	1.3085
0.2320	1.4480
0.3408	1.8827
0.3148	1.4372
0.2195	1.3545
0.2321	1.4135
0.3414	1.8995
0.3154	1.4455
0.2188	1.4062
0.2318	1.4237
0.3432	1.9100
0.3154	1.4315
0.2182	1.4575
0.2318	1.4112
0.3446	1.9243
0.3156	1.4122
0.2177	1.4513
0.2317	1.3745
0.3458	1.9148
0.3158	1.4050
0.2173	1.4663
0.2315	1.3977
0.3468	1.8935
0.3158	1.3953
0.2170	1.4905
0.2316	1.3737
0.3476	1.8953
0.3156	1.3707
0.2166	1.4530
0.2317	1.3545
0.3487	1.8690
0.3152	1.3567
0.2164	1.4825
0.2319	1.3283
0.3492	1.8480
0.3151	1.3635
0.2161	1.4702
0.2319	1.3285
0.3500	1.8297
0.3151	1.3645
0.2157	1.4453
0.2319	1.3233
0.3510	1.8007
0.3153	1.3940
0.2157	1.4577
0.2318	1.3068
0.3511	1.7740
0.3157	1.4195
0.2149	1.4595
0.2316	1.3052
0.3533	1.7583
0.3159	1.4417
0.2148	1.4697
0.2315	1.3100
0.3535	1.7495
0.3163	1.4473
0.2144	1.5587
0.2313	1.3323
0.3546	1.7555
0.3167	1.4800
0.2140	1.5775
0.2311	1.3453
0.3555	1.7610
0.3175	1.5002
0.2141	1.5997
0.2306	1.3738
0.3554	1.7492
0.3179	1.5100
0.2138	1.6687
0.2304	1.4003
0.3561	1.7400
0.3178	1.5297
0.2138	1.6120
0.2305	1.4185
0.3561	1.7365
0.3174	1.4903
0.2142	1.6568
0.2307	1.4220
0.3549	1.7120
0.3178	1.4612
0.2140	1.6448
0.2305	1.4265
0.3556	1.7013
0.3178	1.4205
0.2143	1.5672
0.2305	1.4253
0.3548	1.6980
0.3179	1.3745
0.2142	1.5195
0.2305	1.4073
0.3550	1.6637
0.3182	1.3697
0.2136	1.4880
0.2303	1.3762
0.3566	1.6533
0.3177	1.3848
0.2139	1.4055
0.2306	1.3627
0.3560	1.6378
0.3174	1.3737
0.2135	1.4315
0.2307	1.3535
0.3570	1.6463
0.3174	1.3978
0.2129	1.3688
0.2307	1.3365
0.3588	1.6417
0.3173	1.3765
0.2125	1.3580
0.2308	1.3382
0.3598	1.6397
0.3177	1.3903
0.2123	1.4058
0.2306	1.3530
0.3604	1.6315
0.3179	1.4465
0.2121	1.4385
0.2305	1.3585
0.3609	1.6558
0.3182	1.4828
0.2121	1.4225
0.2303	1.3540
0.3611	1.6412
0.3191	1.5213
0.2118	1.4828
0.2298	1.3615
0.3618	1.6355
0.3187	1.5202
0.2117	1.5218
0.2301	1.3595
0.3623	1.6337
0.3189	1.5480
0.2116	1.5195
0.2299	1.3698
0.3624	1.6193
0.3195	1.5260
0.2119	1.5213
0.2296	1.3652
0.3616	1.6040
0.3200	1.5238
0.2115	1.4970
0.2294	1.3483
0.3626	1.5952
0.3207	1.4915
0.2115	1.4887
0.2290	1.3368
0.3628	1.5595
0.3205	1.5092
0.2115	1.4875
0.2291	1.3255
0.3627	1.5393
0.3213	1.5020
0.2114	1.4805
0.2287	1.3167
0.3630	1.5145
0.3211	1.4768
0.2114	1.4233
0.2288	1.3037
0.3630	1.4895
0.3218	1.4877
0.2112	1.4865
0.2284	1.3132
0.3637	1.4770
0.3222	1.4637
0.2112	1.4643
0.2282	1.3280
0.3637	1.4482
0.3224	1.5195
0.2112	1.4682
0.2281	1.3525
0.3636	1.4323
0.3227	1.5332
0.2113	1.4837
0.2280	1.3753
0.3633	1.4213
0.3230	1.5992
0.2113	1.4735
0.2278	1.4025
0.3633	1.3993
0.3236	1.6097
0.2116	1.4815
0.2275	1.4245
0.3624	1.3952
0.3235	1.6087
0.2116	1.4732
0.2276	1.4470
0.3623	1.3972
0.3240	1.6125
0.2118	1.4507
0.2273	1.4495
0.3618	1.3840
0.3246	1.6040
0.2120	1.4297
0.2270	1.4320
0.3614	1.3568
0.3253	1.6235
0.2121	1.4125
0.2267	1.4300
0.3611	1.3513
0.3257	1.5623
0.2119	1.3720
0.2265	1.4285
0.3614	1.3293
0.3617	1.3228
0.3256	1.5747
0.2119	1.3672
0.2266	1.4058
0.3619	1.3253
0.3259	1.5600
0.2118	1.3697
0.2264	1.4100
0.3614	1.3185
0.3263	1.5323
0.2119	1.3540
0.2262	1.4067
0.3617	1.3265
0.3271	1.5283
0.2119	1.3830
0.2258	1.4160
0.3612	1.3148
0.3264	1.5405
0.2120	1.3782
0.2262	1.4310
0.3612	1.3148
0.3271	1.5618
0.2120	1.3855
0.2258	1.4370
0.3606	1.3368
0.3272	1.5613
0.2122	1.4010
0.2258	1.4625
0.3604	1.3758
0.3273	1.5990
0.2123	1.4088
0.2257	1.5035
0.3596	1.3678
0.3276	1.5397
0.2126	1.4082
0.2256	1.5315
0.3598	1.3820
0.3280	1.5592
0.2125	1.3862
0.2254	1.5530
0.3598	1.3905
0.3283	1.5303
0.2125	1.3845
0.2253	1.5665
0.3602	1.3953
0.3280	1.4910
0.2124	1.3575
0.2254	1.5813
0.3606	1.3895
0.3284	1.4590
0.2122	1.3595
0.2252	1.5930
0.3606	1.3987
0.3273	1.3982
0.2122	1.3290
0.2258	1.6065
0.3611	1.3970
0.3266	1.3460
0.2120	1.3278
0.2261	1.6158
0.3613	1.4055
0.3263	1.3110
0.2120	1.3612
0.2262	1.6880
0.3616	1.4047
0.3253	1.2970
0.2119	1.3685
0.2267	1.7230
0.3612	1.4110
0.3245	1.2545
0.2120	1.3833
0.2271	1.7465
0.3614	1.4327
0.3232	1.2922
0.2119	1.3918
0.2277	1.8017
0.3616	1.4517
0.3223	1.3088
0.2119	1.4207
0.2282	1.8440
0.3610	1.4378
0.3204	1.3192
0.2121	1.4270
0.2292	1.8792
0.3612	1.4543
0.3191	1.3328
0.2120	1.4338
0.2298	1.8850
0.3613	1.4795
0.3181	1.3445
0.2120	1.4187
0.2303	1.8973
0.3617	1.4880
0.3167	1.3335
0.2118	1.4200
0.2311	1.9170
0.3619	1.4748
0.3155	1.3282
0.2118	1.4220
0.2317	1.9128
0.3616	1.4603
0.3148	1.3247
0.2119	1.3973
0.2321	1.8578
0.3621	1.4565
0.3140	1.3295
0.2117	1.3983
0.2326	1.8343
0.3628	1.4515
0.3132	1.3058
0.2115	1.4043
0.2330	1.8493
0.3632	1.4412
0.3115	1.2945
0.2113	1.4275
0.2339	1.8315
0.3630	1.4498
0.3106	1.2810
0.2114	1.4420
0.2344	1.8377
0.3626	1.4870
0.3098	1.2798
0.2115	1.4663
0.2349	1.8680
0.3627	1.4895
0.3091	1.3080
0.2115	1.4890
0.2353	1.9070
0.3625	1.4885
0.3075	1.3062
0.2116	1.5092
0.2363	1.9480
0.3621	1.5017
0.3063	1.3245
0.2117	1.5133
0.2369	1.9532
0.3621	1.5103
0.3048	1.3178
0.2117	1.5133
0.2378	1.9840
0.3622	1.5242
0.3036	1.3058
0.2117	1.5035
0.2386	2.0075
0.3621	1.5282
0.3026	1.2772
0.2117	1.4815
0.2392	2.0122
0.3623	1.5222
0.3011	1.2805
0.2117	1.4558
0.2401	2.0115
0.3629	1.5143
0.2997	1.2630
0.2114	1.4302
0.2410	2.0093
0.3629	1.5105
0.2983	1.2462
0.2114	1.4032
0.2420	2.0015
0.3632	1.5000
0.2969	1.2507
0.2113	1.3857
0.2429	2.0072
0.3639	1.5135
0.2957	1.2258
0.2111	1.3928
0.2437	2.0018
0.3643	1.5395
0.2943	1.2432
0.2110	1.3952
0.2447	1.9960
0.3643	1.5592
0.2929	1.2620
0.2110	1.4245
0.2456	2.0035
0.3650	1.5910
0.2914	1.2927
0.2107	1.4647
0.2467	1.9925
0.3652	1.6440
0.2902	1.3402
0.2107	1.4790
0.2476	1.9853
0.3653	1.6502
0.2890	1.3748
0.2106	1.5085
0.2484	1.9795
0.3661	1.6742
0.2881	1.3993
0.2104	1.5117
0.2492	1.9443
0.3665	1.6822
0.2870	1.4315
0.2102	1.5245
0.2500	1.9130
0.3662	1.6687
0.2863	1.4410
0.2103	1.5415
0.2505	1.8710
0.3676	1.6545
0.2859	1.4203
0.2099	1.5293
0.2508	1.8058
0.3677	1.6235
0.2855	1.4097
0.2098	1.4867
0.2511	1.7497
0.3686	1.5825
0.2851	1.3923
0.2095	1.4690
0.2514	1.7073
0.3685	1.5720
0.2849	1.3855
0.2096	1.4432
0.2516	1.6465
0.3684	1.5610
0.2843	1.3895
0.2096	1.4087
0.2521	1.6260
0.3685	1.5767
0.2839	1.3795
0.2096	1.4263
0.2524	1.5973
0.3690	1.5190
0.2835	1.3882
0.2094	1.4235
0.2527	1.6110
0.3692	1.5688
0.2829	1.3990
0.2094	1.4443
0.2531	1.6098
0.3700	1.5760
0.2828	1.4037
0.2091	1.4525
0.2533	1.6192
0.3704	1.5780
0.2825	1.4295
0.2090	1.4478
0.2535	1.6058
0.3717	1.6207
0.2824	1.4500
0.2086	1.4600
0.2535	1.6125
0.3703	1.5968
0.2819	1.4548
0.2090	1.4765
0.2540	1.5922
0.3721	1.6195
0.2817	1.4540
0.2085	1.4780
0.2541	1.5765
0.3719	1.5793
0.2814	1.4387
0.2085	1.4655
0.2543	1.5568
0.3720	1.5442
0.2815	1.4130
0.2085	1.4425
0.2543	1.5390
0.3730	1.4815
0.2813	1.3925
0.2082	1.4003
0.2545	1.5180
0.3723	1.4978
0.2813	1.3805
0.2084	1.3720
0.2545	1.4610
0.3731	1.4180
0.2810	1.3752
0.2081	1.3400
0.2547	1.4137
0.3731	1.4572
0.2809	1.3815
0.2081	1.3210
0.2548	1.3705
0.3732	1.4432
0.2805	1.3817
0.2081	1.3085
0.2551	1.3470
0.3740	1.4097
0.2804	1.4210
0.2079	1.3055
0.2552	1.3215
0.2550	1.3275
0.3738	1.4343
0.2806	1.4522
0.2079	1.3225
0.2546	1.2963
0.3742	1.4053
0.2811	1.4850
0.2078	1.3515
0.2542	1.2935
0.3757	1.4138
0.2816	1.5492
0.2073	1.3818
0.2539	1.2783
0.3757	1.4115
0.2820	1.5503
0.2073	1.4160
0.2532	1.2708
0.3759	1.3900
0.2829	1.5580
0.2073	1.4517
0.2529	1.2477
0.3754	1.4012
0.2833	1.5793
0.2074	1.4785
0.2523	1.2572
0.3746	1.3905
0.2840	1.5423
0.2077	1.5008
0.2515	1.2360
0.3740	1.3308
0.2850	1.5263
0.2078	1.5057
0.2516	1.2243
0.3731	1.3373
0.2848	1.5185
0.2081	1.5020
0.2515	1.2427
0.3722	1.3418
0.2850	1.4760
0.2084	1.5040
0.2508	1.2252
0.3717	1.3223
0.2859	1.4738
0.2086	1.4913
0.2510	1.2488
0.3712	1.3322
0.2857	1.4498
0.2087	1.4738
0.2505	1.2825
0.3708	1.3190
0.2863	1.4288
0.2088	1.4835
0.2501	1.2883
0.3711	1.3245
0.2868	1.4457
0.2087	1.5098
0.2502	1.3058
0.3714	1.3325
0.2867	1.4600
0.2087	1.5520
0.2497	1.3445
0.3707	1.3133
0.2873	1.4430
0.2089	1.5920
0.2498	1.3517
0.3706	1.3027
0.2873	1.4642
0.2089	1.6403
0.2497	1.3812
0.3695	1.3007
0.2874	1.4527
0.2093	1.6725
0.2496	1.4117
0.3680	1.2910
0.2874	1.4420
0.2098	1.7405
0.2495	1.3927
0.3663	1.2705
0.2875	1.4170
0.2103	1.7813
0.2496	1.4098
0.3641	1.2720
0.2875	1.3758
0.2110	1.8253
0.2495	1.4007
0.3621	1.2735
0.2875	1.3397
0.2117	1.8625
0.2496	1.3692
0.3609	1.2805
0.2875	1.2925
0.2121	1.9002
0.2498	1.3707
0.3592	1.2910
0.2873	1.2738
0.2127	1.8637
0.2499	1.3637
0.3578	1.2977
0.2871	1.2370
0.2132	1.8385
0.2502	1.3517
0.3561	1.3275
0.2867	1.2378
0.2138	1.8515
0.2505	1.3540
0.3551	1.3435
0.2863	1.2385
0.2142	1.8540
