#rho	velocity
0.4128	1.2333
0.3223	1.2435
0.1975	1.1217
0.2282	1.3695
0.4132	1.2363
0.3222	1.2300
0.1974	1.1035
0.2283	1.3503
0.4133	1.2345
0.3219	1.2193
0.1974	1.0982
0.2284	1.3320
0.4131	1.2040
0.3211	1.2150
0.1975	1.1265
0.2288	1.3413
0.4132	1.1738
0.3210	1.1810
0.1974	1.1557
0.2289	1.3085
0.4129	1.1343
0.3204	1.2078
0.1975	1.2055
0.2291	1.3172
0.4132	1.1450
0.3201	1.2170
0.1974	1.2613
0.2293	1.3328
0.4132	1.1613
0.3202	1.2405
0.1974	1.3028
0.2292	1.3325
0.4120	1.1565
0.3200	1.2763
0.1977	1.3272
0.2294	1.3247
0.4114	1.1652
0.3194	1.2775
0.1978	1.3733
0.2297	1.3150
0.4104	1.1895
0.3201	1.2688
0.1981	1.3905
0.2293	1.2982
0.4092	1.1918
0.3198	1.2647
0.1984	1.4118
0.2295	1.2845
0.4085	1.1805
0.3200	1.2443
0.1985	1.4255
0.2294	1.2575
0.4074	1.1993
0.3201	1.2278
0.1988	1.4015
0.2293	1.2230
0.4062	1.1670
0.3202	1.2320
0.1991	1.4010
0.2292	1.1950
0.4062	1.1615
0.3198	1.1855
0.1991	1.3752
0.2295	1.1778
0.2295	1.1498
0.4058	1.1538
0.3197	1.1728
0.1992	1.3532
0.2294	1.1343
0.4050	1.1280
0.3200	1.1655
0.1994	1.3302
0.2293	1.0985
0.4053	1.1213
0.3201	1.1690
0.1993	1.3370
0.2293	1.0970
0.4036	1.1118
0.3201	1.1660
0.1997	1.3265
0.2292	1.0785
0.4033	1.1155
0.3202	1.1872
0.1998	1.3558
0.2292	1.0770
0.4027	1.1180
0.3203	1.2088
0.1999	1.3870
0.2290	1.0910
0.4019	1.1242
0.3207	1.2330
0.2001	1.3923
0.2286	1.0928
0.4003	1.1363
0.3216	1.2415
0.2005	1.4205
0.2285	1.1255
0.3993	1.1240
0.3216	1.2555
0.2008	1.4390
0.2283	1.1082
0.3984	1.1318
0.3221	1.2640
0.2010	1.4610
0.2281	1.1150
0.3971	1.1230
0.3225	1.2692
0.2013	1.4688
0.2279	1.1182
0.3964	1.1240
0.3229	1.2555
0.2015	1.4865
0.2278	1.1445
0.3961	1.1252
0.3231	1.2233
0.2016	1.4755
0.2279	1.1527
0.3936	1.1272
0.3228	1.2052
0.2022	1.4847
0.2276	1.1727
0.3929	1.1070
0.3235	1.1910
0.2024	1.5005
0.2276	1.1743
0.3918	1.1133
0.3235	1.1623
0.2027	1.5015
0.2276	1.1957
0.3905	1.1357
0.3235	1.1415
0.2031	1.5310
0.2277	1.1990
0.3894	1.1207
0.3232	1.1322
0.2034	1.5543
0.2280	1.1853
0.3882	1.1785
0.3227	1.1123
0.2037	1.5900
0.2281	1.2217
0.3863	1.1785
0.3224	1.1570
0.2042	1.6148
0.2282	1.2143
0.3852	1.1843
0.3222	1.1698
0.2045	1.6510
0.2285	1.2123
0.3843	1.1732
0.3218	1.1983
0.2048	1.6500
0.2285	1.2163
0.3830	1.1640
0.3218	1.2082
0.2052	1.6550
0.2287	1.2062
0.3813	1.1705
0.3213	1.2433
0.2057	1.6595
0.2283	1.1943
0.3799	1.1455
0.3221	1.2755
0.2061	1.6135
0.2281	1.2030
0.3779	1.1235
0.3225	1.2938
0.2067	1.5835
0.2277	1.1903
0.3765	1.1187
0.3232	1.3002
0.2071	1.5515
0.2278	1.2020
0.3751	1.0987
0.3230	1.3075
0.2075	1.5102
0.2276	1.1952
0.3740	1.0920
0.3235	1.3437
0.2079	1.4518
0.2273	1.2285
0.3728	1.0935
0.3241	1.3180
0.2082	1.4152
0.2273	1.2188
0.3721	1.1115
0.3241	1.3227
0.2085	1.3848
0.2273	1.2490
0.3720	1.1335
0.3241	1.3267
0.2085	1.3875
0.2274	1.2350
0.3713	1.1535
0.3240	1.3603
0.2087	1.3930
0.2272	1.2245
0.3711	1.1540
0.3244	1.3837
0.2088	1.3963
0.2274	1.2155
0.3708	1.1728
0.3240	1.3978
0.2088	1.4193
0.2270	1.1922
0.3703	1.1850
0.3247	1.4340
0.2090	1.4467
0.2269	1.1712
0.3694	1.1728
0.3248	1.4653
0.2093	1.4870
0.2265	1.1545
0.3684	1.1743
0.3257	1.4840
0.2096	1.5132
0.2260	1.1527
0.3673	1.1592
0.3269	1.4777
0.2100	1.5327
0.2254	1.1150
0.3661	1.1505
0.3280	1.4698
0.2104	1.5223
0.2248	1.1330
0.3649	1.1420
0.3293	1.4650
0.2108	1.5462
0.2243	1.1133
0.3635	1.1533
0.3304	1.4455
0.2113	1.5310
0.2240	1.1205
0.3622	1.1512
0.3310	1.4303
0.2117	1.5220
0.2238	1.1407
0.3611	1.1593
0.3314	1.4052
0.2121	1.4995
0.2237	1.1527
0.3609	1.1662
0.3316	1.3910
0.2121	1.4960
0.2236	1.1668
0.3595	1.1662
0.3319	1.3773
0.2126	1.4855
0.2236	1.1965
0.3594	1.1690
0.3320	1.3918
0.2127	1.4783
0.2234	1.2082
0.3586	1.1747
0.3324	1.4095
0.2129	1.4798
0.2233	1.2080
0.3584	1.1740
0.3326	1.4473
0.2130	1.4815
0.2230	1.2072
0.3575	1.1565
0.3332	1.4787
0.2133	1.5187
0.2227	1.2248
0.3566	1.1485
0.3339	1.5010
0.2136	1.4940
0.2224	1.2407
0.3555	1.1212
0.3347	1.5263
0.2141	1.5230
0.2220	1.2452
0.3543	1.1282
0.3355	1.5225
0.2145	1.5168
0.2215	1.2810
0.3533	1.0865
0.3367	1.5130
0.2149	1.5345
0.2211	1.2888
0.3517	1.0738
0.3377	1.4932
0.2155	1.5132
0.2209	1.3205
0.3508	1.0920
0.3381	1.4743
0.2158	1.4997
0.2207	1.3248
0.3493	1.0988
0.3384	1.4330
0.2164	1.4892
0.2207	1.3368
0.3489	1.1202
0.3386	1.4105
0.2165	1.4745
0.2210	1.3548
0.3472	1.1355
0.3378	1.3868
0.2172	1.4535
0.2210	1.3445
0.3466	1.1637
0.3378	1.3770
0.2174	1.4213
0.2212	1.3145
0.3466	1.1720
0.3374	1.3780
0.2174	1.4027
0.2213	1.2865
0.3459	1.1878
0.3371	1.3885
0.2177	1.3682
0.2213	1.2717
0.3456	1.1685
0.3372	1.4205
0.2178	1.3518
0.2212	1.2320
0.3455	1.1872
0.3375	1.4555
0.2178	1.3293
0.2207	1.2597
0.3454	1.1970
0.3384	1.4858
0.2179	1.3290
0.2203	1.2005
0.3452	1.1750
0.3395	1.5005
0.2179	1.3322
0.2198	1.2543
0.3449	1.1735
0.3408	1.5095
0.2181	1.3353
0.2192	1.2190
0.3445	1.1590
0.3421	1.5028
0.2182	1.3415
0.2188	1.2345
0.3438	1.1562
0.3430	1.4832
0.2185	1.3433
0.2188	1.2745
0.3434	1.1680
0.3431	1.4480
0.2187	1.3650
0.2183	1.3067
0.3428	1.1612
0.3443	1.4135
0.2189	1.3793
0.2188	1.3243
0.3420	1.1725
0.3430	1.3643
0.2192	1.3860
0.2185	1.3493
0.3413	1.1965
0.3437	1.3255
0.2195	1.3793
0.2188	1.3558
0.3411	1.2170
0.3432	1.2813
0.2196	1.3755
0.2191	1.3177
0.3408	1.2213
0.3425	1.2478
0.2198	1.3830
0.2193	1.3553
0.3401	1.2290
0.3420	1.2310
0.2200	1.3685
0.2194	1.2972
0.3399	1.2235
0.3417	1.2427
0.2201	1.3298
0.2194	1.3273
0.3402	1.2210
0.3415	1.2465
0.2200	1.2648
0.2196	1.3100
0.3401	1.2093
0.3413	1.2663
0.2200	1.2610
0.2195	1.2987
0.3397	1.1797
0.3414	1.2928
0.2202	1.2000
0.2195	1.3000
0.3396	1.1808
0.3414	1.3173
0.2203	1.1905
0.2203	1.1708
0.2194	1.3105
0.3396	1.1632
0.3418	1.3300
0.2199	1.1990
0.2193	1.3318
0.3403	1.1525
0.3418	1.3395
0.2201	1.1998
0.2192	1.3250
0.3399	1.1420
0.3422	1.3627
0.2200	1.1758
0.2191	1.3228
0.3403	1.1475
0.3423	1.3685
0.2201	1.1640
0.2191	1.3162
0.3399	1.1517
0.3424	1.3607
0.2202	1.1715
0.2192	1.2992
0.3398	1.1567
0.3422	1.3430
0.2204	1.2173
0.2194	1.2722
0.3392	1.1645
0.3417	1.3428
0.2206	1.1850
0.2192	1.2662
0.3388	1.1662
0.3421	1.3125
0.2205	1.2038
0.2190	1.2462
0.3390	1.1768
0.3425	1.3117
0.2204	1.1837
0.2191	1.2385
0.3393	1.1632
0.3424	1.3042
0.2204	1.1947
0.2189	1.2668
0.3392	1.1620
0.3428	1.3198
0.2205	1.1462
0.2186	1.2297
0.3391	1.1645
0.3435	1.3255
0.2203	1.1387
0.2187	1.2435
0.3394	1.1680
0.3433	1.3342
0.2202	1.1527
0.2185	1.2720
0.3397	1.1650
0.3439	1.3470
0.2203	1.1512
0.2185	1.2880
0.3394	1.1748
0.3439	1.3658
0.2205	1.1725
0.2187	1.3023
0.3390	1.2197
0.3434	1.3700
0.2203	1.2072
0.2185	1.3377
0.3396	1.2177
0.3440	1.3687
0.2203	1.2207
0.2183	1.3255
0.3395	1.2530
0.3443	1.3715
0.2204	1.2580
0.2183	1.3225
0.3393	1.2885
0.3443	1.3583
0.2202	1.2648
0.2183	1.3295
0.3398	1.3310
0.3443	1.3453
0.2199	1.2592
0.2183	1.3037
0.3403	1.3658
0.3444	1.3140
0.2204	1.2843
0.2183	1.3208
0.3394	1.4113
0.3442	1.2580
0.2200	1.2825
0.2183	1.3170
0.3402	1.4233
0.3444	1.2300
0.2199	1.2722
0.2182	1.2835
0.3404	1.4393
0.3447	1.2470
0.2197	1.2755
0.2183	1.2715
0.3409	1.4277
0.3443	1.2365
0.2195	1.2892
0.2186	1.2647
0.3415	1.3670
0.3436	1.1912
0.2190	1.2072
0.2191	1.2538
0.3425	1.3742
0.3425	1.1880
0.2189	1.2145
0.2192	1.2710
0.3427	1.3727
0.3422	1.2233
0.2188	1.2045
0.2187	1.2770
0.3432	1.3397
0.3434	1.2177
0.2187	1.2283
0.2187	1.2415
0.3434	1.3338
0.3435	1.2608
0.2192	1.2478
0.2190	1.2135
0.3421	1.3430
0.3426	1.2600
0.2187	1.2582
0.2190	1.1970
0.3432	1.3455
0.3427	1.3128
0.2185	1.2672
0.2187	1.1780
0.3439	1.3490
0.3432	1.3028
0.2186	1.2752
0.2187	1.1688
0.3435	1.3325
0.3433	1.2443
0.2187	1.2825
0.2181	1.1800
0.3434	1.3403
0.3448	1.2105
0.2186	1.2428
0.2181	1.1733
0.3437	1.3965
0.3448	1.2280
0.2182	1.2780
0.2179	1.1747
0.3446	1.4043
0.3452	1.1767
0.3452	1.1240
0.2182	1.2645
0.2180	1.1627
0.3447	1.3972
0.3452	1.1240
0.2182	1.2352
0.2180	1.1697
0.3445	1.3700
0.3442	1.0578
0.2181	1.2010
0.2184	1.2138
0.3448	1.3908
0.3439	1.0443
0.2177	1.1507
0.2185	1.2088
0.3458	1.3520
0.3427	1.0350
0.2175	1.1263
0.2190	1.2235
0.3462	1.3552
0.3423	1.0513
0.2172	1.1037
0.2191	1.2315
0.3471	1.3700
0.3422	1.0907
0.2173	1.1422
0.2192	1.2545
0.3468	1.4263
0.3411	1.1017
0.2169	1.1328
0.2196	1.2635
0.3479	1.4367
0.3409	1.0965
0.2166	1.1720
0.2197	1.2972
0.3485	1.4730
0.3408	1.1395
0.2160	1.1953
0.2198	1.3050
0.3501	1.4927
0.3409	1.1632
0.2157	1.2413
0.2197	1.3270
0.3511	1.5315
0.3413	1.1620
0.2155	1.2638
0.2195	1.3480
0.3514	1.5833
0.3404	1.1725
0.2153	1.2775
0.2199	1.3350
0.3521	1.5857
0.3392	1.1922
0.2149	1.3177
0.2204	1.3610
0.3531	1.6223
0.3389	1.1473
0.2148	1.3325
0.2205	1.3443
0.3535	1.5885
0.3385	1.1132
0.2145	1.3523
0.2207	1.3532
0.3542	1.5830
0.3379	1.1165
0.2144	1.2858
0.2210	1.3587
0.3546	1.5362
0.3374	1.1255
0.2140	1.2962
0.2212	1.3365
0.3556	1.5568
0.3370	1.1345
0.2138	1.2620
0.2214	1.3420
0.3561	1.5328
0.3363	1.1775
0.2137	1.2427
0.2217	1.3332
0.3565	1.5433
0.3355	1.1780
0.2135	1.2415
0.2220	1.2945
0.3569	1.5355
0.3358	1.1967
0.2132	1.2367
0.2219	1.3250
0.3577	1.5618
0.3356	1.2195
0.2129	1.2790
0.2220	1.3427
0.3587	1.5747
0.3345	1.2348
0.2124	1.2830
0.2224	1.3383
0.3600	1.5840
0.3353	1.2752
0.2120	1.3100
0.2221	1.3710
0.3612	1.6178
0.3359	1.3147
0.2118	1.3167
0.2218	1.3720
0.3617	1.6277
0.3350	1.2735
0.2114	1.3480
0.2222	1.3595
0.3630	1.6567
0.3346	1.2708
0.2113	1.3433
0.2224	1.3732
0.3632	1.6490
0.3347	1.2893
0.2111	1.3448
0.2224	1.3377
0.3639	1.6290
0.3341	1.2352
0.2109	1.3290
0.2226	1.2888
0.3645	1.5840
0.3342	1.2233
0.2107	1.2765
0.2226	1.3095
0.3650	1.5735
0.3338	1.2162
0.2105	1.2535
0.2227	1.2373
0.3658	1.5667
0.3333	1.2118
0.2102	1.1897
0.2230	1.2052
0.3668	1.5530
0.3335	1.1992
0.2099	1.1665
0.2229	1.2100
0.3675	1.5610
0.3341	1.2028
0.2098	1.1428
0.2226	1.1872
0.3680	1.5612
0.3339	1.2180
0.2092	1.1555
0.2227	1.2118
0.3697	1.5785
0.3345	1.2527
0.2087	1.1770
0.2224	1.2330
0.3714	1.5915
0.3347	1.2538
0.2081	1.2205
0.2223	1.2335
0.3731	1.6082
0.3344	1.2825
0.2077	1.2597
0.2225	1.2420
0.3746	1.6225
0.3345	1.2868
0.2072	1.2995
0.2225	1.2925
0.3760	1.6605
0.3343	1.2975
0.2070	1.3527
0.2225	1.2678
0.3766	1.6625
0.3343	1.2790
0.2069	1.3827
0.2225	1.2865
0.3772	1.6567
0.3337	1.2635
0.2068	1.4220
0.2228	1.2685
0.3775	1.6538
0.3344	1.2498
0.2068	1.4285
0.2225	1.2492
0.3776	1.6348
0.3340	1.2363
0.2066	1.4293
0.2227	1.2285
0.3780	1.6158
0.3346	1.1980
0.2065	1.3950
0.2224	1.1968
0.3783	1.5855
0.3344	1.1845
0.2063	1.3640
0.2225	1.2052
0.3791	1.5580
0.3346	1.2267
0.2062	1.3247
0.2224	1.2053
0.3796	1.5370
0.3344	1.2172
0.2059	1.2933
0.2225	1.1703
0.3805	1.5192
0.3346	1.2862
0.2057	1.2555
0.2224	1.1955
0.3813	1.5030
0.3343	1.2833
0.2054	1.2643
0.2225	1.2177
0.3821	1.4953
0.3338	1.3157
0.2052	1.2680
0.2227	1.2295
0.3828	1.4878
0.3342	1.3465
0.2050	1.2812
0.2226	1.2443
0.3836	1.4882
0.3354	1.3810
0.2048	1.3030
0.2220	1.2363
0.3841	1.4925
0.3361	1.3950
0.2045	1.3205
0.2218	1.2510
0.3852	1.4708
0.3361	1.4125
0.2046	1.3292
0.2218	1.2322
0.3851	1.4630
0.3363	1.4082
0.2044	1.3377
0.2216	1.2050
0.3856	1.4470
0.3369	1.3722
0.2044	1.3253
0.2214	1.1747
0.3857	1.4292
0.3377	1.3505
0.2043	1.3087
0.2210	1.2087
0.3861	1.4160
0.3379	1.2855
0.2044	1.3087
0.2210	1.1820
0.3858	1.3805
0.3384	1.2840
0.2043	1.2460
0.2207	1.1885
0.3861	1.3638
0.3384	1.2677
0.2043	1.2520
0.2207	1.1983
0.3861	1.3365
0.3387	1.2745
0.2041	1.1690
0.2206	1.1895
0.3867	1.2805
0.3386	1.2920
0.2039	1.1472
0.2207	1.2177
0.3873	1.2265
0.3384	1.3135
0.2039	1.1632
0.2208	1.2130
0.3874	1.2045
0.3382	1.3325
0.2036	1.1525
0.2208	1.2353
0.3886	1.1843
0.3881	1.1743
0.3379	1.3533
0.2037	1.1575
0.2210	1.2228
0.3890	1.1558
0.3389	1.3718
0.2035	1.1783
0.2206	1.2257
0.3885	1.1440
0.3394	1.3728
0.2036	1.1935
0.2203	1.1995
0.3870	1.1560
0.3402	1.3698
0.2040	1.2043
0.2200	1.1772
0.3870	1.1340
0.3407	1.3635
0.2040	1.2450
0.2198	1.1658
0.3866	1.1235
0.3414	1.3345
0.2042	1.2135
0.2195	1.1207
0.3861	1.1285
0.3421	1.2790
0.2043	1.2733
0.2192	1.1182
0.3859	1.1400
0.3427	1.2365
0.2044	1.2520
0.2190	1.1070
0.3859	1.1422
0.3429	1.1845
0.2043	1.2050
0.2189	1.0907
0.3853	1.1387
0.3428	1.1335
0.2045	1.2123
0.2189	1.0765
0.3854	1.1307
0.3429	1.1325
0.2045	1.2052
0.2189	1.0933
0.3847	1.1240
0.3426	1.1385
0.2047	1.2088
0.2190	1.0997
0.3851	1.1325
0.3424	1.1495
0.2046	1.2320
0.2191	1.1125
0.3851	1.1292
0.3424	1.1665
0.2046	1.2265
0.2191	1.1325
0.3848	1.1475
0.3420	1.1825
0.2046	1.2322
0.2193	1.1347
0.3843	1.1538
0.3423	1.1910
0.2048	1.2672
0.2191	1.1653
0.3835	1.1722
0.3430	1.2220
0.2050	1.2567
0.2189	1.1965
0.3829	1.1832
0.3435	1.2185
0.2052	1.2775
0.2186	1.2060
0.3831	1.1865
0.3437	1.2255
0.2052	1.2745
0.2186	1.2575
0.3828	1.1980
0.3440	1.2517
0.2052	1.2775
0.2185	1.3060
0.3821	1.2038
0.3435	1.2082
0.2054	1.2672
0.2187	1.3373
0.3822	1.1987
0.3432	1.1617
0.2054	1.2495
0.2188	1.3758
0.3823	1.1967
0.3427	1.1530
0.2054	1.2262
0.2190	1.4305
0.3825	1.1945
0.3416	1.1347
0.2053	1.2270
0.2194	1.4650
0.3825	1.1707
0.3407	1.1155
0.2053	1.2205
0.2198	1.4935
0.3825	1.1803
0.3394	1.1522
0.2053	1.1993
0.2204	1.5220
0.3821	1.1952
0.3380	1.1485
0.2054	1.2130
0.2209	1.5358
0.3821	1.2110
0.3371	1.1625
0.2054	1.2243
0.2213	1.5473
0.3821	1.2060
0.3360	1.1825
0.2054	1.2540
0.2218	1.5195
0.3813	1.2158
0.3352	1.1785
0.2057	1.2595
0.2221	1.4858
0.3815	1.2265
0.3350	1.1913
0.2056	1.2682
0.2222	1.4680
0.3817	1.2380
0.3343	1.2238
0.2055	1.2795
0.2225	1.4418
0.3819	1.2307
0.3339	1.1962
0.2055	1.2765
0.2227	1.4195
0.3811	1.2265
0.3339	1.2043
0.2057	1.2922
0.2227	1.4025
0.3812	1.2348
0.3337	1.1725
0.2057	1.2765
0.2228	1.4130
0.3813	1.2040
0.3331	1.1363
0.2057	1.2552
0.2231	1.4018
0.3809	1.1680
0.3331	1.1140
0.2058	1.2435
0.2231	1.4053
0.3807	1.1433
0.3321	1.1040
0.2058	1.2475
0.2235	1.4150
0.3802	1.1512
0.3316	1.0990
0.2060	1.2325
0.2237	1.4197
0.3801	1.1482
0.3299	1.1078
0.2060	1.2235
0.2245	1.4355
0.3800	1.1473
0.3291	1.1247
0.2060	1.2548
0.2249	1.4292
0.3795	1.1462
0.3279	1.1300
0.2062	1.2448
0.2255	1.4140
0.3789	1.1195
0.3271	1.1515
0.2064	1.2460
0.2258	1.3972
0.3788	1.1450
0.3269	1.1430
0.2064	1.2445
0.2259	1.4190
0.3790	1.1225
0.3266	1.2060
0.2063	1.2350
0.2261	1.3920
0.3782	1.2040
0.3265	1.2147
0.2066	1.2498
0.2261	1.4175
0.3780	1.1755
0.3269	1.2345
0.2066	1.2395
0.2259	1.4193
0.3771	1.1805
0.3268	1.2455
0.2069	1.2165
0.2260	1.4398
0.3773	1.1762
0.3257	1.2443
0.2068	1.1880
0.2265	1.4637
0.3769	1.1700
0.3259	1.2600
0.2070	1.2080
0.2264	1.4953
0.3787	1.1470
0.3248	1.2773
0.2064	1.1640
0.2270	1.5285
0.3777	1.1670
0.3240	1.2837
0.2067	1.1698
0.2273	1.5693
0.3779	1.1887
0.3230	1.3033
0.2067	1.1742
0.2278	1.6007
0.3784	1.2080
0.3223	1.3528
0.2065	1.1762
0.2282	1.5665
0.3780	1.2600
0.3216	1.3508
0.2066	1.2087
0.2285	1.5595
0.3777	1.2080
0.3212	1.3780
0.2067	1.2175
0.2287	1.5285
0.3779	1.2742
0.3209	1.4152
0.2067	1.2430
0.2289	1.5110
0.3775	1.3008
0.3205	1.4215
0.2068	1.2595
0.2291	1.5298
0.3782	1.3078
0.3212	1.4310
0.2066	1.2777
0.2287	1.4708
0.3784	1.3210
0.3215	1.4225
0.2065	1.2705
0.2286	1.4570
0.3784	1.3405
0.3216	1.4090
0.2065	1.2782
0.2285	1.4528
0.3786	1.3182
0.3220	1.4118
0.2065	1.2710
0.2283	1.4637
0.3791	1.3070
0.3208	1.4015
0.2063	1.2430
0.2290	1.4695
0.3793	1.2975
0.3215	1.3752
0.2062	1.2263
0.2286	1.5020
0.3794	1.2608
0.3209	1.3870
0.2062	1.2025
0.2289	1.5335
0.3795	1.2380
0.3203	1.3870
0.2062	1.2010
0.2292	1.5415
0.3793	1.2428
0.3199	1.3838
0.2062	1.2035
0.2294	1.5470
0.3793	1.2523
0.3191	1.4037
0.2062	1.1932
0.2298	1.4925
0.3803	1.2865
0.3186	1.4330
0.2060	1.2093
0.2301	1.5473
0.3800	1.3045
0.3185	1.4375
0.2060	1.2085
0.2301	1.5355
0.3795	1.3132
0.3185	1.4480
0.2062	1.2035
0.2302	1.5367
0.3797	1.3348
0.3187	1.4360
0.2061	1.2170
0.2301	1.5210
0.3808	1.3560
0.3190	1.4255
0.2058	1.2295
0.2299	1.5373
0.3815	1.3213
0.3191	1.4302
0.2056	1.2420
0.2298	1.5445
0.3822	1.3172
0.3189	1.3860
0.2054	1.2323
0.2299	1.5287
0.3827	1.2975
0.3185	1.3540
0.2053	1.2200
0.2301	1.5385
0.3827	1.2762
0.3181	1.3282
0.2053	1.1955
0.2303	1.5278
0.3830	1.2377
0.3169	1.3025
0.2052	1.1750
0.2310	1.5370
0.3826	1.1713
0.3163	1.2862
0.2053	1.1587
0.2313	1.5387
0.3825	1.1865
0.3157	1.2773
0.2053	1.1497
0.2316	1.5293
0.3817	1.1533
0.3148	1.2695
0.2055	1.1517
0.2321	1.4783
0.3820	1.1363
0.3147	1.2635
0.2054	1.1300
0.2322	1.4565
0.3826	1.1768
0.3143	1.2647
0.2053	1.1017
0.2324	1.4182
0.3819	1.1797
0.3141	1.2415
0.2055	1.1102
0.2325	1.3540
0.3833	1.2085
0.3139	1.2498
0.2051	1.1165
0.2326	1.3353
0.3827	1.2527
0.3143	1.2435
0.2053	1.1100
0.2324	1.2967
0.3829	1.2477
0.3143	1.2150
0.2052	1.0955
0.2324	1.2995
0.3852	1.2472
0.3138	1.1967
0.2045	1.1052
0.2326	1.2750
0.3846	1.2527
0.3141	1.1800
0.2047	1.1167
0.2325	1.2535
0.3852	1.2125
0.3140	1.1613
0.2045	1.0855
0.2326	1.2487
0.3859	1.1992
0.3137	1.1522
0.2043	1.0810
0.2327	1.2680
0.3865	1.1967
0.3130	1.1563
0.2042	1.0945
0.2331	1.2738
0.3868	1.1435
0.3127	1.1593
0.2041	1.1310
0.2333	1.2610
0.3859	1.1458
0.3126	1.1782
0.2043	1.1138
0.2333	1.2922
0.3870	1.1400
0.3122	1.1980
0.2040	1.1282
0.2336	1.3030
0.3862	1.1478
0.3120	1.2235
0.2043	1.1725
0.2336	1.3110
0.3859	1.1445
0.3120	1.2528
0.2043	1.1990
0.2337	1.3020
0.3856	1.1480
0.3118	1.2817
0.2044	1.2525
0.2337	1.3050
0.3856	1.1725
0.3118	1.2810
0.2044	1.2813
0.2337	1.2970
0.3856	1.1482
0.3119	1.2912
0.2044	1.3555
0.2337	1.2840
0.3852	1.1805
0.3120	1.2843
0.2045	1.4142
0.2337	1.2753
0.3849	1.1752
0.3120	1.2680
0.2046	1.4533
0.2336	1.2663
0.3837	1.1665
0.3123	1.2477
0.2050	1.4895
0.2335	1.2438
0.3827	1.1635
0.3123	1.2182
0.2053	1.5085
0.2335	1.2230
0.3809	1.1470
0.3123	1.1885
0.2058	1.5128
0.2335	1.2038
0.3793	1.1167
0.3122	1.1577
0.2062	1.4995
0.2335	1.1873
0.2337	1.1742
0.3778	1.1382
0.3120	1.1435
0.2067	1.5027
0.2337	1.1587
0.3762	1.1080
0.3119	1.1240
0.2072	1.4738
0.2338	1.1538
0.3756	1.1465
0.3117	1.1170
0.2074	1.4587
0.2339	1.1413
0.3750	1.1370
0.3116	1.1258
0.2075	1.4435
0.2340	1.1422
0.3742	1.1573
0.3114	1.1342
0.2078	1.4205
0.2340	1.1295
0.3744	1.1778
0.3114	1.1470
0.2077	1.4300
0.2339	1.1325
0.3732	1.1880
0.3116	1.1675
0.2081	1.4437
0.2339	1.1265
0.3738	1.1957
0.3116	1.1830
0.2079	1.4792
0.2336	1.1300
0.3722	1.1888
0.3120	1.2090
0.2084	1.5178
0.2336	1.1425
0.3719	1.1912
0.3121	1.2200
0.2085	1.5548
0.2335	1.1500
0.3707	1.1520
0.3123	1.2195
0.2089	1.5952
0.2333	1.1610
0.3691	1.1597
0.3126	1.2188
0.2094	1.6213
0.2332	1.1693
0.3678	1.1072
0.3128	1.2257
0.2098	1.6478
0.2330	1.1780
0.3660	1.1260
0.3132	1.2115
0.2104	1.6673
0.2331	1.1740
0.3643	1.0855
0.3129	1.2153
0.2110	1.6923
0.2332	1.1797
0.3624	1.0967
0.3128	1.2210
0.2116	1.6900
0.2333	1.1880
0.3608	1.1038
0.3127	1.2237
0.2122	1.7045
0.2333	1.1828
0.3592	1.1138
0.3127	1.2268
0.2127	1.7302
0.2333	1.1568
0.3578	1.1037
0.3127	1.2257
0.2132	1.7485
0.2332	1.1855
0.3559	1.1090
0.3129	1.2510
0.2139	1.7837
0.2330	1.1728
0.3551	1.1153
0.3131	1.2553
0.2142	1.7953
0.2329	1.1358
0.3535	1.1343
0.3133	1.3145
0.2148	1.8225
0.2327	1.1230
0.3518	1.1450
0.3137	1.3220
0.2154	1.8507
0.2323	1.1392
0.3495	1.1500
0.3145	1.3605
0.2163	1.8665
0.2324	1.1445
0.3472	1.1945
0.3142	1.3760
0.2172	1.8715
0.2323	1.1575
0.3454	1.1840
0.3144	1.3912
0.2179	1.8550
0.2313	1.1645
0.3437	1.1827
0.3162	1.3950
0.2185	1.8085
0.2311	1.1815
0.3419	1.1835
0.3167	1.4315
0.2193	1.7683
0.2309	1.2135
0.3404	1.2160
0.3170	1.4538
0.2199	1.7210
0.2307	1.1740
0.3395	1.2357
0.3175	1.4740
0.2203	1.6435
0.2305	1.1775
0.3390	1.2797
0.3178	1.5143
0.2205	1.6085
0.2305	1.2117
0.3385	1.2738
0.3179	1.5102
0.2207	1.5540
0.2300	1.2065
0.3379	1.2665
0.3187	1.5508
0.2210	1.5100
0.2297	1.2080
0.3375	1.2785
0.3194	1.5758
0.2211	1.4928
0.2292	1.1913
0.3376	1.2495
0.3203	1.6068
0.2211	1.4860
0.2287	1.1600
0.3377	1.2433
0.3212	1.6265
0.2211	1.4900
0.2282	1.1507
0.3372	1.2385
0.3223	1.6328
0.2213	1.5292
0.2275	1.1440
0.3363	1.2315
0.3237	1.6418
0.2217	1.5290
0.2270	1.1415
0.3355	1.2363
0.3246	1.6257
0.2220	1.5640
0.2263	1.1550
0.3341	1.2413
0.3261	1.5985
0.2226	1.6082
0.2257	1.1460
0.3334	1.2302
0.3275	1.5657
0.2229	1.6257
0.2254	1.1342
0.3319	1.2562
0.3279	1.5275
0.2236	1.6507
0.2249	1.1655
0.3313	1.2822
0.3291	1.4882
0.2239	1.6637
0.2247	1.1287
0.3302	1.2878
0.3295	1.4607
0.2244	1.6520
0.2247	1.1410
0.3295	1.2912
0.3296	1.4242
0.2247	1.6282
0.2244	1.1287
0.3289	1.2820
0.3301	1.4460
0.2250	1.6297
0.2242	1.1633
0.3285	1.2777
0.3307	1.4645
0.2252	1.5970
0.2242	1.1758
0.3279	1.2495
0.3306	1.4630
0.2255	1.5993
0.2237	1.1708
0.3275	1.2260
0.3318	1.4815
0.2257	1.5720
0.2235	1.1805
0.3268	1.1923
0.3322	1.5098
0.2260	1.5422
0.2225	1.1987
0.3258	1.1720
0.3345	1.5230
0.2265	1.5275
0.2224	1.2345
0.3251	1.1553
0.3345	1.5280
0.2268	1.5305
0.2220	1.2260
0.3238	1.1418
0.3355	1.5352
0.2275	1.5080
0.2216	1.2710
0.3229	1.1403
0.3364	1.5110
0.2279	1.5112
0.2214	1.2775
0.3220	1.1528
0.3369	1.5045
0.2283	1.5085
0.2212	1.3030
0.3214	1.1708
0.3373	1.4555
0.2287	1.4955
0.2212	1.2612
0.3206	1.1900
0.3373	1.4463
0.2291	1.4845
0.2211	1.2395
0.3202	1.2057
0.3375	1.4397
0.2293	1.4677
0.2213	1.2370
0.3197	1.2208
0.3371	1.4567
0.2295	1.4420
0.2212	1.2030
0.3193	1.2132
0.3373	1.4455
0.2297	1.4325
0.2210	1.2003
0.3191	1.2020
0.3379	1.4938
0.2298	1.4160
0.2206	1.1692
0.3189	1.1973
0.3387	1.5185
0.2299	1.3695
0.2201	1.1785
0.3183	1.1880
0.3401	1.5488
0.2302	1.3730
0.2195	1.1635
0.3183	1.1647
0.3415	1.5850
0.2302	1.3540
0.2190	1.2190
0.3176	1.1413
0.3425	1.6080
0.2306	1.3347
0.2184	1.1885
0.3170	1.1335
0.3441	1.6237
0.2309	1.2953
0.2179	1.2248
0.3171	1.1287
0.3454	1.6357
0.2309	1.3260
0.2176	1.2565
0.3165	1.1343
0.3462	1.6105
0.2312	1.3407
0.2172	1.2722
0.3159	1.1465
0.3470	1.5797
0.2315	1.3610
0.2175	1.2900
0.3154	1.1727
0.3464	1.5843
0.2318	1.3733
0.2168	1.2972
0.3158	1.1855
0.3481	1.5290
0.2316	1.3555
0.2167	1.3093
0.3150	1.1967
0.3484	1.5082
0.2320	1.3623
0.2167	1.2932
0.3142	1.1972
0.3485	1.4275
0.2324	1.3335
0.2165	1.2948
0.3140	1.2030
0.3488	1.4268
0.2325	1.3160
0.2328	1.2958
0.2162	1.2428
0.3136	1.2045
0.3496	1.4235
0.2327	1.3138
0.2162	1.3062
0.3136	1.1932
0.3497	1.4345
0.2327	1.2710
0.2160	1.3000
0.3138	1.1862
0.3502	1.4445
0.2327	1.2153
0.2163	1.2990
0.3138	1.1885
0.3494	1.4550
0.2327	1.1758
0.2160	1.3153
0.3136	1.1665
0.3502	1.4553
0.2327	1.1425
0.2158	1.3280
0.3136	1.1675
0.3508	1.4512
0.2329	1.1330
0.2156	1.3323
0.3134	1.1780
0.3513	1.4582
0.2329	1.1667
0.2153	1.3248
0.3133	1.1767
0.3520	1.4420
0.2327	1.1842
0.2152	1.3153
0.3137	1.1932
0.3523	1.4803
0.2326	1.2010
0.2152	1.2933
0.3138	1.2095
0.3523	1.4565
0.2325	1.2095
0.2151	1.2715
0.3141	1.2288
0.3526	1.4345
0.2323	1.2152
0.2150	1.2392
0.3145	1.2410
0.3528	1.4060
0.2325	1.1845
0.2149	1.2078
0.3140	1.2428
0.3531	1.3868
0.2326	1.2695
0.2148	1.1882
0.3139	1.2283
0.3535	1.3945
0.2327	1.2748
0.2145	1.1858
0.3138	1.2288
0.3543	1.3870
0.2325	1.2730
0.2143	1.1745
0.3140	1.2078
0.3548	1.3958
0.2326	1.2668
0.2141	1.1930
0.3139	1.1740
0.3554	1.3985
0.2323	1.2425
0.2137	1.2142
0.3145	1.1593
0.3565	1.4405
0.2332	1.1855
0.2133	1.2415
0.3129	1.1393
0.3575	1.4585
0.2331	1.1792
0.2134	1.2550
0.3129	1.1173
0.3573	1.4530
0.2332	1.2212
0.2131	1.2817
0.3128	1.1030
0.3582	1.4655
0.2333	1.1875
0.2131	1.2900
0.3127	1.0987
0.3580	1.4660
0.2334	1.2348
0.2128	1.2985
0.3124	1.1310
0.3588	1.4600
0.2331	1.1840
0.2128	1.3065
0.3130	1.1455
0.3590	1.4320
0.2333	1.2172
0.2127	1.2885
0.3126	1.1515
0.3593	1.4367
0.2338	1.2372
0.2126	1.2998
0.3117	1.1565
0.3595	1.4045
0.2335	1.3165
0.2125	1.2872
0.3122	1.1955
0.3599	1.4110
0.2334	1.2897
0.2122	1.2767
0.3124	1.2110
0.3606	1.3828
0.2336	1.3268
0.2122	1.2795
0.3121	1.2315
0.3607	1.3610
0.2338	1.3245
0.2120	1.2620
0.3117	1.2430
0.3611	1.3767
0.2341	1.2867
0.2121	1.2570
0.3112	1.2702
0.3609	1.3833
0.2346	1.3065
0.2120	1.2598
0.3104	1.2955
0.3612	1.4100
0.2343	1.2833
0.2119	1.2575
0.3108	1.3020
0.3616	1.4133
0.2341	1.2752
0.2121	1.2367
0.3112	1.3405
0.3611	1.4268
0.2342	1.2565
0.2117	1.2390
0.3110	1.3877
0.3623	1.4118
0.2340	1.2438
0.2115	1.2170
0.3114	1.4412
0.3628	1.4088
0.2337	1.2022
0.2111	1.1900
0.3120	1.4655
0.3639	1.3665
0.2332	1.2630
0.2108	1.1760
0.3128	1.5183
0.3647	1.3410
0.2329	1.2817
0.2105	1.1427
0.3134	1.5225
0.3657	1.3170
0.3657	1.2805
0.2324	1.2915
0.2105	1.1577
0.3142	1.5373
0.3660	1.2348
0.2320	1.3018
0.2104	1.1208
0.3151	1.5375
0.3659	1.1838
0.2317	1.3187
0.2104	1.1207
0.3155	1.5173
0.3660	1.1390
0.2315	1.3315
0.2104	1.1235
0.3158	1.4982
0.3657	1.1118
0.2315	1.3260
0.2105	1.1445
0.3159	1.4695
0.3655	1.1130
0.2316	1.3057
0.2106	1.1370
0.3158	1.4460
0.3658	1.1327
0.2314	1.2948
0.2105	1.1460
0.3160	1.4502
0.3656	1.1695
0.2315	1.2560
0.2106	1.1343
0.3159	1.4575
0.3651	1.1830
0.2314	1.2030
0.2107	1.1480
0.3161	1.4147
0.3649	1.2152
0.2313	1.1850
0.2108	1.1615
0.3163	1.4392
0.3651	1.2222
0.2309	1.1612
0.2107	1.1722
0.3170	1.4860
0.3656	1.2405
0.2303	1.1830
0.2105	1.2072
0.3182	1.5013
0.3668	1.2582
0.2296	1.1928
0.2101	1.2157
0.3196	1.5180
0.3669	1.2660
0.2293	1.2190
0.2101	1.2172
0.3201	1.5150
0.3672	1.2712
0.2288	1.2445
0.2100	1.2078
0.3211	1.5358
0.3669	1.2562
0.2281	1.2783
0.2101	1.2155
0.3224	1.5160
0.3667	1.2383
0.2281	1.3112
0.2102	1.2085
0.3225	1.4743
0.3667	1.2305
0.2281	1.3500
0.2102	1.2200
0.3225	1.4745
0.3664	1.2165
0.2283	1.3740
0.2103	1.1922
0.3221	1.5015
0.3665	1.2092
0.2282	1.3875
0.2102	1.1805
0.3222	1.5140
0.3662	1.2480
0.2284	1.4000
0.2104	1.1673
0.3219	1.4887
0.3664	1.2590
0.2286	1.3753
0.2103	1.1555
0.3215	1.4997
0.3671	1.2643
0.2283	1.3455
0.2100	1.1420
0.3221	1.5318
0.3676	1.2792
0.2280	1.3157
0.2099	1.1350
0.3228	1.5773
0.3679	1.2983
0.2275	1.2895
0.2098	1.1475
0.3237	1.5952
0.3691	1.3128
0.2272	1.2977
0.2094	1.1430
0.3243	1.6230
0.3695	1.3382
0.2268	1.3118
0.2093	1.1590
0.3251	1.6405
0.3700	1.3195
0.2262	1.3548
0.2091	1.1635
0.3265	1.6135
0.3704	1.3345
0.2256	1.3728
0.2090	1.1825
0.3276	1.5888
0.3706	1.3278
0.2251	1.4110
0.2089	1.1820
0.3287	1.5573
0.3708	1.2895
0.2251	1.3970
0.2089	1.1732
0.3288	1.5305
0.3713	1.2757
0.2252	1.3990
0.2087	1.1687
0.3285	1.5108
0.3714	1.2537
0.2256	1.4190
0.2087	1.1528
0.3276	1.4755
0.3717	1.2530
0.2257	1.4045
0.2086	1.1515
0.3273	1.4447
0.3719	1.2630
0.2260	1.4102
0.2085	1.1652
0.3268	1.4288
0.3723	1.2732
0.2258	1.3725
0.2084	1.1667
0.3271	1.4297
0.3725	1.2645
0.2257	1.3168
0.2083	1.1677
0.3275	1.4415
0.3728	1.2740
0.2256	1.2480
0.2082	1.1800
0.3277	1.4605
0.3732	1.2807
0.2252	1.2532
0.2081	1.1935
0.3285	1.4640
0.3734	1.2935
0.2249	1.1680
0.2080	1.1987
0.3291	1.4807
0.3737	1.3027
0.2245	1.2018
0.2079	1.2080
0.3300	1.5112
0.3740	1.3025
0.2239	1.2225
0.2079	1.2145
0.3312	1.4933
0.3740	1.2880
0.2235	1.2482
0.2079	1.2245
0.3322	1.4995
0.3741	1.2928
0.2236	1.2915
0.2078	1.2113
0.3319	1.4852
0.3746	1.2552
0.2228	1.3245
0.2077	1.1785
0.3336	1.4730
0.3749	1.2357
0.2227	1.3465
0.2076	1.1607
0.3339	1.4755
0.3749	1.2192
0.2229	1.3680
0.2076	1.1588
0.3334	1.4843
0.3746	1.2197
0.2230	1.4023
0.2077	1.1445
0.3331	1.4852
0.3755	1.2367
0.2232	1.3613
0.2074	1.1330
0.3327	1.5030
0.3755	1.2595
0.2234	1.4122
0.2074	1.1542
0.3323	1.5025
0.3758	1.2783
0.2232	1.3803
0.2073	1.1807
0.3328	1.5023
0.3757	1.2777
0.2228	1.3528
0.2073	1.2015
0.3338	1.5222
0.3761	1.3420
0.2226	1.3302
0.2072	1.2182
0.3341	1.5315
0.3771	1.3522
0.2222	1.2840
0.2069	1.2325
0.3351	1.5385
0.3776	1.3723
0.2220	1.2452
0.2068	1.2275
0.3356	1.5370
0.3777	1.3950
0.2215	1.2675
0.2067	1.2603
0.3366	1.5395
0.3771	1.3943
0.2213	1.2938
0.2069	1.2417
0.3372	1.5088
0.3781	1.3958
0.2211	1.2825
0.2066	1.2355
0.3377	1.4790
0.3789	1.3530
0.2207	1.2690
0.2064	1.2092
0.3385	1.4365
0.3796	1.3248
0.2206	1.2550
0.2061	1.2055
0.3389	1.4020
0.3797	1.3057
0.2205	1.2482
0.2061	1.1910
0.3390	1.3712
0.3800	1.3208
0.2207	1.2308
0.2060	1.1585
0.3386	1.3533
0.3807	1.3042
0.2207	1.2003
0.2058	1.1673
0.3385	1.3203
0.3812	1.3133
0.2206	1.1963
0.2057	1.1945
0.3389	1.3022
0.3810	1.3233
0.2205	1.1685
0.2058	1.2228
0.3390	1.3110
0.3810	1.3227
0.2203	1.1143
0.2058	1.2062
0.3394	1.2867
0.3818	1.3495
0.2201	1.0665
0.2055	1.2205
0.3400	1.3000
0.3820	1.3697
0.2199	1.0403
0.2054	1.2390
0.3404	1.3030
0.3823	1.3912
0.2197	1.0678
0.2054	1.2583
0.3409	1.3155
0.3825	1.3987
0.2192	1.0725
0.2053	1.2350
0.3422	1.3353
0.3831	1.3715
0.2188	1.0820
0.2052	1.2140
0.3430	1.3280
0.3838	1.3535
0.2184	1.0835
0.2049	1.2290
0.3441	1.3120
0.3845	1.3175
0.2182	1.1160
0.2047	1.2020
0.3446	1.3113
0.3851	1.2825
0.2182	1.1142
0.2046	1.1560
0.3446	1.2860
0.3858	1.2670
0.2180	1.1530
0.2044	1.1598
0.3451	1.2423
0.3856	1.2580
0.2180	1.1717
0.2044	1.1585
0.3452	1.2298
0.3454	1.1900
0.3854	1.2452
0.2179	1.1735
0.2045	1.1420
0.3450	1.1718
0.3854	1.2428
0.2180	1.1743
0.2045	1.1410
0.3450	1.1635
0.3860	1.2483
0.2181	1.1623
0.2043	1.1492
0.3443	1.1188
0.3857	1.2502
0.2183	1.1658
0.2044	1.1655
0.3444	1.1353
0.3860	1.2900
0.2183	1.1500
0.2043	1.1643
0.3445	1.1547
0.3869	1.2908
0.2183	1.1672
0.2041	1.1520
0.3446	1.1600
0.3876	1.3048
0.2182	1.1562
0.2039	1.1525
0.3447	1.1807
0.3881	1.3140
0.2182	1.1757
0.2037	1.1505
0.3440	1.1875
0.3883	1.2925
0.2184	1.1663
0.2037	1.1195
0.3449	1.1983
0.3894	1.2987
0.2181	1.1740
0.2034	1.1055
0.3451	1.1917
0.3896	1.2395
0.2180	1.1768
0.2033	1.1080
0.3451	1.2012
0.3900	1.2045
0.2180	1.1890
0.2032	1.1072
0.3451	1.1890
0.3910	1.1833
0.2180	1.1803
0.2030	1.1318
0.3448	1.2012
0.3909	1.1703
0.2181	1.1600
0.2030	1.1485
0.3449	1.1772
0.3918	1.1540
0.2181	1.1665
0.2027	1.1850
0.3448	1.1733
0.3908	1.1698
0.2181	1.1583
0.2030	1.2135
0.3449	1.1807
0.3905	1.1550
0.2181	1.1505
0.2031	1.2385
0.3449	1.1965
0.3896	1.1532
0.2181	1.1598
0.2033	1.2965
0.3450	1.2230
0.3890	1.1708
0.2180	1.1482
0.2035	1.3022
0.3451	1.2217
0.3884	1.1385
0.2180	1.1477
0.2036	1.3322
0.3455	1.2450
0.3883	1.1833
0.2178	1.1822
0.2037	1.3150
0.3458	1.2527
0.3875	1.1780
0.2177	1.1857
0.2039	1.3293
0.3459	1.2423
0.3866	1.1425
0.2177	1.2067
0.2041	1.3115
0.3466	1.2715
0.3870	1.1197
0.2174	1.2105
0.2041	1.3070
0.3467	1.2730
0.3860	1.1050
0.2174	1.2345
0.2043	1.3040
0.3463	1.2815
0.3869	1.0630
0.2175	1.2315
0.2041	1.3112
0.3465	1.2290
0.3859	1.0493
0.2174	1.2200
0.2043	1.3357
0.3457	1.2290
0.3846	1.0205
0.2177	1.2023
0.2047	1.3340
0.3464	1.1817
0.3834	1.0215
0.2175	1.2060
0.2051	1.3765
0.3460	1.1980
0.3825	1.0180
0.2176	1.2113
0.2053	1.3905
0.3467	1.2292
0.3809	1.0435
0.2174	1.2035
0.2058	1.4343
0.3460	1.2440
0.3791	1.0470
0.2176	1.1900
0.2063	1.4342
0.3466	1.2805
0.3775	1.0583
0.2174	1.1970
0.2068	1.4530
0.3460	1.2678
0.3766	1.0955
0.2176	1.2157
0.2071	1.4358
0.3464	1.2583
0.3752	1.0753
0.2175	1.2155
0.2075	1.4370
0.3469	1.2425
0.3755	1.1098
0.2173	1.2420
0.2074	1.4352
0.3478	1.2797
0.3747	1.1340
0.2169	1.2808
0.2076	1.4240
0.3477	1.2320
0.3732	1.1535
0.2170	1.2790
0.2081	1.4383
0.3477	1.2510
0.3737	1.1470
0.2170	1.2907
0.2080	1.4545
0.3471	1.2122
0.3722	1.1807
0.2172	1.2748
0.2084	1.4762
0.3467	1.1613
0.3717	1.1492
0.2174	1.2617
0.2086	1.5100
0.3460	1.1598
0.3709	1.2090
0.2176	1.2637
0.2088	1.5495
0.3455	1.1157
0.3695	1.2465
0.2178	1.2405
0.2093	1.5553
0.3450	1.1542
0.3681	1.2635
0.2180	1.2245
0.2097	1.5620
0.3449	1.1772
0.3671	1.3132
0.2181	1.1990
0.2101	1.5605
0.3445	1.1602
0.3656	1.3068
0.2182	1.1970
0.2105	1.5495
0.3453	1.1825
0.3654	1.3145
0.2179	1.1837
0.2106	1.5227
0.3448	1.2277
0.3648	1.3220
0.2181	1.2050
0.2108	1.5060
0.3460	1.2355
0.3655	1.3330
0.2176	1.2175
0.2106	1.4568
0.3465	1.2480
0.3655	1.3205
0.2174	1.2340
0.2106	1.4315
0.3458	1.2462
0.3651	1.3118
0.2177	1.2482
0.2107	1.4170
0.3460	1.2207
0.3653	1.2690
0.2176	1.2660
0.2106	1.4015
0.3460	1.2352
0.3646	1.2757
0.2176	1.2690
0.2109	1.4075
0.3455	1.1808
0.3648	1.2532
0.2178	1.2795
0.2108	1.4400
0.3452	1.1652
0.3641	1.2330
0.2179	1.3105
0.2110	1.4840
0.3445	1.1952
0.3628	1.2525
0.2182	1.2710
0.2115	1.5187
0.3442	1.1872
0.3619	1.2632
0.2184	1.2695
0.2118	1.5437
0.3439	1.2040
0.3613	1.3007
0.2185	1.2575
0.2120	1.5492
0.3436	1.2540
0.3606	1.3150
0.2186	1.2180
0.2122	1.6235
0.3431	1.2418
0.3589	1.3298
0.2188	1.2025
0.2128	1.5640
0.3440	1.2885
0.3582	1.3510
0.2184	1.2010
0.2131	1.5613
0.3440	1.2828
0.3579	1.3555
0.2184	1.2080
0.2132	1.5603
0.3447	1.3062
0.3581	1.3488
0.2181	1.2150
0.2131	1.5618
0.3463	1.2977
0.3567	1.3460
0.2175	1.2285
0.2136	1.5790
0.3462	1.2840
0.3580	1.3700
0.2176	1.2208
0.2131	1.5695
0.3466	1.2478
0.3574	1.3743
0.2174	1.2593
0.2134	1.5948
0.3460	1.2198
0.3566	1.3845
0.2176	1.2575
0.2136	1.6290
0.3461	1.1907
0.3559	1.3695
0.2176	1.2570
0.2139	1.6457
0.3453	1.1447
0.3546	1.3803
0.2179	1.2715
0.2144	1.6082
0.3446	1.2035
0.3538	1.3940
0.2182	1.2740
0.2146	1.6985
0.3437	1.2280
0.3526	1.4040
0.2185	1.2502
0.2151	1.7188
0.3431	1.2390
0.3518	1.4210
0.2188	1.2205
0.2154	1.6995
0.3432	1.2118
0.3511	1.4255
0.2188	1.2093
0.2156	1.6805
0.3433	1.2585
0.3510	1.4248
0.2187	1.1760
0.2157	1.6470
0.3445	1.2820
0.3503	1.3990
0.2182	1.1570
0.2160	1.6330
0.3460	1.3275
0.3495	1.3738
0.2176	1.1335
0.2163	1.6090
0.3464	1.3077
0.3497	1.3320
0.2175	1.1158
0.2162	1.5700
0.3462	1.3108
0.3495	1.3088
0.2176	1.1055
0.2163	1.5553
0.3473	1.2842
0.3491	1.2730
0.2171	1.0785
0.2164	1.5577
0.3476	1.2290
0.3481	1.2423
0.2170	1.0865
0.2168	1.5312
0.3484	1.1592
0.3468	1.2238
0.2167	1.1248
0.2173	1.5282
0.3477	1.1560
0.3460	1.2040
0.2170	1.1178
0.2176	1.5470
0.3481	1.1670
0.3452	1.1977
0.2168	1.1377
0.2180	1.5592
0.3482	1.1445
0.3441	1.2055
0.2168	1.1735
0.2184	1.5705
0.3479	1.1550
0.3434	1.2145
0.2169	1.1975
0.2187	1.5545
0.3469	1.1375
0.3422	1.2400
0.2173	1.2275
0.2192	1.5230
0.3473	1.1773
0.3415	1.2518
0.2171	1.2462
0.2195	1.5345
0.3469	1.1950
0.3409	1.2680
0.2173	1.2815
0.2197	1.5222
0.3466	1.2183
0.3404	1.2585
0.2174	1.3420
0.2199	1.5083
0.3465	1.2267
0.3400	1.2735
0.2174	1.3645
0.2201	1.5145
0.3462	1.2225
0.3402	1.2595
0.2176	1.3695
0.2200	1.4972
0.3461	1.1990
0.3394	1.2477
0.2176	1.4297
0.2204	1.4772
0.3460	1.1913
0.3392	1.2440
0.2176	1.4705
0.2204	1.4485
0.3453	1.1692
0.3383	1.2213
0.2179	1.4935
0.2208	1.4387
0.3446	1.1377
0.3378	1.2255
0.2182	1.5218
0.2210	1.4357
0.3434	1.1410
0.3367	1.2155
0.2187	1.5320
0.2215	1.4330
0.3419	1.1412
0.3362	1.2230
0.2193	1.5555
0.2217	1.4188
0.3403	1.1183
0.3362	1.2275
0.2200	1.5510
0.2217	1.4100
0.3389	1.1280
0.3355	1.2562
0.2205	1.5407
0.2220	1.3968
0.3376	1.1323
0.3352	1.2703
0.2211	1.5248
0.2221	1.3608
0.3371	1.1433
0.3352	1.3005
0.2213	1.5048
0.2221	1.3248
0.3364	1.1555
0.3349	1.3203
0.2216	1.4758
0.2223	1.3010
0.3359	1.1795
0.3351	1.3280
0.2218	1.4495
0.2222	1.2970
0.2222	1.2692
0.3357	1.1742
0.3351	1.3373
0.2219	1.4405
0.2219	1.2533
0.3355	1.1770
0.3358	1.3190
0.2220	1.4325
0.2217	1.2565
0.3350	1.1592
0.3362	1.3092
0.2222	1.4365
0.2215	1.2458
0.3345	1.1590
0.3366	1.2902
0.2224	1.4515
0.2214	1.2523
0.3342	1.1495
0.3369	1.2725
0.2226	1.4843
0.2213	1.2585
0.3329	1.1383
0.3370	1.2617
0.2231	1.5078
0.2215	1.2697
0.3318	1.1315
0.3367	1.2367
0.2236	1.5285
0.2216	1.2812
0.3309	1.1485
0.3364	1.2195
0.2241	1.5545
0.2218	1.3048
0.3299	1.1553
0.3359	1.2183
0.2245	1.5930
0.2220	1.3080
0.3285	1.1590
0.3355	1.2078
0.2252	1.5928
0.2221	1.3148
0.3276	1.1815
0.3352	1.2027
0.2256	1.5935
0.2222	1.3060
0.3268	1.1840
0.3350	1.2310
0.2260	1.5782
0.2223	1.2877
0.3262	1.1705
0.3348	1.2365
0.2263	1.5745
0.2224	1.2955
0.3250	1.1550
0.3347	1.2807
0.2268	1.5530
0.2224	1.3045
0.3247	1.1652
0.3347	1.2737
0.2270	1.5305
0.2225	1.2742
0.3240	1.1442
0.3345	1.2740
0.2273	1.5270
0.2222	1.2800
0.3234	1.1465
0.3350	1.2772
0.2277	1.5177
0.2221	1.2703
0.3223	1.1325
0.3352	1.2720
0.2282	1.5223
0.2220	1.2675
0.3215	1.1475
0.3356	1.2827
0.2286	1.5310
0.2223	1.2758
0.3208	1.1245
0.3348	1.3017
0.2289	1.5500
0.2221	1.2860
0.3196	1.1300
0.3352	1.3265
0.2296	1.5543
0.2222	1.3330
0.3191	1.1538
0.3349	1.3435
0.2298	1.5793
0.2223	1.3253
0.3181	1.1720
0.3348	1.3658
0.2304	1.5762
0.2222	1.2950
0.3171	1.1718
0.3350	1.3805
0.2309	1.5663
0.2221	1.2750
0.3160	1.1745
0.3352	1.4248
0.2315	1.5500
0.2221	1.2768
0.3154	1.1660
0.3354	1.4520
0.2318	1.5187
0.2221	1.2490
0.3147	1.1595
0.3353	1.4915
0.2322	1.5152
0.2217	1.2327
0.3141	1.1702
0.3361	1.5170
0.2325	1.4850
0.2211	1.2335
0.3135	1.1560
0.3375	1.5010
0.2328	1.4427
0.2208	1.2262
0.3133	1.1630
0.3382	1.4783
0.2329	1.4240
0.2204	1.2283
0.3125	1.1772
0.3392	1.4463
0.2334	1.4147
0.2199	1.1915
0.3120	1.1755
0.3405	1.4047
0.2337	1.3930
0.2195	1.2060
0.3118	1.1935
0.3413	1.3603
0.2337	1.3810
0.2196	1.2325
0.3115	1.2282
0.3412	1.3138
0.2340	1.4065
0.2197	1.2317
0.3109	1.2335
0.3410	1.2867
0.2343	1.4210
0.2199	1.2455
0.3107	1.2778
0.3404	1.2633
0.2344	1.4525
0.2200	1.2595
0.3105	1.2825
0.3401	1.2378
0.2345	1.4623
0.2202	1.2625
0.3104	1.2665
0.3397	1.2300
0.2345	1.4712
0.2203	1.2320
0.3101	1.2577
0.3394	1.2445
0.2348	1.4633
0.2203	1.2435
0.3097	1.2565
0.3395	1.2610
0.2350	1.4653
0.2202	1.1972
0.3091	1.2038
0.3396	1.2858
0.2353	1.4458
0.2201	1.2037
0.3085	1.2043
0.3400	1.2673
0.2356	1.4465
0.2198	1.2470
0.3079	1.1840
0.3406	1.3295
0.2360	1.4635
0.2195	1.2843
0.3075	1.1683
0.3414	1.3367
0.2362	1.4427
0.2195	1.3030
0.3069	1.1667
0.3414	1.3035
0.2366	1.4403
0.2191	1.3425
0.3061	1.1635
0.3424	1.3068
0.2371	1.4175
0.2194	1.3713
0.3059	1.1680
0.3416	1.3287
0.2372	1.4087
0.2194	1.4058
0.3051	1.1668
0.3416	1.3002
0.2377	1.4177
0.2198	1.4413
0.3049	1.1755
0.3406	1.3087
0.2378	1.4308
0.2203	1.4623
0.3045	1.1670
0.3395	1.3618
0.2380	1.4190
0.2206	1.4695
0.3044	1.1855
0.3388	1.3675
0.2381	1.4220
0.2205	1.4730
0.3040	1.1440
0.3390	1.4427
0.2383	1.4242
0.2209	1.4472
0.3032	1.1358
0.3381	1.4763
0.2388	1.3870
0.2208	1.4200
0.3028	1.1190
0.3384	1.5240
0.2391	1.3903
0.2205	1.4318
0.3022	1.0933
0.3391	1.5938
0.2395	1.3695
0.2201	1.4302
0.3018	1.1020
0.3401	1.6447
0.2398	1.3483
0.2197	1.4395
0.3007	1.1007
0.3409	1.6750
0.2404	1.3510
0.2191	1.4672
0.3005	1.1195
0.3423	1.7322
0.2405	1.3167
0.2188	1.4937
0.2999	1.1315
0.3430	1.7530
0.2409	1.2913
0.2187	1.5002
0.2995	1.1600
0.3433	1.7260
0.2412	1.2778
0.2185	1.5580
0.2999	1.1747
0.3438	1.7435
0.2410	1.2585
0.2182	1.5700
0.2995	1.2100
0.3445	1.7283
0.2412	1.2250
0.2183	1.5910
0.2996	1.2155
0.3443	1.6835
0.2411	1.2350
0.2183	1.5630
0.2999	1.2180
0.3444	1.6665
0.2410	1.2120
0.2183	1.5473
0.3001	1.2275
0.3444	1.6430
0.2408	1.2335
0.2183	1.5248
0.3002	1.2027
0.3444	1.6447
0.2407	1.2725
0.2182	1.5082
0.3004	1.1940
0.3446	1.5978
0.2406	1.2835
0.2183	1.4910
0.3002	1.1643
0.3444	1.6018
0.2408	1.2695
0.2178	1.4735
0.3000	1.1615
0.3455	1.5953
0.2409	1.2947
0.2178	1.4665
0.2993	1.1508
0.3455	1.5857
0.2413	1.2923
0.2174	1.4597
0.2986	1.1567
0.3466	1.5660
0.2418	1.3093
0.2423	1.3293
0.2174	1.4520
0.2979	1.1585
0.3466	1.5663
0.2423	1.3328
0.2173	1.4100
0.2978	1.1762
0.3470	1.5327
0.2425	1.3273
0.2171	1.4187
0.2975	1.1865
0.3473	1.5082
0.2425	1.2683
0.2172	1.3953
0.2976	1.1952
0.3472	1.4953
0.2425	1.2645
0.2173	1.3765
0.2975	1.2000
0.3469	1.4377
0.2426	1.2422
0.2171	1.3387
0.2974	1.2070
0.3473	1.4222
0.2426	1.2687
0.2171	1.3093
0.2974	1.2190
0.3474	1.4002
0.2425	1.2600
0.2170	1.2952
0.2975	1.2020
0.3476	1.3605
0.2421	1.2743
0.2169	1.2635
0.2980	1.1872
0.3480	1.3520
0.2425	1.2530
0.2168	1.2545
0.2975	1.1820
0.3481	1.3445
0.2427	1.2627
0.2166	1.2620
0.2972	1.1828
0.3487	1.3252
0.2429	1.3073
0.2164	1.2797
0.2969	1.1632
0.3492	1.3482
0.2432	1.2802
0.2165	1.2965
0.2965	1.1757
0.3489	1.3503
0.2435	1.3397
0.2163	1.3157
0.2960	1.1850
0.3494	1.3548
0.2433	1.3223
0.2164	1.3293
0.2963	1.1970
0.3491	1.3658
0.2435	1.3085
0.2165	1.3607
0.2960	1.2090
0.3489	1.3660
0.2443	1.2997
0.2165	1.3585
0.2949	1.2302
0.3490	1.3448
0.2437	1.2868
0.2165	1.3505
0.2957	1.2458
0.3489	1.3427
0.2440	1.2938
0.2165	1.3592
0.2953	1.2495
0.3489	1.3245
0.2440	1.3042
0.2165	1.3520
0.2953	1.2413
0.3490	1.3185
0.2439	1.2755
0.2166	1.3462
0.2955	1.2263
0.3488	1.2955
0.2437	1.2340
0.2165	1.3670
0.2957	1.2210
0.3488	1.2778
0.2437	1.3040
0.2166	1.3615
0.2957	1.1945
0.3487	1.2565
0.2440	1.2973
0.2167	1.3530
0.2953	1.1620
0.3485	1.2577
0.2441	1.3335
0.2167	1.3805
0.2952	1.1638
0.3483	1.2597
0.2441	1.3488
0.2170	1.3435
0.2951	1.1440
0.3477	1.2748
0.2444	1.3865
0.2173	1.3500
0.2946	1.1130
0.3469	1.2975
0.2450	1.3822
0.2175	1.3558
0.2938	1.1132
0.3464	1.2980
0.2456	1.3767
0.2174	1.3298
0.2930	1.1355
0.3466	1.2982
0.2460	1.3873
0.2176	1.3098
0.2923	1.1560
0.3461	1.3017
0.2463	1.4048
0.2172	1.3148
0.2919	1.2003
0.3471	1.3040
0.2470	1.3895
0.2170	1.2760
0.2910	1.2003
0.3476	1.2927
0.2469	1.3512
0.2171	1.2482
0.2911	1.2260
0.3473	1.2958
0.2469	1.3282
0.2170	1.2462
0.2911	1.2683
0.3477	1.2813
0.2469	1.2783
0.2168	1.2225
0.2912	1.2450
0.3481	1.2318
0.2466	1.2762
0.2171	1.2720
0.2916	1.2862
0.3474	1.2083
0.2467	1.2560
0.2171	1.2848
0.2914	1.2903
0.3473	1.1823
0.3475	1.1785
0.2466	1.2878
0.2170	1.2657
0.2916	1.3075
0.3474	1.1873
0.2463	1.2895
0.2171	1.2955
0.2920	1.3223
0.3463	1.2050
0.2464	1.3028
0.2175	1.3102
0.2918	1.3460
0.3456	1.2275
0.2462	1.3102
0.2178	1.2858
0.2921	1.3605
0.3451	1.2493
0.2466	1.3127
0.2180	1.2965
0.2915	1.4105
0.3452	1.2652
0.2467	1.3297
0.2179	1.3103
0.2914	1.4342
0.3451	1.2705
0.2465	1.3238
0.2180	1.3233
0.2917	1.4555
0.3456	1.3005
0.2463	1.3207
0.2178	1.3257
0.2919	1.5108
0.3460	1.2975
0.2460	1.3025
0.2176	1.3045
0.2925	1.5112
0.3461	1.3053
0.2455	1.2715
0.2176	1.3080
0.2930	1.5358
0.3464	1.2965
0.2453	1.2510
0.2175	1.3228
0.2934	1.5188
0.3462	1.2835
0.2447	1.2230
0.2176	1.3370
0.2942	1.5092
0.3457	1.2455
0.2442	1.1990
0.2178	1.3393
0.2950	1.4933
0.3454	1.2325
0.2437	1.2110
0.2179	1.3437
0.2957	1.4802
0.3450	1.2185
0.2434	1.2288
0.2180	1.3472
0.2961	1.4880
0.3446	1.2175
0.2435	1.2575
0.2182	1.3148
0.2961	1.4893
0.3439	1.2415
0.2431	1.3020
0.2185	1.3013
0.2966	1.5162
0.3434	1.2680
0.2428	1.3445
0.2187	1.2925
0.2970	1.5108
0.3433	1.2762
0.2427	1.4187
0.2187	1.2872
0.2971	1.5285
0.3431	1.2888
0.2425	1.4240
0.2188	1.2772
0.2976	1.5660
0.3441	1.3110
0.2425	1.4360
0.2184	1.2853
0.2975	1.6295
0.3447	1.3035
0.2422	1.4685
0.2181	1.2960
0.2980	1.6480
0.3451	1.3345
0.2422	1.4848
0.2180	1.2797
0.2980	1.6237
0.3452	1.3315
0.2424	1.4543
0.2180	1.2987
0.2977	1.6100
0.3453	1.3060
0.2418	1.4448
0.2179	1.3100
0.2986	1.6122
0.3452	1.2957
0.2412	1.3920
0.2179	1.3275
0.2995	1.6118
0.3441	1.2835
0.2410	1.3660
0.2184	1.3410
0.2998	1.5825
0.3447	1.2557
0.2412	1.3448
0.2182	1.3155
0.2995	1.6015
0.3441	1.2407
0.2409	1.3112
0.2184	1.3023
0.2999	1.6160
0.3430	1.2645
0.2405	1.3597
0.2188	1.2720
0.3006	1.6470
0.3434	1.2702
0.2400	1.3985
0.2187	1.2375
0.3014	1.6560
0.3434	1.2972
0.2397	1.4240
0.2187	1.1865
0.3019	1.6730
0.3437	1.2800
0.2392	1.4282
0.2186	1.2143
0.3026	1.7260
0.3437	1.2977
0.2389	1.4410
0.2186	1.2030
0.3032	1.7490
0.3451	1.3487
0.2385	1.4425
0.2180	1.1817
0.3038	1.7450
0.3460	1.3775
0.2382	1.4543
0.2176	1.2043
0.3042	1.7390
0.3467	1.3350
0.2381	1.4380
0.2174	1.1878
0.3043	1.7373
0.3462	1.3610
0.2378	1.4065
0.2175	1.1800
0.3049	1.7010
0.3464	1.3540
0.2374	1.3738
0.2175	1.2005
0.3056	1.6825
0.3470	1.2967
0.2371	1.3160
0.2173	1.1922
0.3061	1.6787
0.3475	1.2695
0.2367	1.2503
0.2170	1.2038
0.3067	1.6292
0.3469	1.2587
0.2363	1.1992
0.2173	1.2045
0.3074	1.6222
0.3480	1.2648
0.2359	1.1947
0.2168	1.1783
0.3081	1.6343
0.3474	1.2690
0.2354	1.2023
0.2171	1.1795
0.3089	1.6395
0.3476	1.2690
0.2344	1.2247
0.2170	1.1928
0.3107	1.6470
0.3476	1.2577
0.2340	1.2403
0.2170	1.2010
0.3114	1.6563
0.3480	1.3105
0.2334	1.2722
0.2168	1.2085
0.3124	1.6685
0.3483	1.3140
0.2329	1.2965
0.2167	1.2300
0.3133	1.6853
0.3485	1.3458
0.2326	1.3088
0.2166	1.2518
0.3139	1.6705
0.3488	1.3713
0.2324	1.3417
0.2165	1.2803
0.3143	1.6152
0.3489	1.3885
0.2322	1.3465
0.2165	1.2985
0.3147	1.6150
0.3494	1.3940
0.2319	1.3373
0.2163	1.2975
0.3151	1.5945
0.3501	1.3770
0.2316	1.3095
0.2161	1.2955
0.3156	1.5615
0.3496	1.3353
0.2315	1.2750
0.2162	1.2760
0.3160	1.5455
0.3499	1.3018
0.2314	1.2318
0.2161	1.2472
0.3160	1.5330
0.3498	1.2810
0.2311	1.2095
0.2162	1.2275
0.3167	1.5235
0.3504	1.2835
0.2307	1.1892
0.2159	1.2330
0.3175	1.5185
0.3503	1.2545
0.2302	1.1963
0.2160	1.2377
0.3184	1.5112
0.3500	1.2550
0.2297	1.1830
0.2161	1.2032
0.3194	1.5108
0.3501	1.2730
0.2292	1.1645
0.2160	1.2177
0.3203	1.5263
0.3502	1.2890
0.2288	1.1862
0.2160	1.2070
0.3210	1.5225
0.3506	1.3125
0.2285	1.2025
0.2159	1.2285
0.3218	1.5140
0.3505	1.3300
0.2283	1.2095
0.2159	1.2412
0.3221	1.5115
0.3509	1.3553
0.2280	1.2243
0.2157	1.2495
0.3227	1.5125
0.3512	1.3650
0.2276	1.2260
0.2156	1.2545
0.3234	1.4870
0.3518	1.3555
0.2276	1.1793
0.2154	1.2550
0.3236	1.4498
0.3524	1.3140
0.2274	1.1600
0.2152	1.2377
0.3239	1.4348
0.3525	1.2830
0.2271	1.1377
0.2151	1.2272
0.3246	1.3995
0.3526	1.2423
0.2267	1.1138
0.2151	1.2177
0.3254	1.3948
0.3529	1.1870
0.2265	1.1107
0.2150	1.1910
0.3258	1.3760
0.3527	1.1512
0.2260	1.0808
0.2151	1.1928
0.3267	1.3723
0.3525	1.1152
0.2256	1.0882
0.2151	1.1872
0.3276	1.3475
0.3519	1.1103
0.2256	1.0905
0.2154	1.1770
0.3276	1.3545
0.3515	1.1023
0.2251	1.0943
0.2155	1.1615
0.3287	1.3333
0.3511	1.1710
0.2249	1.1125
0.2157	1.1620
0.3291	1.3288
0.3508	1.1327
0.2246	1.1745
0.2158	1.1497
0.3298	1.3423
0.3507	1.1397
0.2247	1.1747
0.2158	1.1595
0.3294	1.3093
0.3508	1.1810
0.2244	1.1805
0.2158	1.1627
0.3303	1.3035
0.3511	1.1875
0.2243	1.2075
0.2157	1.1817
0.3305	1.2628
0.3531	1.1960
0.2243	1.2052
0.2149	1.1975
0.3304	1.2442
0.3303	1.2137
0.3522	1.1873
0.2243	1.2145
0.2152	1.2125
0.3305	1.1823
0.3520	1.1940
0.2243	1.1965
0.2153	1.2290
0.3302	1.1400
0.3523	1.1650
0.2244	1.2035
0.2152	1.2725
0.3298	1.1345
0.3517	1.1190
0.2246	1.2043
0.2155	1.3140
0.3299	1.1098
0.3511	1.0398
0.2245	1.2070
0.2157	1.3560
0.3298	1.1027
0.3502	1.0793
0.2246	1.2072
0.2160	1.4337
0.3291	1.1245
0.3498	1.0803
0.2249	1.2355
0.2162	1.4835
0.3289	1.1530
0.3482	1.0783
0.2250	1.2403
0.2168	1.5245
0.3290	1.1670
0.3464	1.0925
0.2250	1.2310
0.2175	1.5488
0.3283	1.1840
0.3454	1.1228
0.2253	1.2488
0.2179	1.5890
0.3281	1.2057
0.3437	1.1637
0.2254	1.2385
0.2186	1.5810
0.3281	1.2185
0.3423	1.1488
0.2254	1.2348
0.2191	1.5733
0.3283	1.2332
0.3416	1.1655
0.2253	1.2167
0.2194	1.5397
0.3285	1.2155
0.3407	1.1973
0.2252	1.2057
0.2198	1.5360
0.3285	1.2205
0.3399	1.1935
0.2252	1.1832
0.2201	1.5165
0.3291	1.2183
0.3402	1.1880
0.2249	1.1725
0.2200	1.4835
0.3288	1.1907
0.3397	1.1728
0.2251	1.1633
0.2202	1.4692
0.3292	1.1817
0.3394	1.1595
0.2248	1.1685
0.2203	1.4730
0.3292	1.2060
0.3384	1.1492
0.2249	1.1817
0.2207	1.4793
0.3291	1.1872
0.3378	1.1433
0.2249	1.1888
0.2210	1.4615
0.3291	1.1897
0.3368	1.1490
0.2249	1.2292
0.2214	1.5053
0.3287	1.2330
0.3355	1.1532
0.2251	1.2502
0.2220	1.5255
0.3286	1.2288
0.3344	1.1752
0.2251	1.2660
0.2225	1.5640
0.3290	1.2420
0.3332	1.1815
0.2250	1.2760
0.2230	1.5315
0.3285	1.2535
0.3327	1.1943
0.2252	1.2880
0.2232	1.5585
0.3282	1.2515
0.3322	1.2048
0.2253	1.2777
0.2235	1.5560
0.3284	1.2588
0.3313	1.2205
0.2252	1.2690
0.2239	1.5335
0.3284	1.2707
0.3306	1.2260
0.2252	1.2423
0.2242	1.5258
0.3285	1.2322
0.3306	1.2357
0.2252	1.2400
0.2242	1.5015
0.3284	1.1925
0.3297	1.2280
0.2252	1.2280
0.2246	1.5380
0.3285	1.2240
0.3290	1.2025
0.2252	1.2218
0.2249	1.5050
0.3284	1.1972
0.3286	1.2093
0.2252	1.2328
0.2251	1.5397
0.3292	1.2240
0.3278	1.2248
0.2248	1.2528
0.2255	1.5538
0.3288	1.2385
0.3274	1.2460
0.2250	1.2525
0.2257	1.6102
0.3277	1.2725
0.3260	1.2652
0.2255	1.2803
0.2264	1.6037
0.3282	1.2515
0.3256	1.2902
0.2253	1.2825
0.2266	1.6000
0.3276	1.2635
0.3242	1.2882
0.2256	1.2917
0.2272	1.6178
0.3278	1.2530
0.3236	1.2915
0.2255	1.3228
0.2275	1.6023
0.3282	1.2652
0.3228	1.2955
0.2253	1.3058
0.2279	1.6112
0.3282	1.2788
0.3225	1.3212
0.2253	1.3112
0.2281	1.5733
0.3278	1.2602
0.3225	1.2920
0.2255	1.2577
0.2281	1.5817
0.3278	1.2190
0.3216	1.2957
0.2255	1.2430
0.2285	1.5958
0.3277	1.1718
0.3213	1.2775
0.2255	1.2282
0.2287	1.5387
0.3279	1.1563
0.3208	1.2593
0.2254	1.2328
0.2289	1.5350
0.3270	1.1045
0.3207	1.2603
0.2259	1.2172
0.2290	1.5603
0.3283	1.1338
0.3196	1.2682
0.2253	1.2410
0.2296	1.5793
0.3271	1.1658
0.3180	1.2710
0.2258	1.2393
0.2304	1.6047
0.3266	1.1338
0.3182	1.2850
0.2261	1.2145
0.2303	1.6225
0.3265	1.1485
0.3172	1.3360
0.2261	1.2647
0.2308	1.6507
0.3258	1.1977
0.3164	1.3225
0.2265	1.2580
0.2312	1.6702
0.3255	1.1733
0.3161	1.3470
0.2266	1.2968
0.2314	1.6705
0.3263	1.2385
0.3148	1.3607
0.2262	1.2890
0.2321	1.6265
0.3260	1.2375
0.3145	1.3488
0.2264	1.2792
0.2323	1.6720
0.3255	1.2172
0.3145	1.3538
0.2266	1.2642
0.2323	1.6458
0.3257	1.2450
0.3138	1.3558
0.2265	1.2363
0.2327	1.6597
0.3257	1.2287
0.3131	1.3300
0.2265	1.2387
0.2330	1.6703
0.3260	1.1807
0.3128	1.3585
0.2263	1.2490
0.2332	1.6625
0.3257	1.2060
0.3118	1.3655
0.2265	1.2630
0.2338	1.6760
0.3255	1.1957
0.3114	1.3513
0.2266	1.2272
0.2340	1.6765
0.3260	1.1923
0.3104	1.3828
0.2264	1.2268
0.2345	1.6890
0.3253	1.1952
0.3095	1.4310
0.2267	1.2130
0.2351	1.7095
0.3248	1.2090
0.3089	1.4548
0.2269	1.2395
0.2354	1.6620
0.3248	1.2275
0.3084	1.4657
0.2270	1.2475
0.2357	1.7025
0.3248	1.2505
0.3081	1.4752
0.2270	1.2635
0.2359	1.7188
0.3250	1.2437
0.3078	1.4382
0.2268	1.2748
0.2360	1.6545
0.3253	1.2333
0.3077	1.4312
0.2267	1.2695
0.2361	1.6367
0.3254	1.2158
0.3088	1.3872
0.2267	1.2538
0.2355	1.5885
0.3253	1.1892
0.3073	1.3610
0.2267	1.2480
0.2364	1.5618
0.3252	1.1545
0.3068	1.3167
0.2267	1.2480
0.2367	1.5355
0.3253	1.1165
0.3063	1.2813
0.2267	1.2107
0.2369	1.5098
0.3245	1.0962
0.3056	1.2393
0.2271	1.1965
0.2374	1.4810
0.3240	1.0683
0.3051	1.2182
0.2273	1.1735
0.2377	1.5155
0.3236	1.0700
0.3047	1.2348
0.2276	1.1512
0.2379	1.4602
0.3228	1.1018
0.3040	1.2455
0.2279	1.1348
0.2383	1.4590
0.3230	1.1023
0.3036	1.2735
0.2278	1.1483
0.2386	1.4855
0.3232	1.1252
0.3032	1.2925
0.2278	1.1365
0.2388	1.4720
0.3232	1.1697
0.3032	1.3110
0.2277	1.1483
0.2389	1.4975
0.3236	1.1733
0.3031	1.3200
0.2276	1.1618
0.2389	1.4902
0.3245	1.2060
0.3028	1.3215
0.2271	1.1818
0.2391	1.4657
0.3244	1.2213
0.3024	1.2947
0.2272	1.2318
0.2393	1.4463
0.3243	1.2185
0.3023	1.2902
0.2272	1.2583
0.2394	1.4030
0.3245	1.2007
0.3017	1.2565
0.2271	1.2725
0.2398	1.3505
0.3238	1.2018
0.3015	1.2273
0.2274	1.3118
0.2399	1.3125
0.3233	1.1480
0.3014	1.2100
0.2277	1.3342
0.2400	1.2598
0.2404	1.2075
0.3228	1.1628
0.3008	1.2080
0.2279	1.3485
0.2401	1.2025
0.3223	1.1407
0.3012	1.2030
0.2282	1.3638
0.2399	1.1575
0.3217	1.1482
0.3015	1.2145
0.2285	1.3817
0.2399	1.1413
0.3213	1.1673
0.3015	1.2140
0.2287	1.4150
0.2397	1.1415
0.3207	1.1943
0.3019	1.2295
0.2290	1.4190
0.2393	1.1295
0.3205	1.1982
0.3024	1.2820
0.2291	1.4635
0.2394	1.1552
0.3197	1.2125
0.3023	1.2798
0.2295	1.4960
0.2391	1.1880
0.3196	1.2390
0.3027	1.2980
0.2295	1.5210
0.2390	1.1832
0.3187	1.2387
0.3029	1.3127
0.2300	1.5515
0.2390	1.2015
0.3187	1.2920
0.3030	1.3197
0.2300	1.5805
0.2386	1.2382
0.3174	1.2130
0.3036	1.2997
0.2307	1.6120
0.2387	1.1847
0.3166	1.2180
0.3035	1.2913
0.2312	1.6010
0.2387	1.1960
0.3160	1.1665
0.3035	1.2792
0.2315	1.5972
0.2384	1.1950
0.3150	1.1633
0.3039	1.2752
0.2320	1.5665
0.2383	1.1995
0.3148	1.1347
0.3041	1.2710
0.2321	1.5430
0.2386	1.2170
0.3125	1.1480
0.3035	1.2482
0.2334	1.4795
0.2382	1.2080
0.3120	1.1552
0.3042	1.2645
0.2336	1.4582
0.2382	1.2040
0.3111	1.1582
0.3043	1.2582
0.2342	1.4322
0.2381	1.2255
0.3107	1.1718
0.3044	1.2695
0.2344	1.4090
0.2381	1.2200
0.3106	1.1353
0.3043	1.2720
0.2344	1.4013
0.2383	1.2020
0.3108	1.1987
0.3042	1.2757
0.2343	1.3790
0.2380	1.2300
0.3106	1.2043
0.3045	1.2732
0.2344	1.4072
0.2381	1.2175
0.3106	1.2277
0.3045	1.2717
0.2345	1.4200
0.2379	1.2145
0.3103	1.2277
0.3047	1.2615
0.2346	1.4440
0.2377	1.1983
0.3097	1.2072
0.3050	1.2505
0.2350	1.4805
0.2378	1.1780
0.3090	1.1872
0.3049	1.2488
0.2354	1.5112
0.2377	1.1740
0.3081	1.1858
0.3050	1.2393
0.2359	1.5125
0.2376	1.1808
0.3074	1.1910
0.3053	1.2505
0.2363	1.5158
0.2376	1.1720
0.3066	1.1672
0.3052	1.2417
0.2368	1.5088
0.2376	1.1855
0.3054	1.1413
0.3053	1.2518
0.2375	1.4870
0.2375	1.1760
0.3047	1.1595
0.3055	1.2768
0.2379	1.4717
0.2373	1.1950
0.3044	1.1813
0.3057	1.3068
0.2381	1.4675
0.2373	1.2110
0.3044	1.1718
0.3058	1.3428
0.2381	1.4518
0.2371	1.2320
0.3039	1.1870
0.3060	1.3790
0.2384	1.4597
0.2370	1.2267
0.3032	1.1915
0.3063	1.4228
0.2389	1.4538
0.2367	1.2015
0.3032	1.1957
0.3068	1.4410
0.2389	1.4675
0.2365	1.2235
0.3028	1.1728
0.3071	1.4590
0.2391	1.4843
0.2361	1.1805
0.3022	1.1473
0.3078	1.4510
0.2395	1.5077
0.2360	1.1547
0.3015	1.1555
0.3080	1.4428
0.2399	1.5218
0.2354	1.1340
0.3006	1.1655
0.3090	1.4237
0.2405	1.5455
0.2348	1.1310
0.2997	1.1390
0.3100	1.4102
0.2410	1.5495
0.2347	1.1100
0.2988	1.1270
0.3102	1.3902
0.2417	1.5425
0.2343	1.0978
0.2979	1.1433
0.3109	1.3232
0.2422	1.5465
0.2339	1.0715
0.2973	1.1318
0.3115	1.3682
0.2427	1.5190
0.2338	1.0830
0.2963	1.1525
0.3118	1.3540
0.2433	1.4955
0.2336	1.1022
0.2958	1.1498
0.3121	1.3617
0.2436	1.4857
0.2334	1.0868
0.2954	1.1667
0.3125	1.3718
0.2439	1.4695
0.2336	1.1105
0.2950	1.1787
0.3121	1.3915
0.2442	1.4507
0.2327	1.1450
0.2947	1.1940
0.3137	1.3747
0.2444	1.4425
0.2324	1.1365
0.2946	1.2225
0.3143	1.3955
0.2445	1.4295
0.2320	1.1295
0.2938	1.1965
0.3151	1.4167
0.2450	1.4375
0.2316	1.1413
0.2934	1.1873
0.3158	1.4500
0.2453	1.4680
0.2312	1.1523
0.2932	1.2027
0.3165	1.4997
0.2455	1.4685
0.2314	1.1620
0.2929	1.2485
0.3160	1.4467
0.2456	1.4848
0.2310	1.1785
0.2927	1.2480
0.3169	1.4630
0.2458	1.5230
0.2305	1.1878
0.2916	1.2715
0.3178	1.4705
0.2465	1.5223
0.2301	1.1985
0.2905	1.2998
0.3187	1.4868
0.2473	1.5473
0.2299	1.2100
0.2904	1.3140
0.3190	1.5103
0.2474	1.5393
0.2297	1.1947
0.2906	1.3253
0.3194	1.5815
0.2473	1.5385
0.2294	1.2163
0.2899	1.2997
0.3200	1.6200
0.2478	1.5377
0.2290	1.2165
0.2896	1.3270
0.3208	1.6425
0.2481	1.5263
0.2285	1.1972
0.2892	1.3410
0.3216	1.6795
0.2483	1.4915
0.2280	1.1765
0.2893	1.3218
0.3226	1.6993
0.2482	1.5015
0.2274	1.1620
0.2893	1.2790
0.3239	1.7293
0.2482	1.4992
0.2267	1.1287
0.2887	1.2735
0.3252	1.7103
0.2487	1.4697
0.2260	1.1130
0.2883	1.2677
0.3267	1.6940
0.2490	1.4645
0.2251	1.1025
0.2880	1.2537
0.3288	1.6585
0.2492	1.4427
0.2245	1.1082
0.2874	1.2500
0.3300	1.6247
0.2496	1.4560
0.2238	1.1125
0.2869	1.2282
0.3314	1.5790
0.2500	1.4553
0.2234	1.1227
0.2866	1.2473
0.3324	1.5623
0.2503	1.4620
0.2230	1.1420
0.2863	1.2517
0.3332	1.5413
0.2505	1.4703
0.2229	1.1628
0.2861	1.2443
0.3335	1.5077
0.2506	1.4665
0.2228	1.1775
0.2859	1.2348
0.3337	1.5163
0.2508	1.4608
0.2227	1.1890
0.2856	1.2233
0.3340	1.5200
0.2511	1.4205
0.2223	1.2003
0.2852	1.2185
0.3348	1.5567
0.2513	1.4200
0.2220	1.2062
0.2847	1.1900
0.3354	1.5653
0.2517	1.4062
0.2216	1.1970
0.2844	1.1700
0.3364	1.5987
0.2520	1.3853
0.2211	1.1840
0.2838	1.1488
0.3376	1.6203
0.2525	1.3450
0.2206	1.1778
0.2837	1.1395
0.3389	1.6570
0.2525	1.3203
0.2199	1.1633
0.2833	1.1345
0.3404	1.6505
0.2528	1.2853
0.2195	1.1663
0.2828	1.1313
0.3414	1.6458
0.2532	1.2590
0.2534	1.2305
0.2190	1.1655
0.2826	1.1445
0.3427	1.6395
0.2533	1.1895
0.2186	1.1767
0.2827	1.1657
0.3437	1.6213
0.2534	1.2525
0.2180	1.1833
0.2827	1.1793
0.3451	1.5937
0.2533	1.2695
0.2176	1.1977
0.2828	1.1970
0.3461	1.5688
0.2534	1.2713
0.2174	1.2005
0.2827	1.2158
0.3466	1.5677
0.2531	1.2692
0.2171	1.1985
0.2830	1.2278
0.3475	1.5643
0.2528	1.2995
0.2168	1.1875
0.2834	1.2235
0.3480	1.5912
0.2534	1.3060
0.2166	1.1747
0.2826	1.2243
0.3486	1.5920
0.2537	1.3250
0.2164	1.1540
0.2822	1.2095
0.3492	1.6075
0.2540	1.3235
0.2160	1.1160
0.2819	1.2222
0.3502	1.6190
0.2539	1.3340
0.2155	1.0938
0.2820	1.2132
0.3515	1.6235
0.2543	1.3053
0.2148	1.0753
0.2815	1.1973
0.3535	1.6292
0.2544	1.2597
0.2141	1.0670
0.2814	1.2052
0.3553	1.6420
0.2548	1.2288
0.2134	1.0620
0.2809	1.2105
0.3573	1.6290
0.2547	1.2208
0.2128	1.0667
0.2810	1.2265
0.3591	1.6203
0.2546	1.2425
0.2122	1.0825
0.2811	1.2320
0.3608	1.6130
0.2542	1.2683
0.2118	1.0980
0.2816	1.2575
0.3620	1.5727
0.2541	1.2702
0.2114	1.1238
0.2817	1.2542
0.3631	1.5430
0.2540	1.2770
0.2112	1.1397
0.2819	1.2635
0.3636	1.5152
0.2539	1.3050
0.2110	1.1515
0.2820	1.2470
0.3643	1.5040
0.2540	1.3075
0.2107	1.1610
0.2818	1.2330
0.3652	1.4805
0.2544	1.3538
0.2105	1.1742
0.2814	1.2280
0.3658	1.4953
0.2546	1.3445
0.2103	1.1635
0.2811	1.2043
0.3662	1.4857
0.2549	1.3417
0.2100	1.1603
0.2807	1.1868
0.3672	1.5128
0.2554	1.3348
0.2096	1.1710
0.2801	1.1755
0.3684	1.5260
0.2556	1.3085
0.2093	1.1650
0.2799	1.1627
0.3693	1.5163
0.2558	1.2612
0.2089	1.1587
0.2797	1.1532
0.3706	1.5008
0.2560	1.2573
0.2085	1.1442
0.2795	1.1690
0.3718	1.4885
0.2560	1.2320
0.2081	1.1570
0.2794	1.1825
0.3732	1.4735
0.2560	1.2188
0.2079	1.1393
0.2795	1.1963
0.3740	1.4472
0.2559	1.2335
0.2076	1.1380
0.2795	1.2050
0.3748	1.4150
0.2558	1.2520
0.2075	1.1235
0.2797	1.2202
0.3752	1.3415
0.2558	1.2752
0.2073	1.1173
0.2797	1.2108
0.3757	1.2955
0.2556	1.3025
0.2073	1.1120
0.2799	1.2165
0.3759	1.2362
0.3770	1.1963
0.2557	1.3173
0.2069	1.0765
0.2798	1.2010
0.3770	1.1690
0.2560	1.3307
0.2069	1.0515
0.2795	1.1852
0.3767	1.1673
0.2562	1.3440
0.2070	1.0478
0.2792	1.1735
0.3768	1.1745
0.2568	1.3420
0.2070	1.0362
0.2785	1.1768
0.3767	1.1740
0.2571	1.3430
0.2070	1.0200
0.2781	1.1817
0.3773	1.1842
0.2575	1.3243
0.2068	1.0423
0.2777	1.2142
0.3781	1.2030
0.2578	1.2997
0.2066	1.0312
0.2773	1.2385
0.3786	1.2320
0.2580	1.2708
0.2065	1.0400
0.2770	1.2538
0.3796	1.2535
0.2579	1.2570
0.2061	1.0492
0.2772	1.2930
0.3803	1.2652
0.2577	1.2607
0.2059	1.0467
0.2774	1.3112
0.3811	1.2643
0.2572	1.2757
0.2057	1.0557
0.2781	1.3490
0.3819	1.2622
0.2568	1.3145
0.2055	1.0865
0.2785	1.4013
0.3822	1.2552
0.2564	1.3195
0.2054	1.0895
0.2789	1.4175
0.3827	1.2362
0.2563	1.3525
0.2052	1.0970
0.2790	1.4225
0.3830	1.2280
0.2565	1.3382
0.2052	1.1150
0.2789	1.4325
0.3834	1.2125
0.2565	1.3762
0.2051	1.1270
0.2788	1.3875
0.3832	1.2217
0.2567	1.3818
0.2051	1.1418
0.2786	1.3777
0.3834	1.2535
0.2567	1.3510
0.2051	1.1567
0.2785	1.4095
0.3837	1.2577
0.2570	1.3267
0.2050	1.1713
0.2782	1.4113
0.3836	1.2653
0.2565	1.2835
0.2050	1.1738
0.2789	1.4360
0.3836	1.2800
0.2570	1.2252
0.2050	1.1788
0.2782	1.4637
0.3843	1.2933
0.2568	1.1707
0.2048	1.1393
0.2785	1.4752
0.3850	1.3035
0.2557	1.1303
0.2046	1.1492
0.2798	1.5172
0.3853	1.3133
0.2552	1.1310
0.2045	1.1505
0.2804	1.5625
0.3857	1.3025
0.2545	1.1680
0.2044	1.1398
0.2813	1.5612
0.3864	1.3010
0.2534	1.1843
0.2042	1.1223
0.2826	1.5937
0.3878	1.3005
0.2527	1.1918
0.2038	1.1460
0.2834	1.6342
0.3880	1.2407
0.2517	1.2500
0.2038	1.1428
0.2847	1.5833
0.3885	1.2283
0.2514	1.2935
0.2036	1.1382
0.2851	1.5787
0.3885	1.2392
0.2514	1.3235
0.2036	1.1643
0.2851	1.5538
0.3889	1.2383
0.2517	1.3612
0.2035	1.1772
0.2847	1.5315
0.3889	1.2320
0.2511	1.3788
0.2035	1.2210
0.2855	1.4973
0.3880	1.2555
0.2514	1.4002
0.2038	1.2208
0.2851	1.5085
0.3880	1.2595
0.2516	1.3595
0.2038	1.2103
0.2849	1.4910
0.3880	1.2668
0.2515	1.3297
0.2038	1.2130
0.2850	1.5007
0.3882	1.2982
0.2512	1.2785
0.2037	1.2200
0.2853	1.4893
0.3881	1.2920
0.2512	1.2807
0.2037	1.2045
0.2853	1.5093
0.3890	1.3182
0.2504	1.2497
0.2035	1.2010
0.2864	1.5307
0.3900	1.3163
0.2498	1.2405
0.2032	1.2128
0.2872	1.5763
0.3901	1.2845
0.2492	1.2385
0.2032	1.2123
0.2879	1.5802
0.3913	1.2660
0.2491	1.2590
0.2029	1.2197
0.2882	1.5375
0.3916	1.2335
0.2483	1.2782
0.2028	1.2270
0.2893	1.5512
0.3915	1.2025
0.2479	1.2990
0.2028	1.2200
0.2898	1.5380
0.3911	1.1895
0.2474	1.3187
0.2029	1.2472
0.2905	1.4935
0.3901	1.2220
0.2473	1.3385
0.2032	1.2342
0.2906	1.4843
0.3896	1.2448
0.2478	1.3332
0.2033	1.2450
0.2899	1.5075
0.3883	1.2655
0.2478	1.3162
0.2037	1.2260
0.2898	1.4840
0.3885	1.2887
0.2474	1.3030
0.2036	1.1895
0.2904	1.5233
0.3883	1.3153
0.2476	1.2540
0.2037	1.1570
0.2901	1.5200
0.3897	1.3530
0.2474	1.2105
0.2033	1.1262
0.2904	1.5540
0.3913	1.3895
0.2469	1.1722
0.2029	1.1103
0.2911	1.6300
0.3928	1.4270
0.2462	1.1452
0.2025	1.0765
0.2921	1.6525
0.3946	1.4350
0.2452	1.1260
0.2020	1.0723
0.2935	1.6380
0.3960	1.4430
0.2442	1.1302
0.2016	1.0878
0.2950	1.6647
0.3972	1.3980
0.2431	1.1367
0.2013	1.0868
0.2965	1.6678
0.3983	1.3750
0.2423	1.1482
0.2010	1.0878
0.2978	1.6615
0.3992	1.2968
0.2418	1.1587
0.2008	1.1120
0.2986	1.6485
0.3998	1.2755
0.2413	1.1797
0.2007	1.1430
0.2993	1.6102
0.3993	1.2815
0.2412	1.2140
0.2008	1.1830
0.2994	1.5773
0.3994	1.3245
0.2411	1.2900
0.2008	1.1510
0.2996	1.5550
0.4003	1.2662
0.2408	1.2645
0.2005	1.1373
0.3001	1.5390
0.3986	1.3093
0.2404	1.2415
0.2010	1.1380
0.3007	1.5195
0.3988	1.2985
0.2401	1.2380
0.2009	1.1725
0.3011	1.5307
0.3991	1.2858
0.2399	1.2003
0.2008	1.1403
0.3015	1.5403
0.4027	1.3495
0.2400	1.1820
0.1999	1.1402
0.3013	1.5540
0.4024	1.3333
0.2391	1.2065
0.2000	1.1430
0.3028	1.5710
0.4047	1.3710
0.2386	1.2135
0.1994	1.1462
0.3037	1.5715
0.4038	1.3102
0.2379	1.2388
0.1996	1.1498
0.3047	1.5772
0.4040	1.3382
0.2373	1.2280
0.1996	1.1385
0.3057	1.5658
0.4062	1.2223
0.2369	1.2255
0.1991	1.1825
0.3065	1.5447
0.4065	1.2680
0.2367	1.2465
0.1990	1.1975
0.3068	1.5160
0.4058	1.2143
0.2364	1.2803
0.1992	1.2075
0.3073	1.5050
0.4039	1.2885
0.2363	1.2858
0.1996	1.1630
0.3074	1.4878
0.4056	1.2617
0.2361	1.3045
0.1992	1.1672
0.3078	1.4587
0.4040	1.2652
0.2364	1.2922
0.1996	1.1682
0.3072	1.4385
0.4047	1.2827
0.2361	1.2475
0.1994	1.1742
0.3078	1.4075
0.4049	1.3040
0.2360	1.2252
0.1994	1.1588
0.3079	1.4102
0.4080	1.4490
0.2357	1.2100
0.1987	1.1517
0.3085	1.3848
0.4071	1.3615
0.2356	1.2173
0.1989	1.1395
0.3086	1.4098
0.4094	1.4172
0.2352	1.1582
0.1983	1.1480
0.3092	1.4210
0.4101	1.3800
0.2349	1.1685
0.1982	1.1435
0.3098	1.4142
0.4107	1.4127
0.2343	1.1688
0.1980	1.1560
0.3108	1.3948
0.4139	1.3015
0.2344	1.1837
0.1973	1.1700
0.3107	1.3780
0.4130	1.3375
0.2340	1.1882
0.1975	1.1558
0.3115	1.3973
0.4130	1.2918
0.2335	1.2225
0.1975	1.1707
0.3122	1.3702
0.4126	1.2658
0.2334	1.2462
0.1976	1.1730
0.3125	1.3613
0.4135	1.2702
0.2335	1.2682
0.1974	1.1570
0.3122	1.3320
0.4124	1.2028
0.2335	1.2587
0.1976	1.1503
0.3122	1.3295
0.4132	1.2440
0.2333	1.2330
0.1974	1.1532
0.3126	1.2742
0.4135	1.2607
0.2336	1.2473
0.1974	1.1488
0.3121	1.2313
0.4132	1.2900
0.2336	1.2890
0.1974	1.1530
0.3121	1.2075
0.4145	1.2678
0.2336	1.2795
0.1971	1.1567
0.3121	1.2105
0.4157	1.3142
0.2336	1.2805
0.1969	1.1643
0.3121	1.2028
0.3123	1.1890
0.4161	1.3033
0.2335	1.2963
0.1968	1.2215
0.3119	1.1980
0.4169	1.2860
0.2337	1.2905
0.1966	1.2623
0.3110	1.1962
0.4173	1.2792
0.2342	1.3055
0.1965	1.2827
0.3109	1.1705
0.4174	1.2573
0.2343	1.3213
0.1965	1.3227
0.3107	1.1570
0.4176	1.2285
0.2344	1.3207
0.1965	1.3510
0.3105	1.1930
0.4160	1.2160
0.2345	1.3680
0.1968	1.3667
0.3103	1.1855
0.4143	1.1798
0.2346	1.3475
0.1972	1.3700
0.3099	1.1820
0.4131	1.2102
0.2348	1.3185
0.1975	1.3745
0.3092	1.1555
0.4123	1.2172
0.2353	1.3132
0.1976	1.3793
0.3090	1.1435
0.4115	1.1868
0.2354	1.2987
0.1978	1.3835
0.3089	1.1455
0.4110	1.2282
0.2354	1.2670
0.1979	1.3643
0.3088	1.1273
0.4103	1.2342
0.2355	1.2627
0.1981	1.3417
0.3083	1.1168
0.4117	1.2452
0.2358	1.2452
0.1978	1.3377
0.3078	1.1460
0.4118	1.2488
0.2360	1.2335
0.1978	1.3490
0.3077	1.1472
0.4108	1.2665
0.2361	1.2648
0.1980	1.3537
0.3082	1.1360
0.4114	1.2730
0.2358	1.2650
0.1979	1.3710
0.3077	1.1697
0.4107	1.2925
0.2361	1.3023
0.1980	1.3735
0.3075	1.1925
0.4100	1.2665
0.2362	1.3087
0.1982	1.4082
0.3075	1.2145
0.4089	1.2640
0.2362	1.3255
0.1984	1.4277
0.3067	1.2220
0.4086	1.2915
0.2367	1.3203
0.1985	1.4303
0.3064	1.1915
0.4077	1.2895
0.2369	1.3172
0.1987	1.4317
0.3063	1.1943
0.4076	1.3053
0.2370	1.3015
0.1987	1.4348
0.3061	1.1892
0.4069	1.3090
0.2371	1.2913
0.1989	1.4312
0.3058	1.1660
0.4063	1.3195
0.2373	1.2643
0.1991	1.4372
0.3059	1.1590
0.4062	1.3098
0.2372	1.2400
0.1991	1.4525
0.3058	1.1500
0.4066	1.3053
0.2372	1.2255
0.1990	1.4770
0.3057	1.1463
0.4064	1.2920
0.2373	1.2092
0.1990	1.5067
0.3056	1.1373
0.4059	1.2497
0.2374	1.2043
0.1992	1.5185
0.3057	1.1480
0.4050	1.2423
0.2373	1.2075
0.1994	1.5163
0.3052	1.1503
0.4039	1.2443
0.2376	1.2243
0.1996	1.5287
0.3050	1.1750
0.4021	1.2030
0.2377	1.2478
0.2001	1.5270
0.3051	1.1862
0.4006	1.1698
0.2377	1.2813
0.2004	1.5318
0.3049	1.1982
0.3982	1.1790
0.2378	1.2950
0.2011	1.4938
0.3047	1.1860
0.3975	1.1675
0.2380	1.3192
0.2012	1.4748
0.3045	1.2017
0.3970	1.1610
0.2380	1.3190
0.2014	1.4510
0.3045	1.1805
0.3962	1.1680
0.2381	1.3005
0.2016	1.3992
0.3039	1.1600
0.3947	1.1767
0.2384	1.2980
0.2020	1.3965
0.3038	1.1610
0.3958	1.2155
0.2385	1.2740
0.2017	1.3833
0.3032	1.1458
0.3952	1.2132
0.2388	1.2493
0.2018	1.3935
0.3030	1.1065
0.3946	1.1750
0.2389	1.2285
0.2020	1.3955
0.3028	1.1342
0.3947	1.2005
0.2391	1.2182
0.2020	1.4150
0.3026	1.1297
0.3937	1.2060
0.2392	1.2265
0.2022	1.4175
0.3028	1.1707
0.3930	1.1845
0.2391	1.1973
0.2024	1.4587
0.3027	1.1772
0.3918	1.1935
0.2391	1.2108
0.2027	1.4730
0.3022	1.1887
0.3902	1.1950
0.2394	1.2090
0.2032	1.4838
0.3029	1.2328
0.3896	1.1912
0.2390	1.2255
0.2033	1.4950
0.3021	1.2755
0.3883	1.2013
0.2395	1.2352
0.2037	1.4815
0.3033	1.3070
0.3874	1.2010
0.2388	1.2493
0.2039	1.4825
0.3026	1.3110
0.3866	1.2078
0.2392	1.2530
0.2041	1.4732
0.3027	1.3362
0.3858	1.2480
0.2392	1.2595
0.2044	1.4905
0.3029	1.3060
0.3855	1.2257
0.2390	1.2680
0.2045	1.5057
0.3033	1.3115
0.3852	1.2235
0.2388	1.2130
0.2045	1.5175
0.3039	1.2688
0.3845	1.2220
0.2384	1.2285
0.2048	1.5423
0.3038	1.3187
0.3839	1.2055
0.2385	1.2007
0.2049	1.5665
0.3037	1.3545
0.3829	1.1920
0.2386	1.1957
0.2052	1.5887
0.3036	1.3622
0.3812	1.1815
0.2386	1.1700
0.2057	1.6155
0.3040	1.3848
0.3796	1.1698
0.2384	1.1680
0.2062	1.6260
0.3040	1.3877
0.3780	1.1435
0.2383	1.1722
0.2066	1.6022
0.3048	1.4235
0.3761	1.1462
0.2379	1.1675
0.2072	1.5938
0.3056	1.4685
0.3744	1.1433
0.2374	1.1757
0.2077	1.5643
0.3065	1.4665
0.3730	1.1575
0.2368	1.1770
0.2082	1.5273
0.3073	1.4808
0.3721	1.1913
0.2363	1.1963
0.2084	1.4970
0.3079	1.4935
0.3714	1.2065
0.2360	1.2342
0.2087	1.4580
0.3086	1.4503
0.3711	1.2240
0.2356	1.2580
0.2088	1.4188
0.3092	1.4047
0.3710	1.2495
0.2353	1.2773
0.2088	1.4230
0.3090	1.3740
0.3708	1.2647
0.2353	1.2883
0.2089	1.3953
0.3093	1.3367
0.3710	1.2618
0.2352	1.2887
0.2088	1.3925
0.3089	1.3392
0.3709	1.2762
0.2354	1.2933
0.2088	1.4230
0.3084	1.3455
0.3707	1.2600
0.2357	1.3250
0.2089	1.4250
0.3080	1.3365
0.3696	1.2355
0.2359	1.3150
0.2092	1.4413
0.3081	1.3740
0.3694	1.2173
0.2359	1.3260
0.2093	1.4400
0.3083	1.3995
0.3685	1.1877
0.2358	1.3483
0.2096	1.4357
0.3088	1.4055
0.3673	1.1640
0.2355	1.3383
0.2100	1.4482
0.3090	1.4238
0.3666	1.1580
0.2354	1.3455
0.2102	1.4297
0.3096	1.4183
0.3654	1.1475
0.2350	1.3610
0.2106	1.3938
0.3100	1.4072
0.3648	1.1398
0.2348	1.4000
0.2108	1.3920
0.3103	1.3800
0.3643	1.1462
0.2346	1.4205
0.2110	1.4153
0.3102	1.3367
0.3633	1.1593
0.2347	1.4538
0.2113	1.3803
0.3099	1.2843
0.3634	1.1645
0.2349	1.4510
0.2113	1.3635
0.3091	1.2652
0.3630	1.1842
0.2353	1.4752
0.2114	1.3485
0.3083	1.2343
0.3627	1.1957
0.2358	1.4975
0.2115	1.3112
0.3075	1.2418
0.3614	1.1992
0.2363	1.4947
0.2120	1.3198
0.3066	1.2063
0.3615	1.1967
0.2368	1.4958
0.2119	1.3025
0.3058	1.2647
0.3613	1.1842
0.2372	1.4995
0.2120	1.3035
0.3056	1.2537
0.3611	1.1735
0.2374	1.4947
0.2121	1.2825
0.3050	1.2652
0.3617	1.1595
0.2377	1.5085
0.2118	1.2785
0.3055	1.3090
0.3611	1.1357
0.2374	1.5227
0.2121	1.1698
0.3047	1.3092
0.3605	1.1197
0.2379	1.5252
0.2123	1.1610
0.3054	1.3235
0.3603	1.1025
0.2375	1.5537
0.2124	1.1720
0.3046	1.3072
0.3601	1.0970
0.2380	1.5905
0.2124	1.1515
0.3037	1.2965
0.3596	1.0953
0.2385	1.5977
0.2126	1.1557
0.3035	1.2490
0.3605	1.1033
0.2387	1.6208
0.2123	1.1713
0.3025	1.2385
0.3604	1.1227
0.2392	1.6397
0.2123	1.1512
0.3016	1.1635
0.3595	1.1513
0.2398	1.6423
0.2126	1.1378
0.3004	1.1953
0.3596	1.1393
0.2406	1.6220
0.2126	1.1437
0.2995	1.1885
0.3601	1.1678
0.2412	1.5897
0.2124	1.1420
0.2127	1.1945
0.2987	1.1535
0.3593	1.1795
0.2417	1.5705
0.2125	1.1955
0.2974	1.1740
0.3598	1.1590
0.2425	1.5448
0.2122	1.1775
0.2967	1.1755
0.3606	1.1845
0.2430	1.5175
0.2124	1.1808
0.2968	1.1597
0.3600	1.1590
0.2429	1.4810
0.2124	1.1928
0.2965	1.1702
0.3602	1.2003
0.2432	1.4698
0.2124	1.1555
0.2960	1.1300
0.3601	1.2177
0.2435	1.4558
0.2126	1.1592
0.2959	1.1435
0.3595	1.2400
0.2436	1.4475
0.2125	1.1680
0.2955	1.1288
0.3597	1.2547
0.2438	1.4587
0.2128	1.1647
0.2947	1.0867
0.3591	1.3120
0.2444	1.4698
0.2123	1.1697
0.2942	1.0670
0.3603	1.3385
0.2447	1.4940
0.2121	1.1927
0.2930	1.0670
0.3610	1.3975
0.2456	1.5158
0.2118	1.1925
0.2922	1.0427
0.3619	1.4695
0.2462	1.5180
0.2115	1.1903
0.2910	1.0420
0.3629	1.5082
0.2470	1.5170
0.2111	1.1930
0.2902	1.0650
0.3638	1.5785
0.2475	1.5205
0.2109	1.2107
0.2892	1.0485
0.3647	1.5635
0.2483	1.4990
0.2106	1.2340
0.2883	1.0710
0.3655	1.5720
0.2489	1.4992
0.2102	1.2390
0.2878	1.0775
0.3668	1.5612
0.2493	1.4852
0.2097	1.2407
0.2874	1.0878
0.3681	1.5480
0.2496	1.4695
0.2093	1.2457
0.2870	1.0975
0.3693	1.5290
0.2500	1.4837
0.2092	1.2355
0.2866	1.1100
0.3697	1.5178
0.2503	1.4975
0.2091	1.2212
0.2858	1.1013
0.3700	1.4857
0.2509	1.4837
0.2089	1.2095
0.2854	1.1058
0.3705	1.4702
0.2512	1.4975
0.2087	1.2305
0.2847	1.0947
0.3712	1.4558
0.2517	1.5077
0.2086	1.2275
0.2839	1.0945
0.3715	1.4560
0.2524	1.5278
0.2084	1.2230
0.2828	1.0898
0.3723	1.4595
0.2532	1.5360
0.2083	1.2180
0.2821	1.1125
0.3727	1.4807
0.2538	1.5478
0.2079	1.2430
0.2815	1.1080
0.3739	1.4933
0.2543	1.5423
0.2077	1.2510
0.2808	1.1235
0.3743	1.4890
0.2549	1.5322
0.2073	1.2510
0.2800	1.1335
0.3757	1.5065
0.2555	1.4948
0.2071	1.2485
0.2795	1.1500
0.3763	1.5103
0.2560	1.4430
0.2068	1.2392
0.2789	1.1353
0.3773	1.5185
0.2565	1.4135
0.2068	1.2428
0.2785	1.1302
0.3775	1.5003
0.2568	1.3858
0.2067	1.2245
0.2782	1.1260
0.3778	1.4835
0.2570	1.3550
0.2064	1.2185
0.2782	1.1200
0.3787	1.4690
0.2571	1.3195
0.2061	1.2190
0.2782	1.1245
0.3797	1.4768
0.2570	1.3068
0.2059	1.1975
0.2778	1.1140
0.3806	1.4418
0.2574	1.2845
0.2057	1.2020
0.2775	1.1207
0.3813	1.4595
0.2577	1.2757
0.2055	1.2047
0.2772	1.1193
0.3818	1.5000
0.2579	1.2737
0.2052	1.2275
0.2769	1.1210
0.3829	1.5180
0.2581	1.3050
0.2050	1.2392
0.2766	1.1285
0.3838	1.5427
0.2584	1.3203
0.2048	1.2475
0.2763	1.1357
0.3844	1.5563
0.2587	1.3410
0.2046	1.2600
0.2761	1.1583
0.3850	1.5910
0.2589	1.3550
0.2042	1.2510
0.2759	1.1615
0.3865	1.6035
0.2591	1.3575
0.2040	1.2518
0.2754	1.1500
0.3872	1.5970
0.2595	1.3615
0.2036	1.2318
0.2753	1.1452
0.3887	1.5822
0.2596	1.3580
0.2033	1.2475
0.2746	1.1370
0.3898	1.5805
0.2602	1.3520
0.2029	1.2088
0.2745	1.1318
0.3911	1.5495
0.2603	1.3463
0.2026	1.1933
0.2742	1.1102
0.3923	1.5227
0.2605	1.3338
0.2023	1.1677
0.2737	1.1090
0.3933	1.5042
0.2610	1.3110
0.2020	1.1707
0.2734	1.1110
0.3944	1.4850
0.2613	1.3008
0.2020	1.1787
0.2730	1.1328
0.3945	1.4880
0.2616	1.2783
0.2018	1.1970
0.2728	1.1285
0.3954	1.4877
0.2618	1.2567
0.2015	1.2318
0.2725	1.1445
0.3966	1.5075
0.2621	1.2545
0.2012	1.2635
0.2723	1.1637
0.3976	1.5322
0.2623	1.2377
0.2010	1.2935
0.2724	1.1625
0.3984	1.5607
0.2622	1.2350
0.2008	1.3135
0.2724	1.1617
0.3994	1.5885
0.2622	1.2203
0.2005	1.3227
0.2726	1.1492
0.4002	1.5820
0.2620	1.2152
0.2004	1.3462
0.2726	1.1482
0.4010	1.5923
0.2620	1.2043
0.2002	1.3510
0.2726	1.1372
0.4017	1.5795
0.2620	1.1825
0.1999	1.3467
0.2723	1.1057
0.4029	1.5715
0.2623	1.1435
0.1998	1.3362
0.2721	1.0967
0.4033	1.5480
0.2624	1.1405
0.1997	1.3420
0.2719	1.0775
0.4036	1.5293
0.2627	1.1285
0.1995	1.3400
0.2717	1.0720
0.4044	1.4973
0.2629	1.0985
0.2629	1.0920
0.1994	1.3350
0.2717	1.0763
0.4049	1.4715
0.2627	1.0648
0.1992	1.3435
0.2719	1.0898
0.4057	1.4555
0.2628	1.0453
0.1991	1.3413
0.2718	1.1115
0.4063	1.4555
0.2627	1.0435
0.1990	1.3580
0.2718	1.1367
0.4063	1.4838
0.2624	1.0513
0.1991	1.3558
0.2722	1.1615
0.4061	1.4875
0.2622	1.0675
0.1991	1.3503
0.2724	1.1700
0.4062	1.4995
0.2619	1.1195
0.1990	1.3395
0.2727	1.2045
0.4065	1.5168
0.2615	1.1318
0.1989	1.3190
0.2731	1.1843
0.4070	1.5092
0.2614	1.1370
0.1987	1.2890
0.2733	1.1792
0.4078	1.4967
0.2614	1.1643
0.1985	1.2450
0.2733	1.1662
0.4088	1.5100
0.2615	1.1885
0.1982	1.2243
0.2732	1.1555
0.4099	1.4995
0.2615	1.2065
0.1978	1.1850
0.2731	1.1535
0.4116	1.4872
0.2620	1.2170
0.1976	1.1747
0.2726	1.1455
0.4126	1.4562
0.2622	1.2023
0.1974	1.1745
0.2724	1.1465
0.4133	1.4245
0.2624	1.2120
0.1970	1.1723
0.2722	1.1585
0.4150	1.3965
0.2627	1.2030
0.1969	1.1875
0.2719	1.1667
0.4155	1.3875
0.2626	1.1502
0.1966	1.1992
0.2719	1.1627
0.4168	1.3658
0.2625	1.0980
0.1967	1.2225
0.2721	1.1850
0.4166	1.3738
0.2622	1.0960
0.1967	1.2480
0.2724	1.2033
0.4163	1.3938
0.2621	1.1200
0.1967	1.2495
0.2725	1.2130
0.4164	1.4125
0.2620	1.1255
0.1966	1.2487
0.2726	1.2118
0.4167	1.4397
0.2613	1.1400
0.1965	1.2595
0.2733	1.1987
0.4173	1.4458
0.2608	1.1605
0.1964	1.2522
0.2739	1.1820
0.4179	1.4657
0.2607	1.1840
0.1963	1.2355
0.2740	1.1590
0.4183	1.4715
0.2611	1.1720
0.1958	1.2375
0.2736	1.1313
0.4207	1.4718
0.2615	1.1732
0.1954	1.2530
0.2732	1.1148
0.4222	1.4520
0.2618	1.2088
0.1952	1.2588
0.2728	1.1048
0.4233	1.4257
0.2622	1.2388
0.1950	1.2725
0.2724	1.1023
0.4241	1.4033
0.2625	1.2415
0.1949	1.2658
0.2721	1.1045
0.4246	1.3553
0.2626	1.2042
0.1949	1.2993
0.2719	1.0947
0.4247	1.2863
0.2628	1.1723
0.1951	1.3033
0.2718	1.1025
0.4237	1.2403
0.2628	1.1477
0.1952	1.3108
0.2718	1.1138
0.4232	1.2125
0.4225	1.1873
0.2627	1.1312
0.1954	1.2925
0.2718	1.1185
0.4215	1.1840
0.2626	1.1192
0.1956	1.3017
0.2720	1.1242
0.4203	1.1823
0.2626	1.1342
0.1959	1.2620
0.2720	1.1218
0.4200	1.1953
0.2624	1.1378
0.1959	1.2458
0.2721	1.1300
0.4199	1.2005
0.2623	1.1580
0.1960	1.2257
0.2723	1.0990
0.4203	1.2032
0.2624	1.1752
0.1958	1.2010
0.2722	1.0815
0.4204	1.2150
0.2624	1.1992
0.1958	1.1942
0.2721	1.0572
0.4219	1.2378
0.2628	1.2190
0.1955	1.1800
0.2717	1.0593
0.4219	1.2390
0.2629	1.2373
0.1955	1.1880
0.2717	1.0453
0.4223	1.2333
0.2636	1.2353
0.1954	1.1813
0.2709	1.0312
0.4226	1.2282
0.2640	1.2485
0.1954	1.2045
0.2705	1.0302
0.4222	1.2140
0.2646	1.2393
0.1954	1.2415
0.2699	1.0345
0.4223	1.1900
0.2648	1.2167
0.1954	1.2403
0.2696	1.0708
0.4218	1.1570
0.2651	1.2092
0.1955	1.2348
0.2693	1.0820
0.4217	1.1510
0.2651	1.1915
0.1956	1.2315
0.2693	1.1062
0.4212	1.1567
0.2654	1.1845
0.1957	1.2390
0.2690	1.1308
0.4194	1.1775
0.2653	1.1845
0.1960	1.2270
0.2691	1.1588
0.4201	1.1920
0.2649	1.2105
0.1959	1.2443
0.2696	1.1750
0.4192	1.1980
0.2647	1.2338
0.1961	1.2518
0.2698	1.1670
0.4195	1.2077
0.2648	1.2692
0.1960	1.2577
0.2697	1.1667
0.4196	1.2133
0.2648	1.2745
0.1960	1.2635
0.2697	1.1883
0.4205	1.2102
0.2649	1.2970
0.1958	1.2170
0.2695	1.1863
0.4205	1.2118
0.2653	1.3320
0.1958	1.2450
0.2691	1.1440
0.4199	1.2212
0.2660	1.3355
0.1960	1.2328
0.2684	1.1545
0.4199	1.2045
0.2666	1.3038
0.1959	1.2643
0.2678	1.1825
0.4194	1.1802
0.2666	1.3032
0.1961	1.2605
0.2678	1.1900
0.4192	1.1650
0.2669	1.2475
0.1961	1.2542
0.2675	1.1940
0.4189	1.1282
0.2675	1.1945
0.1962	1.2377
0.2669	1.2165
0.4188	1.1197
0.2672	1.1635
0.1962	1.2065
0.2672	1.2553
0.4174	1.1218
0.2665	1.1375
0.1965	1.2160
0.2679	1.2785
0.4168	1.1265
0.2664	1.1275
0.1966	1.2180
0.2680	1.2645
0.4173	1.1430
0.2657	1.1452
0.1965	1.2225
0.2688	1.2787
0.4166	1.1627
0.2650	1.1400
0.1967	1.2257
0.2694	1.2940
0.4168	1.1780
0.2647	1.1838
0.1966	1.2395
0.2697	1.2738
0.4166	1.2017
0.2646	1.2300
0.1967	1.1962
0.2699	1.2593
0.4162	1.2105
0.2647	1.2583
0.1968	1.2155
0.2697	1.2523
0.4164	1.2095
0.2650	1.2965
0.1967	1.2283
0.2695	1.2597
0.4167	1.2118
0.2653	1.3328
0.1966	1.2123
0.2691	1.2573
0.4166	1.2105
0.2659	1.3370
0.1967	1.2320
0.2685	1.2820
0.4176	1.1798
0.2661	1.3333
0.1965	1.2105
0.2683	1.3000
0.4167	1.1665
0.2664	1.3210
0.1967	1.2050
0.2680	1.3360
0.4167	1.1412
0.2662	1.2798
0.1967	1.2147
0.2682	1.3718
0.4166	1.1130
0.2661	1.2440
0.1967	1.2415
0.2683	1.4098
0.4161	1.1038
0.2655	1.1975
0.1968	1.2397
0.2689	1.4277
0.4156	1.1040
0.2651	1.1740
0.1969	1.2608
0.2694	1.4222
0.4149	1.1198
0.2645	1.1497
0.1971	1.2480
0.2700	1.4460
0.4139	1.1370
0.2637	1.1630
0.1973	1.2437
0.2708	1.4055
0.4123	1.1605
0.2630	1.1777
0.1976	1.2440
0.2715	1.3992
0.4120	1.2000
0.2627	1.1945
0.1977	1.2260
0.2718	1.3643
0.4122	1.2345
0.2626	1.2185
0.1977	1.2345
0.2720	1.3413
0.4123	1.2343
0.2623	1.2423
0.1977	1.2035
0.2723	1.3362
0.4130	1.2633
0.2628	1.2442
0.1975	1.2085
0.2718	1.2872
0.4137	1.2712
0.2630	1.2527
0.1973	1.1665
0.2716	1.2720
0.4152	1.2790
0.2632	1.2415
0.1970	1.1570
0.2714	1.2807
0.4156	1.2587
0.2633	1.2333
0.1969	1.1827
0.2712	1.3055
0.4159	1.2415
0.2632	1.2275
0.1968	1.1847
0.2713	1.3060
0.4158	1.2250
0.2631	1.1715
0.1969	1.1938
0.2714	1.3583
0.4159	1.2197
0.2627	1.1203
0.1968	1.2183
0.2718	1.3755
0.4161	1.2010
0.2622	1.1127
0.1968	1.2167
0.2724	1.3730
0.4148	1.2248
0.2616	1.0817
0.1971	1.2240
0.2730	1.3740
0.4142	1.2465
0.2612	1.0787
0.1972	1.2282
0.2735	1.3570
0.4141	1.2518
0.2602	1.0825
0.1972	1.1980
0.2745	1.3760
0.4138	1.2835
0.2595	1.0913
0.1973	1.2110
0.2754	1.3735
0.4146	1.2887
0.2596	1.1125
0.1971	1.1978
0.2753	1.3678
0.4156	1.3060
0.2594	1.1153
0.1969	1.1715
0.2755	1.3587
0.4166	1.3157
0.2594	1.1165
0.1967	1.1450
0.2755	1.3612
0.4176	1.2912
0.2591	1.1405
0.1964	1.1215
0.2758	1.3650
0.4184	1.2670
0.2589	1.1468
0.1963	1.1388
0.2760	1.3658
0.4193	1.2330
0.2587	1.1113
0.1961	1.1590
0.2763	1.3883
0.4194	1.1718
0.2583	1.1115
0.1960	1.1638
0.2767	1.4138
0.4201	1.1303
0.2579	1.0747
0.1959	1.1825
0.2772	1.4348
0.4200	1.0987
0.2572	1.0670
0.1959	1.2015
0.2780	1.4558
0.4182	1.0737
0.2566	1.0395
0.1963	1.1945
0.2787	1.4635
0.4172	1.0673
0.2559	1.0223
0.1965	1.2070
0.2795	1.4642
0.4159	1.0793
0.2553	1.0375
0.1968	1.1908
0.2802	1.4615
0.4148	1.0800
0.2546	1.0570
0.1971	1.1965
0.2811	1.4447
0.4141	1.0975
0.2540	1.0790
0.1972	1.1952
0.2819	1.4127
0.4142	1.1428
0.2533	1.0815
0.1972	1.1517
0.2827	1.3883
0.4145	1.1377
0.2529	1.1007
0.1972	1.1575
0.2832	1.3735
0.4155	1.1585
0.2528	1.1147
0.1969	1.1223
0.2834	1.3550
0.4161	1.1747
0.2529	1.1262
0.1968	1.1165
0.2833	1.3335
0.4166	1.1815
0.2529	1.1305
0.1967	1.1325
0.2832	1.3150
0.4179	1.1745
0.2526	1.1130
0.1964	1.1375
0.2836	1.3140
0.4165	1.1378
0.2524	1.1325
0.1967	1.1380
0.2839	1.3110
0.4171	1.1265
0.2523	1.1022
0.1966	1.1322
0.2840	1.3172
0.4168	1.1205
0.2520	1.0642
0.1966	1.1392
0.2844	1.3218
0.4158	1.1015
0.2516	1.0387
0.1969	1.1650
0.2848	1.3228
0.4155	1.0913
0.2508	1.0177
0.1969	1.1512
0.2859	1.3352
0.4145	1.1293
0.2507	1.0013
0.1972	1.1230
0.2861	1.3272
0.4154	1.1382
0.2501	1.0050
0.1970	1.1455
0.2869	1.3165
0.4154	1.1520
0.2496	1.0120
0.1969	1.1152
0.2874	1.3240
0.4144	1.1678
0.2493	1.0118
0.1972	1.1035
0.2879	1.3125
0.4158	1.1715
0.2486	1.0280
0.1968	1.1065
0.2888	1.2938
0.4167	1.2317
0.2483	1.0387
0.1966	1.1185
0.2892	1.2870
0.4169	1.2025
0.2484	1.0668
0.1966	1.1430
0.2891	1.2775
0.4181	1.1877
0.2481	1.0698
0.1963	1.1420
0.2895	1.2593
0.4180	1.2025
0.2479	1.0688
0.1964	1.1490
0.2898	1.2725
0.4178	1.1770
0.2475	1.0898
0.1964	1.1668
0.2903	1.2563
0.4184	1.1520
0.2476	1.1085
0.1963	1.1880
0.2902	1.2680
0.4174	1.1302
0.2475	1.1067
0.1965	1.1837
0.2904	1.2782
0.4170	1.1242
0.2473	1.1120
0.1966	1.2000
0.2906	1.2715
0.4162	1.1312
0.2468	1.1320
0.1968	1.1830
0.2913	1.2810
0.4162	1.1312
0.2466	1.1725
0.1968	1.1795
0.2916	1.2728
0.4155	1.1315
0.2464	1.1658
0.1969	1.1683
0.2919	1.2705
0.4150	1.1482
0.2463	1.1720
0.1970	1.1722
0.2920	1.2613
0.4154	1.1655
0.2461	1.1845
0.1969	1.1882
0.2922	1.2605
0.4162	1.1577
0.2461	1.2152
0.1968	1.1897
0.2923	1.2375
0.4161	1.1670
0.2463	1.2108
0.1968	1.2212
0.2920	1.2260
0.4171	1.1520
0.2463	1.2075
0.1966	1.2365
0.2920	1.2150
0.4166	1.1550
0.2464	1.2028
0.1967	1.2663
0.2919	1.1900
0.4162	1.1353
0.2464	1.1905
0.1968	1.3035
0.2919	1.1693
0.4151	1.1010
0.2465	1.1660
0.1970	1.3330
0.2917	1.1600
0.4143	1.0997
0.2464	1.1692
0.1972	1.3552
0.2919	1.1838
0.4126	1.0600
0.2463	1.1538
0.1976	1.3737
0.2920	1.1655
0.4112	1.0633
0.2464	1.1485
0.1979	1.3950
0.2918	1.1578
0.4097	1.0850
0.2464	1.1893
0.1982	1.3925
0.2919	1.1635
0.2922	1.1725
0.4083	1.0770
0.2461	1.1997
0.1986	1.4010
0.2923	1.1730
0.4074	1.0945
0.2461	1.2277
0.1988	1.4213
0.2922	1.1463
0.4065	1.1138
0.2462	1.2387
0.1990	1.4283
0.2920	1.1495
0.4054	1.1322
0.2463	1.2462
0.1993	1.4485
0.2915	1.1473
0.4058	1.1347
0.2467	1.2658
0.1992	1.4765
0.2912	1.1378
0.4042	1.1482
0.2469	1.2803
0.1996	1.5087
0.2909	1.1105
0.4034	1.1403
0.2470	1.2518
0.1998	1.5362
0.2905	1.1080
0.4021	1.1472
0.2474	1.2600
0.2001	1.5663
0.2902	1.1050
0.4008	1.1207
0.2476	1.2415
0.2004	1.5718
0.2899	1.1112
0.3985	1.0895
0.2478	1.1935
0.2010	1.5972
0.2898	1.1022
0.3967	1.1067
0.2479	1.1738
0.2015	1.5858
0.2899	1.1073
0.3947	1.0668
0.2478	1.1757
0.2020	1.5483
0.2896	1.1422
0.3931	1.0852
0.2480	1.1848
0.2024	1.5425
0.2897	1.1560
0.3911	1.0682
0.2479	1.2050
0.2029	1.5022
0.2901	1.1657
0.3898	1.0963
0.2477	1.2235
0.2033	1.4668
0.2900	1.1643
0.3892	1.1072
0.2477	1.2562
0.2034	1.4343
0.2898	1.1650
0.3883	1.1340
0.2479	1.2880
0.2037	1.4205
0.2897	1.1610
0.3879	1.1330
0.2479	1.3028
0.2038	1.4120
0.2894	1.1585
0.3873	1.1780
0.2482	1.3197
0.2040	1.4035
0.2889	1.1405
0.3871	1.1847
0.2485	1.3230
0.2040	1.4050
0.2883	1.1270
0.3866	1.1895
0.2490	1.3328
0.2041	1.4262
0.2878	1.1240
0.3860	1.2095
0.2493	1.3213
0.2043	1.4443
0.2872	1.1105
0.3846	1.2090
0.2498	1.3097
0.2047	1.4398
0.2870	1.1140
0.3843	1.2292
0.2499	1.2948
0.2048	1.4672
0.2870	1.1165
0.3832	1.2250
0.2499	1.2670
0.2051	1.4580
0.2866	1.1235
0.3821	1.2318
0.2503	1.2593
0.2054	1.4527
0.2865	1.1282
0.3814	1.2367
0.2503	1.2402
0.2056	1.4385
0.2864	1.1665
0.3811	1.2765
0.2504	1.2367
0.2057	1.4150
0.2864	1.1600
0.3803	1.2787
0.2504	1.2703
0.2059	1.4615
0.2864	1.1477
0.3803	1.3133
0.2504	1.2760
0.2060	1.4898
0.2860	1.1777
0.3801	1.3332
0.2507	1.2750
0.2060	1.4970
0.2860	1.1590
0.3800	1.3460
0.2507	1.2722
0.2060	1.5145
0.2861	1.1382
0.3806	1.3425
0.2507	1.2800
0.2059	1.5500
0.2852	1.1058
0.3790	1.3308
0.2513	1.2527
0.2063	1.5573
0.2849	1.1125
0.3781	1.3183
0.2515	1.2513
0.2066	1.5795
0.2850	1.0687
0.3774	1.2890
0.2515	1.2230
0.2068	1.5895
0.2847	1.0797
0.3765	1.2700
0.2518	1.2413
0.2071	1.5488
0.2841	1.0710
0.3751	1.2390
0.2522	1.2015
0.2075	1.5532
0.2840	1.0952
0.3739	1.2255
0.2523	1.1590
0.2079	1.5223
0.2841	1.1212
0.3728	1.2108
0.2522	1.1867
0.2082	1.4415
0.2835	1.1333
0.3716	1.2050
0.2526	1.1695
0.2086	1.4100
0.2834	1.1530
0.3721	1.2170
0.2528	1.1910
0.2084	1.3872
0.2840	1.1505
0.3717	1.2270
0.2523	1.1892
0.2086	1.3515
0.2842	1.1707
0.3706	1.2565
0.2521	1.2033
0.2089	1.3520
0.2839	1.1358
0.3716	1.2817
0.2524	1.2127
0.2086	1.3517
0.2844	1.1555
0.3717	1.2938
0.2520	1.2557
0.2086	1.3675
0.2840	1.0885
0.3717	1.3078
0.2522	1.2365
0.2086	1.4247
0.2835	1.0847
0.3717	1.2997
0.2527	1.2683
0.2086	1.4403
0.2835	1.0510
0.3712	1.2888
0.2527	1.2770
0.2087	1.4308
0.2829	1.0535
0.3709	1.2665
0.2532	1.2285
0.2088	1.4915
0.2819	1.0452
0.3696	1.2450
0.2539	1.2250
0.2092	1.5002
0.2810	1.0108
0.3689	1.2205
0.2547	1.1918
0.2094	1.5042
0.2810	1.1065
0.3678	1.2013
0.2547	1.1753
0.2098	1.5077
0.2806	1.1187
0.3668	1.1835
0.2550	1.1675
0.2101	1.4910
0.2811	1.1455
0.3655	1.1680
0.2546	1.1472
0.2106	1.4823
0.2815	1.1535
0.3647	1.1835
0.2543	1.1150
0.2108	1.4583
0.2812	1.2370
0.3641	1.1808
0.2546	1.1200
0.2110	1.4420
0.2824	1.1895
0.3634	1.1980
0.2535	1.1232
0.2113	1.4398
0.2827	1.2150
0.3629	1.2277
0.2533	1.1305
0.2114	1.4257
0.2829	1.2060
0.3625	1.2332
0.2532	1.1645
0.2116	1.4005
0.2825	1.1442
0.3623	1.2340
0.2534	1.2003
0.2117	1.3965
0.2829	1.1760
0.3620	1.2247
0.2532	1.2302
0.2118	1.3932
0.2821	1.0942
0.3614	1.2233
0.2538	1.2533
0.2119	1.3860
0.2819	1.0828
0.3615	1.1962
0.2539	1.2815
0.2119	1.3712
0.2817	1.0715
0.3611	1.1797
0.2541	1.3315
0.2121	1.3525
0.2806	1.1220
0.3605	1.1500
0.2550	1.3530
0.2123	1.3312
0.2803	1.1205
0.3597	1.1370
0.2553	1.3715
0.2126	1.3210
0.2799	1.1695
0.3591	1.1018
0.2556	1.4058
0.2127	1.2820
0.2795	1.1840
0.3584	1.0750
0.2559	1.4292
0.2130	1.2513
0.2788	1.2060
0.3580	1.0765
0.2566	1.4623
0.2131	1.2345
0.2789	1.2275
0.3576	1.0788
0.2564	1.5005
0.2133	1.2177
0.2789	1.2275
0.3572	1.0965
0.2564	1.5238
0.2134	1.2165
0.2784	1.2185
0.3568	1.1062
0.2569	1.5740
0.2136	1.2095
0.2781	1.2180
0.3570	1.1240
0.2571	1.5940
0.2135	1.1983
0.2777	1.1817
0.3570	1.1365
0.2574	1.6023
0.2135	1.2032
0.2764	1.1240
0.3569	1.1457
0.2586	1.6175
0.2135	1.2115
0.2757	1.1013
0.3566	1.1260
0.2592	1.6228
0.2137	1.2000
0.2744	1.0675
0.3565	1.1335
0.2603	1.5903
0.2137	1.2128
0.2738	1.0700
0.3565	1.1223
0.2609	1.5888
0.2137	1.2078
0.2724	1.0793
0.3563	1.1187
0.2622	1.5542
0.2138	1.1892
0.2714	1.1082
0.3559	1.0957
0.2631	1.5040
0.2139	1.1735
0.2710	1.1095
0.3553	1.0862
0.2635	1.4783
0.2141	1.1387
0.2143	1.1200
0.2705	1.1385
0.3548	1.0763
0.2640	1.4277
0.2143	1.1088
0.2703	1.1468
0.3548	1.0895
0.2642	1.4228
0.2141	1.0948
0.2706	1.1965
0.3552	1.0922
0.2639	1.4215
0.2142	1.0748
0.2705	1.2197
0.3549	1.1080
0.2640	1.4010
0.2141	1.0723
0.2702	1.2067
0.3552	1.1315
0.2642	1.3960
0.2141	1.1107
0.2701	1.2003
0.3554	1.1665
0.2643	1.4257
0.2139	1.0907
0.2697	1.1760
0.3560	1.2128
0.2647	1.4060
0.2138	1.1087
0.2691	1.1260
0.3562	1.2340
0.2653	1.4158
0.2136	1.1282
0.2688	1.0983
0.3567	1.2682
0.2656	1.4372
0.2136	1.1478
0.2683	1.1123
0.3568	1.2775
0.2661	1.4308
0.2138	1.1632
0.2672	1.1023
0.3562	1.2970
0.2672	1.4482
0.2132	1.1767
0.2670	1.1285
0.3579	1.2692
0.2674	1.4470
0.2130	1.1700
0.2664	1.1057
0.3584	1.2570
0.2680	1.4217
0.2130	1.1755
0.2656	1.1230
0.3585	1.2405
0.2688	1.4180
0.2129	1.1732
0.2657	1.1290
0.3586	1.2383
0.2688	1.4385
0.2129	1.1222
0.2652	1.1655
0.3588	1.2240
0.2692	1.4345
0.2130	1.1525
0.2651	1.1633
0.3584	1.1990
0.2693	1.4775
0.2130	1.1562
0.2646	1.1735
0.3584	1.1972
0.2699	1.4902
0.2130	1.1615
0.2646	1.1952
0.3584	1.2027
0.2699	1.5070
0.2130	1.1590
0.2639	1.1700
0.3585	1.2188
0.2706	1.5358
0.2129	1.1695
0.2634	1.1480
0.3588	1.2237
0.2711	1.5543
0.2128	1.1792
0.2626	1.1070
0.3591	1.2535
0.2720	1.5643
0.2126	1.1892
0.2620	1.1308
0.3594	1.2743
0.2726	1.5928
0.2126	1.2012
0.2613	1.1173
0.3595	1.2935
0.2734	1.6005
0.2124	1.2085
0.2606	1.1380
0.3601	1.2997
0.2742	1.5690
0.2124	1.2097
0.2596	1.1518
0.3602	1.3053
0.2753	1.5725
0.2123	1.2122
0.2589	1.1718
0.3603	1.3072
0.2761	1.5230
0.2122	1.2007
0.2583	1.1963
0.3606	1.3055
0.2768	1.5060
0.2122	1.1872
0.2580	1.1805
0.3608	1.3040
0.2771	1.4670
0.2121	1.2057
0.2580	1.1843
0.3608	1.3170
0.2771	1.4490
0.2120	1.1717
0.2577	1.2043
0.3613	1.3262
0.2774	1.4230
0.2119	1.1963
0.2578	1.2027
0.3616	1.3365
0.2773	1.4030
0.2117	1.2068
0.2578	1.1783
0.3622	1.3770
0.2773	1.3992
0.2115	1.2212
0.2574	1.1738
0.3626	1.4115
0.2778	1.3960
0.2114	1.2213
0.2570	1.1347
0.3630	1.4585
0.2782	1.3997
0.2110	1.2290
0.2567	1.1143
0.3642	1.4920
0.2786	1.3910
0.2111	1.2355
0.2562	1.1120
0.3639	1.5233
0.2792	1.4240
0.2107	1.2235
0.2554	1.0933
0.3651	1.5460
0.2802	1.4207
0.2105	1.2195
0.2551	1.1085
0.3658	1.5625
0.2805	1.4447
0.2100	1.1903
0.2545	1.1318
0.3671	1.5592
0.2812	1.4593
0.2097	1.1902
0.2541	1.1213
0.3682	1.5525
0.2817	1.4533
0.2093	1.1320
0.2537	1.1383
0.3693	1.5515
0.2822	1.4467
0.2088	1.1205
0.2535	1.1450
0.3708	1.5158
0.2824	1.4215
0.2085	1.0877
0.2530	1.1385
0.3718	1.4920
0.2830	1.4147
0.2082	1.0845
0.2528	1.1595
0.3730	1.4618
0.2834	1.4215
0.2078	1.1023
0.2524	1.1237
0.3741	1.4502
0.2839	1.4062
0.2074	1.0827
0.2522	1.1427
0.3754	1.4370
0.2841	1.3853
0.2072	1.1040
0.2518	1.1047
0.3760	1.4300
0.2846	1.3920
0.2069	1.1210
0.2515	1.0930
0.3769	1.4447
0.2850	1.3760
0.2068	1.1465
0.2512	1.0813
0.3776	1.4358
0.2854	1.3550
0.2067	1.1660
0.2505	1.1023
0.3779	1.4567
0.2863	1.3543
0.2063	1.1880
0.2506	1.0800
0.3792	1.4555
0.2861	1.3615
0.2060	1.1982
0.2499	1.0913
0.3800	1.4725
0.2871	1.3660
0.2057	1.2018
0.2495	1.0897
0.3810	1.4743
0.2876	1.3688
0.2057	1.2065
0.2493	1.1013
0.3812	1.4595
0.2878	1.3578
0.2053	1.1995
0.2492	1.1197
0.3824	1.4400
0.2880	1.3457
0.2051	1.2260
0.2487	1.0593
0.3831	1.4308
0.2887	1.3365
0.2049	1.2365
0.2484	1.0980
0.3839	1.4240
0.2891	1.3185
0.2046	1.2435
0.2480	1.1058
0.3849	1.4038
0.2896	1.3045
0.2046	1.2543
0.2480	1.0940
0.3849	1.4185
0.2896	1.2875
0.2046	1.2705
0.2477	1.0782
0.3849	1.4118
0.2900	1.2700
0.2046	1.2937
0.2472	1.1023
0.3852	1.4305
0.2907	1.2415
0.2045	1.2928
0.2472	1.1060
0.3855	1.4342
0.2908	1.2157
0.2044	1.3112
0.2470	1.1310
0.3857	1.4605
0.2910	1.1947
0.2043	1.3040
0.2470	1.1260
0.3861	1.4800
0.2911	1.1950
0.2041	1.2830
0.2468	1.1468
0.3866	1.5207
0.2912	1.1903
0.2040	1.2697
0.2470	1.1835
0.3872	1.5380
0.2910	1.1938
0.2037	1.2480
0.2470	1.1740
0.3881	1.5408
0.2910	1.2068
0.2034	1.2315
0.2473	1.1633
0.3893	1.5302
0.2906	1.2050
0.2908	1.2125
0.2032	1.2157
0.2471	1.1607
0.3902	1.5333
0.2908	1.2210
0.2026	1.2228
0.2472	1.1498
0.3921	1.5065
0.2909	1.2208
0.2023	1.2185
0.2471	1.1308
0.3933	1.4823
0.2913	1.2225
0.2020	1.2307
0.2468	1.1207
0.3944	1.4783
0.2917	1.1873
0.2019	1.2457
0.2465	1.0942
0.3948	1.4055
0.2919	1.2135
0.2017	1.2707
0.2463	1.0935
0.3958	1.4148
0.2924	1.2067
0.2018	1.2982
0.2460	1.0963
0.3953	1.3597
0.2926	1.1970
0.2018	1.2967
0.2459	1.0933
0.3952	1.3402
0.2927	1.1752
0.2017	1.3080
0.2458	1.1132
0.3957	1.3428
0.2922	1.1800
0.2021	1.3128
0.2461	1.1250
0.3942	1.3655
0.2928	1.1693
0.2020	1.2807
0.2457	1.1308
0.3947	1.3625
0.2926	1.1627
0.2021	1.2540
0.2458	1.1377
0.3940	1.3872
0.2926	1.1867
0.2020	1.2320
0.2458	1.1402
0.3946	1.3995
0.2924	1.2075
0.2018	1.2143
0.2460	1.1428
0.3955	1.3790
0.2926	1.2110
0.2015	1.2052
0.2458	1.1502
0.3965	1.4220
0.2926	1.1810
0.2010	1.1965
0.2459	1.1395
0.3983	1.3970
0.2929	1.1870
0.2007	1.1843
0.2457	1.1502
0.3995	1.4023
0.2934	1.1935
0.2005	1.1973
0.2453	1.1457
0.4005	1.3890
0.2938	1.1970
0.2004	1.2002
0.2450	1.1508
0.4009	1.3615
0.2933	1.1895
0.2003	1.1973
0.2454	1.1802
0.4011	1.3363
0.2936	1.1852
0.2003	1.2070
0.2452	1.2072
0.4010	1.3083
0.2933	1.1710
0.2004	1.1963
0.2454	1.2267
0.4009	1.3040
0.2935	1.1515
0.2004	1.1845
0.2453	1.2540
0.4007	1.2775
0.2932	1.1142
0.2004	1.1623
0.2454	1.2860
0.4006	1.2933
0.2928	1.1465
0.2004	1.1350
0.2457	1.2818
0.4009	1.3045
0.2922	1.1310
0.2002	1.1155
0.2461	1.2828
0.4016	1.3170
0.2919	1.1475
0.1999	1.1135
0.2464	1.2705
0.4030	1.3258
0.2916	1.1583
0.1997	1.1170
0.2466	1.2703
0.4035	1.3380
0.2909	1.1700
0.1993	1.1145
0.2471	1.2560
0.4052	1.3330
0.2910	1.1883
0.1990	1.1180
0.2470	1.2370
0.4066	1.3190
0.2910	1.1990
0.1987	1.1380
0.2470	1.2252
0.4076	1.3432
0.2912	1.2130
0.1987	1.1452
0.2469	1.2325
0.4078	1.2915
0.2915	1.2350
0.1987	1.1650
0.2466	1.2295
0.4079	1.2840
0.2917	1.2462
0.1987	1.1942
0.2465	1.2185
0.4077	1.2355
0.2919	1.2680
0.1988	1.2183
0.2463	1.2550
0.4075	1.2000
0.4083	1.1423
0.2918	1.2462
0.1986	1.2205
0.2464	1.2570
0.4078	1.1165
0.2916	1.2330
0.1987	1.2052
0.2466	1.2610
0.4075	1.1105
0.2917	1.2015
0.1988	1.2100
0.2465	1.2660
0.4065	1.1175
0.2914	1.1745
0.1990	1.1975
0.2467	1.2665
0.4060	1.1293
0.2912	1.1690
0.1991	1.2070
0.2469	1.2555
0.4050	1.0998
0.2908	1.2097
0.1994	1.2035
0.2472	1.2323
0.4049	1.1282
0.2907	1.2000
0.1994	1.2125
0.2472	1.2068
0.4046	1.1415
0.2905	1.1962
0.1995	1.1965
0.2474	1.1895
0.4051	1.1697
0.2902	1.2270
0.1993	1.1935
0.2476	1.1802
0.4049	1.1737
0.2905	1.2030
0.1994	1.1682
0.2474	1.1570
0.4049	1.2105
0.2914	1.2377
0.1994	1.1620
0.2467	1.1698
0.4050	1.2280
0.2915	1.2237
0.1994	1.1472
0.2467	1.1767
0.4056	1.1967
0.2918	1.2360
0.1992	1.1065
0.2464	1.1883
0.4058	1.2047
0.2921	1.2423
0.1992	1.1100
0.2462	1.2055
0.4062	1.1995
0.2920	1.2220
0.1991	1.0805
0.2463	1.2195
0.4066	1.2085
0.2919	1.1488
0.1990	1.0730
0.2463	1.2337
0.4076	1.2273
0.2915	1.1575
0.1987	1.0668
0.2466	1.2445
0.4076	1.2445
0.2913	1.0952
0.1987	1.0755
0.2468	1.2375
0.4082	1.2845
0.2908	1.0845
0.1986	1.0745
0.2472	1.2250
0.4088	1.2910
0.2905	1.0955
0.1985	1.0765
0.2473	1.2050
0.4094	1.3073
0.2900	1.0853
0.1983	1.0747
0.2478	1.1775
0.4103	1.3195
0.2900	1.1410
0.1981	1.0648
0.2477	1.1492
0.4113	1.3598
0.2894	1.1708
0.1979	1.0935
0.2482	1.1285
0.4128	1.3527
0.2898	1.1745
0.1975	1.0807
0.2479	1.1203
0.4134	1.3598
0.2901	1.2133
0.1974	1.0868
0.2477	1.1295
0.4145	1.3485
0.2904	1.2637
0.1972	1.1235
0.2475	1.1225
0.4162	1.3127
0.2913	1.2730
0.1968	1.1170
0.2467	1.1335
0.4167	1.2835
0.2920	1.3280
0.1967	1.1245
0.2463	1.1522
