#rho	velocity
0.8392	1.1112
0.8317	1.1047
0.8247	1.0952
0.8183	1.0875
0.8133	1.0802
0.8104	1.0733
0.8085	1.0690
0.8079	1.0710
0.8076	1.0808
0.8081	1.0938
0.8098	1.1108
0.8119	1.1278
0.8157	1.1420
0.8205	1.1550
0.8258	1.1645
0.8311	1.1705
0.8362	1.1745
0.8413	1.1747
0.8465	1.1665
0.8516	1.1587
0.8573	1.1430
0.6611	1.1965
0.6603	1.1993
0.7293	1.1048
0.7295	1.1033
0.7300	1.1155
0.7301	1.1342
0.7303	1.1592
0.7307	1.1858
0.7319	1.2050
0.7334	1.2263
0.7343	1.2377
0.7350	1.2425
0.9817	1.2210
0.9742	1.2400
0.9665	1.2557
0.9588	1.2670
0.9514	1.2770
0.9450	1.2838
0.9391	1.2892
0.9345	1.2902
0.9309	1.2842
0.9280	1.2792
0.9261	1.2735
0.9250	1.2643
0.9243	1.2513
0.9242	1.2345
0.9242	1.2145
0.9235	1.1957
0.9209	1.1768
0.9166	1.1573
0.9117	1.1410
0.9071	1.1255
0.9030	1.1123
0.9004	1.1062
0.8992	1.1060
0.8993	1.1135
0.8748	1.1485
0.8696	1.1447
0.8640	1.1395
0.8587	1.1295
0.8537	1.1128
0.8484	1.0950
0.8437	1.0882
0.8398	1.0887
0.8371	1.0948
0.8348	1.0970
0.8326	1.0987
0.8311	1.0968
0.8303	1.0877
0.8307	1.0790
0.8321	1.0692
0.8346	1.0628
0.8376	1.0530
0.8416	1.0450
0.8466	1.0375
0.8517	1.0380
0.8484	1.2127
0.8449	1.2037
0.8425	1.1985
0.8413	1.1927
0.8399	1.1783
0.8376	1.1680
0.8337	1.1592
0.8289	1.1527
0.8246	1.1445
0.8204	1.1427
0.8170	1.1502
0.8141	1.1592
0.8123	1.1650
0.8111	1.1723
0.8111	1.1783
0.8117	1.1805
0.8135	1.1805
0.8172	1.1755
0.8228	1.1707
0.7605	1.0875
0.7600	1.0757
0.7603	1.0682
0.7612	1.0605
0.7636	1.0505
0.7670	1.0358
0.7709	1.0230
0.7750	1.0155
0.7782	1.0110
0.7803	1.0240
0.7805	1.0487
0.7791	1.0815
0.7765	1.1197
0.8822	0.9940
0.8763	0.9962
0.8717	1.0030
0.8676	1.0128
0.8647	1.0180
0.8626	1.0182
0.8618	1.0200
0.8620	1.0195
0.8619	1.0213
0.8622	1.0250
0.8619	1.0307
0.8614	1.0300
0.8605	1.0263
0.8597	1.0228
0.8597	1.0240
0.8613	1.0328
0.8642	1.0425
0.8679	1.0533
0.8726	1.0652
0.8772	1.0755
0.8823	1.0808
0.7912	1.1457
0.7899	1.1400
0.7899	1.1385
0.7907	1.1412
0.7919	1.1487
0.7925	1.1655
0.7924	1.1830
0.7923	1.1995
0.7919	1.2102
0.7913	1.2132
0.7909	1.2052
0.7901	1.1918
0.7902	1.1733
0.7910	1.1520
0.7765	1.1920
0.7746	1.1962
0.7726	1.2015
0.7701	1.2077
0.7684	1.2087
0.7674	1.2132
0.7676	1.2185
0.7675	1.2225
0.7680	1.2235
0.7694	1.2188
0.7707	1.2125
0.7723	1.2043
0.7740	1.1952
0.7228	1.2955
0.7225	1.2895
0.7226	1.2728
0.7231	1.2590
0.7231	1.2485
0.7228	1.2340
0.7229	1.2248
0.7231	1.2133
0.7229	1.1990
0.6972	1.0717
0.6922	1.0968
0.6875	1.1155
0.6831	1.1240
0.6797	1.1267
0.6779	1.1262
1.0854	1.1495
1.0791	1.1495
1.0748	1.1435
1.0699	1.1325
1.0664	1.1120
1.0629	1.0927
1.0590	1.0705
1.0539	1.0477
1.0482	1.0240
1.0416	1.0077
1.0344	1.0037
1.0263	1.0155
1.0171	1.0362
1.0072	1.0635
0.9969	1.0905
0.9864	1.1115
0.9783	1.1265
0.9721	1.1382
0.9685	1.1438
1.2834	0.9505
0.9681	1.1460
1.2764	0.9670
0.9696	1.1405
1.2657	0.9822
0.9723	1.1310
1.2557	0.9982
0.9747	1.1165
1.2470	1.0130
0.9769	1.0963
1.2379	1.0275
0.9789	1.0852
1.2321	1.0417
0.9810	1.0800
1.2266	1.0590
0.9840	1.0818
1.2216	1.0768
0.9877	1.0800
1.2172	1.0890
0.9916	1.0782
1.2123	1.0980
0.9968	1.0730
1.2084	1.1033
1.0035	1.0682
1.2047	1.1045
1.0118	1.0648
1.2030	1.0992
1.2027	1.0915
1.2037	1.0782
1.2043	1.0618
1.2034	1.0458
1.2034	1.0300
1.2029	1.0215
1.2019	1.0195
1.2017	1.0242
1.2000	1.0360
1.1994	1.0510
1.1983	1.0665
1.1972	1.0825
1.1942	1.0977
1.1888	1.1078
1.1819	1.1178
1.1736	1.1245
1.1680	1.1295
1.1614	1.1290
1.1560	1.1235
1.1521	1.1180
1.1500	1.1120
1.1507	1.1045
1.1527	1.0987
0.8354	1.0625
0.8348	1.0717
0.8347	1.0777
0.8347	1.0815
0.8344	1.0808
0.8338	1.0707
0.8332	1.0557
0.8325	1.0410
0.8314	1.0305
0.8296	1.0280
0.8276	1.0338
0.8253	1.0370
0.8226	1.0347
0.8199	1.0275
0.8164	1.0125
0.8119	0.9900
0.7500	1.0090
0.7479	1.0207
0.7455	1.0303
0.7433	1.0367
0.7413	1.0395
0.7401	1.0395
0.7403	1.0357
0.7418	1.0313
0.7439	1.0272
0.7459	1.0275
0.7478	1.0293
0.7495	1.0297
0.7515	1.0310
0.7538	1.0337
0.9965	1.0792
0.9966	1.0735
0.9971	1.0620
0.9977	1.0495
0.9979	1.0362
0.9966	1.0245
0.9931	1.0167
0.9882	1.0160
0.9827	1.0213
0.9759	1.0315
0.9683	1.0425
0.9613	1.0537
0.9559	1.0605
0.9523	1.0640
0.9493	1.0618
0.9467	1.0558
0.9446	1.0437
0.9441	1.0290
0.9454	1.0118
0.9475	0.9960
0.9494	0.9835
0.9504	0.9770
0.9515	0.9775
0.9530	0.9815
0.9552	0.9890
0.9576	0.9987
0.9604	1.0095
0.9290	1.0915
0.9285	1.0832
0.9287	1.0647
0.9304	1.0402
0.9314	1.0040
0.9328	0.9610
0.9337	0.9185
0.9338	0.8810
0.9327	0.8495
0.9313	0.8285
0.9290	0.8185
0.9267	0.8175
0.9244	0.8272
0.9228	0.8470
0.9225	0.8733
0.9231	0.9042
0.9249	0.9338
0.9265	0.9622
0.9273	0.9885
0.9278	1.0110
0.9287	1.0303
0.9301	1.0455
0.9602	0.9700
0.9328	1.0605
0.9591	0.9848
0.9358	1.0690
0.9577	1.0070
0.9387	1.0782
0.9574	1.0335
0.9418	1.0873
0.9568	1.0528
0.9547	1.0652
0.9517	1.0730
0.9484	1.0782
0.9446	1.0842
0.9405	1.0835
0.9361	1.0830
0.9319	1.0770
0.9293	1.0728
0.9267	1.0628
0.9243	1.0600
0.9229	1.0610
0.9221	1.0680
0.9215	1.0773
0.9214	1.0868
0.9213	1.0987
0.9200	1.1042
0.9174	1.1092
0.9147	1.1123
1.0760	1.0680
0.9125	1.1152
1.0679	1.0775
0.9115	1.1150
1.0622	1.0945
1.0574	1.1210
1.0539	1.1405
1.0509	1.1622
1.0495	1.1677
1.0486	1.1772
1.0489	1.1760
1.0501	1.1780
1.0521	1.1780
1.0546	1.1692
1.0554	1.1587
1.0534	1.1452
1.0501	1.1373
1.0464	1.1270
1.0427	1.1265
1.0393	1.1238
1.0349	1.1300
1.0314	1.1382
1.0291	1.1508
1.0263	1.1610
1.0250	1.1677
1.0247	1.1678
1.0255	1.1687
1.0266	1.1612
1.0282	1.1545
1.0292	1.1440
1.0285	1.1290
1.0253	1.1090
0.6950	1.0812
0.6955	1.0768
0.6962	1.0777
0.6968	1.0860
0.6975	1.1035
0.6974	1.1250
0.6968	1.1490
0.6939	1.1447
0.6954	1.1413
0.6966	1.1368
0.6976	1.1338
0.6984	1.1282
0.6995	1.1187
0.7011	1.1105
0.7031	1.1005
0.7057	1.0920
0.7887	1.1100
0.7867	1.1313
0.7846	1.1500
0.7828	1.1720
0.7823	1.1867
0.7821	1.1917
0.7824	1.1885
0.7827	1.1818
0.7833	1.1705
0.7842	1.1575
0.7859	1.1440
0.7877	1.1332
0.7895	1.1310
0.7910	1.1310
0.7841	1.2065
0.7837	1.2005
0.7838	1.1925
0.7844	1.1823
0.7852	1.1680
0.7855	1.1562
0.7857	1.1463
0.7851	1.1402
0.7847	1.1360
0.7845	1.1378
0.7849	1.1485
0.7863	1.1660
0.7886	1.1857
0.7919	1.2043
0.6476	1.2090
1.0382	1.0872
1.0343	1.1067
1.0299	1.1175
1.0251	1.1175
1.0207	1.1138
1.0181	1.1022
1.0167	1.0860
1.0171	1.0660
1.0187	1.0433
1.0213	1.0205
1.0245	0.9975
1.0259	0.9787
1.0258	0.9735
1.0251	0.9813
1.0242	1.0015
1.0235	1.0337
1.0230	1.0745
1.0221	1.1062
1.0218	1.1317
1.0223	1.1528
1.0246	1.1665
1.0274	1.1722
1.0571	1.0847
1.0307	1.1685
1.0547	1.0837
1.0339	1.1630
1.0524	1.0822
1.0372	1.1450
1.0513	1.0742
1.0401	1.1175
1.0516	1.0668
1.0427	1.0857
1.0523	1.0603
1.0451	1.0653
1.0530	1.0565
1.0467	1.0507
1.0549	1.0525
1.0573	1.0500
1.0606	1.0438
1.0641	1.0390
1.0678	1.0343
1.0726	1.0290
1.0763	1.0275
1.0788	1.0247
1.0791	1.0267
1.0766	1.0270
1.0719	1.0275
1.0666	1.0307
1.0621	1.0407
1.0578	1.0552
1.0537	1.0768
1.0504	1.1025
1.0500	0.9377
1.0463	1.1297
1.0453	0.9707
1.0422	1.1563
1.0399	0.9985
1.0383	1.1735
1.0341	1.0180
1.0342	1.1908
1.0288	1.0282
1.0311	1.2087
1.0234	1.0350
1.0304	1.2190
1.0190	1.0353
1.0318	1.2260
1.0152	1.0310
1.0112	1.0258
1.0073	1.0187
1.0047	1.0140
1.0021	1.0142
1.0002	1.0202
0.9985	1.0328
0.9978	1.0552
0.9981	1.0815
0.9988	1.1017
1.0006	1.1165
1.0020	1.1240
1.0049	1.1265
1.0084	1.1223
1.0116	1.1138
1.0131	1.1040
1.0136	1.0920
1.0133	1.0770
1.0129	1.0663
1.0129	1.0658
1.0128	1.0750
1.0133	1.0965
0.8924	1.0355
0.8888	1.0625
0.8846	1.0840
0.8797	1.0995
0.8746	1.1085
0.8694	1.1133
0.8652	1.1125
0.8623	1.1073
0.8606	1.0990
0.8609	1.0875
0.8624	1.0757
0.8646	1.0687
0.8674	1.0660
0.8707	1.0665
0.8745	1.0730
0.8785	1.0818
0.8827	1.0890
0.8864	1.0908
0.8897	1.0893
0.8924	1.0857
0.8951	1.0813
0.8984	1.0768
0.8591	1.0595
0.8536	1.0792
0.8489	1.0958
0.8440	1.1082
0.8392	1.1157
0.8347	1.1178
0.8304	1.1128
0.8267	1.1038
0.8228	1.0925
0.8181	1.0817
0.8136	1.0720
0.8102	1.0663
0.8085	1.0668
0.8080	1.0735
0.8087	1.0840
0.8104	1.0990
0.8135	1.1160
0.8173	1.1295
0.8214	1.1393
0.8919	1.0533
0.8885	1.0655
0.8848	1.0797
0.8814	1.0925
0.8782	1.0980
0.8745	1.1048
0.8710	1.1092
0.8679	1.1135
0.8655	1.1150
0.8640	1.1148
0.8631	1.1090
0.8632	1.1020
0.8640	1.0952
0.8658	1.0882
0.8678	1.0870
0.8703	1.0867
0.8729	1.0830
0.8752	1.0813
0.8777	1.0770
0.8800	1.0720
0.9758	1.0607
0.9758	1.0532
0.9752	1.0540
0.9736	1.0617
0.9710	1.0718
0.9685	1.0792
0.9657	1.0865
0.9626	1.0925
0.9600	1.0995
0.9564	1.1063
0.9517	1.1105
0.9464	1.1135
0.9412	1.1133
0.9378	1.1113
0.9342	1.1120
0.9310	1.1175
0.9280	1.1265
0.9255	1.1377
0.9236	1.1487
0.9220	1.1552
0.9205	1.1607
0.9193	1.1652
0.9193	1.1665
0.9198	1.1667
0.8644	1.0510
0.8604	1.0445
0.8557	1.0403
0.8504	1.0422
0.8441	1.0528
0.8369	1.0653
0.8292	1.0808
0.8216	1.0985
0.8160	1.1155
0.8117	1.1307
0.8093	1.1425
0.8081	1.1545
0.8084	1.1652
0.8103	1.1685
0.8134	1.1652
0.8164	1.1585
0.8191	1.1507
0.8216	1.1395
0.7257	1.0800
0.7216	1.0820
0.7179	1.0950
0.7144	1.1178
0.7109	1.1485
0.7076	1.1780
0.7053	1.2117
0.7032	1.2360
0.7732	1.1348
0.7699	1.1347
0.7662	1.1347
0.7622	1.1373
0.7594	1.1422
0.7577	1.1510
0.7566	1.1607
0.7564	1.1745
0.7563	1.1900
0.7563	1.2047
0.7565	1.2183
0.7572	1.2265
0.7587	1.2328
0.7598	1.2357
0.7607	1.2355
0.7586	1.0810
0.7549	1.0933
0.7514	1.1118
0.7482	1.1280
0.7453	1.1463
0.7427	1.1623
0.7409	1.1730
0.7395	1.1787
0.7390	1.1815
0.7388	1.1850
0.7394	1.1825
0.8206	1.0485
0.8178	1.0412
0.8159	1.0370
0.8145	1.0350
0.8144	1.0355
0.8148	1.0365
0.8150	1.0415
0.8152	1.0502
0.8151	1.0647
0.8146	1.0797
0.8140	1.0985
0.8133	1.1097
0.8125	1.1230
0.8116	1.1335
0.8115	1.1380
0.8117	1.1450
0.8128	1.1520
0.8696	1.0067
0.8696	1.0125
0.8684	1.0263
0.8662	1.0473
0.8627	1.0725
0.8581	1.0915
0.8526	1.1085
0.8468	1.1207
0.8417	1.1280
0.8378	1.1250
0.8357	1.1200
0.8358	1.1097
0.8384	1.0975
0.8427	1.0825
0.8476	1.0637
0.8523	1.0542
0.8571	1.0480
0.8620	1.0472
0.8675	1.0480
0.8729	1.0483
0.8066	1.0505
0.8070	1.0558
0.8083	1.0675
0.8103	1.0820
0.8114	1.1017
0.8116	1.1238
0.8109	1.1432
0.8110	1.1607
0.8121	1.1743
0.8140	1.1807
0.8176	1.1810
0.8217	1.1763
0.8264	1.1652
0.8318	1.1510
0.8374	1.1315
0.8423	1.1087
0.7300	1.1160
0.7272	1.1245
0.7245	1.1295
0.7216	1.1297
0.7186	1.1285
0.7150	1.1267
0.7109	1.1273
0.7065	1.1335
0.7239	1.0072
0.7203	1.0045
0.7178	0.9985
0.7160	0.9900
0.7143	0.9818
0.7127	0.9735
0.7112	0.9745
0.7103	0.9787
0.7099	0.9828
0.8042	0.9937
0.8028	0.9805
0.8016	0.9715
0.8005	0.9677
0.7999	0.9703
0.7998	0.9785
0.8000	0.9923
0.8002	1.0103
0.7999	1.0285
0.7992	1.0438
0.7984	1.0540
0.7975	1.0595
0.7969	1.0613
0.7967	1.0612
0.7970	1.0605
0.7982	1.0590
0.8000	1.0575
0.8020	1.0580
0.9546	0.9947
0.9494	1.0095
0.9431	1.0275
0.9362	1.0492
0.9287	1.0697
0.9214	1.0833
0.9142	1.0875
0.9082	1.0843
0.9030	1.0780
0.8991	1.0400
0.8966	1.0345
0.8952	1.0282
0.8950	1.0228
0.8949	1.0125
0.8941	0.9997
0.8927	0.9923
0.8906	0.9930
0.8877	1.0002
0.8846	1.0113
0.8811	1.0237
0.8771	1.0320
0.8734	1.0392
0.8698	1.0433
0.8668	1.0470
0.9889	0.9200
0.9876	0.9255
0.9866	0.9265
0.9866	0.9230
0.9876	0.9263
0.9888	0.9340
0.9895	0.9465
0.9908	0.9615
0.9925	0.9737
0.9938	0.9835
0.9946	0.9895
0.9944	0.9932
0.9940	0.9972
0.9939	1.0040
0.9934	1.0065
0.9926	1.0122
0.9905	1.0137
0.9881	1.0165
0.9864	1.0187
0.9843	1.0242
0.9826	1.0335
0.9805	1.0420
0.9782	1.0518
0.9763	1.0530
0.9747	1.0510
0.9880	0.9688
0.9717	1.0463
0.9889	0.9705
0.9679	1.0400
0.9886	0.9682
0.9873	0.9647
0.9858	0.9595
0.9823	0.9595
0.9803	0.9645
0.9772	0.9700
0.9743	0.9740
0.9709	0.9735
0.9679	0.9662
0.9647	0.9643
0.9625	0.9703
0.9610	0.9778
0.9593	0.9853
0.9586	0.9965
0.9579	1.0097
0.9578	1.0250
0.9575	1.0463
0.9575	1.0775
0.9568	1.1143
0.9568	1.1495
0.9579	1.1843
0.9592	1.2165
0.9614	1.2457
0.9631	1.2668
0.9648	1.2833
0.9666	1.2977
0.7677	0.9782
0.7665	0.9592
0.7667	0.9445
0.7673	0.9410
0.7686	0.9515
0.7709	0.9717
0.7740	1.0018
0.7776	1.0385
0.7813	1.0790
0.7850	1.1270
0.7877	1.1675
0.7897	1.1985
0.7909	1.2180
0.7916	1.2330
0.8141	1.0910
0.8137	1.0955
0.8139	1.1002
0.8140	1.1045
0.8147	1.1095
0.8152	1.1152
0.8156	1.1215
0.8159	1.1292
0.8174	1.1390
0.8207	1.1528
0.8239	1.1685
0.8281	1.1833
0.8319	1.1985
0.8352	1.2078
0.8378	1.2130
0.8403	1.2102
0.8427	1.2035
0.8456	1.1930
0.8951	1.1468
0.8979	1.1382
0.8995	1.1285
0.9008	1.1170
0.9016	1.1035
0.9017	1.0860
0.9022	1.0717
0.9022	1.0607
0.9018	1.0585
0.9016	1.0610
0.9013	1.0715
0.9022	1.0875
0.9054	1.1095
0.9101	1.1328
0.9171	1.1575
0.9250	1.1797
0.9329	1.1893
0.9402	1.1917
0.9468	1.1855
0.9526	1.1733
0.9578	1.1565
0.9632	1.1382
0.9678	1.1152
0.9729	1.0930
0.9317	1.1210
0.9314	1.1387
0.9315	1.1553
0.9331	1.1678
0.9347	1.1835
0.9361	1.2002
0.9379	1.2170
0.9398	1.2292
0.9422	1.2345
0.9448	1.2335
0.9481	1.2272
0.9524	1.2208
0.9575	1.2185
0.9636	1.2160
0.9696	1.2073
0.9761	1.1930
0.9831	1.1740
0.9900	1.1522
0.9960	1.1350
0.9998	1.1180
1.0013	1.1010
1.0008	1.0830
0.9995	1.0640
0.9979	1.0492
0.9972	1.0408
0.7450	1.1455
0.7448	1.1285
0.7453	1.1115
0.7460	1.0950
0.7474	1.0855
0.7489	1.0763
0.7500	1.0740
0.7515	1.0738
0.7532	1.0725
0.7551	1.0727
0.7573	1.0707
0.7672	1.2167
0.7653	1.2195
0.7631	1.2255
0.7610	1.2320
0.7586	1.2383
0.7569	1.2390
0.7562	1.2373
0.7555	1.2355
0.7559	1.2288
0.7573	1.2195
0.7596	1.2050
0.7623	1.1900
0.7655	1.1745
0.8376	1.1205
0.8351	1.1282
0.8331	1.1410
0.8310	1.1568
0.8301	1.1700
0.8296	1.1780
0.8303	1.1830
0.8307	1.1850
0.8324	1.1867
0.8349	1.1890
0.8379	1.1892
0.8414	1.1865
0.8448	1.1815
0.8473	1.1767
0.8497	1.1730
0.8520	1.1735
0.8545	1.1697
0.8573	1.1683
0.8601	1.1650
0.8630	1.1605
0.9162	1.2060
0.9181	1.2080
0.9190	1.2065
0.9193	1.2033
0.9189	1.2007
0.9178	1.1967
0.9160	1.1927
0.9142	1.1957
0.9118	1.2035
0.9099	1.2120
0.9080	1.2265
0.9065	1.2405
0.9060	1.2500
0.9069	1.2557
0.9086	1.2580
0.9105	1.2570
0.9124	1.2535
0.9156	1.2507
0.9190	1.2442
0.9228	1.2345
0.9257	1.2205
0.9287	1.2045
0.9757	1.1602
0.9778	1.1512
0.9800	1.1385
0.9802	1.1210
0.9786	1.1012
0.9721	1.0773
0.9676	1.0530
0.9638	1.0363
0.9609	1.0200
0.9593	1.0180
0.9592	1.0305
0.9596	1.0505
0.9616	1.0847
0.9633	1.1240
0.9651	1.1618
0.9678	1.1945
0.9696	1.2230
0.9697	1.2525
0.9661	1.2715
0.9601	1.2825
0.9536	1.2812
0.9480	1.2718
0.9447	1.2517
0.9435	1.2257
0.9457	1.2032
0.7917	1.0322
0.7911	1.0287
0.7911	1.0275
0.7912	1.0290
0.7908	1.0307
0.7904	1.0425
0.7900	1.0675
0.7902	1.1060
0.7909	1.1528
0.7919	1.2012
0.7932	1.2370
0.7949	1.2555
0.7961	1.2640
0.7971	1.2660
0.8705	1.1078
0.8688	1.1415
0.8672	1.1703
0.8655	1.1865
0.8639	1.1912
0.8618	1.1842
0.8598	1.1712
0.8583	1.1577
0.8584	1.1475
0.8597	1.1365
0.8615	1.1215
0.8629	1.1087
0.8638	1.1080
0.8640	1.1173
0.8642	1.1342
0.8639	1.1560
0.8632	1.1730
0.8623	1.1833
0.8612	1.1855
0.7975	1.0795
0.7923	1.1078
0.7883	1.1430
0.7858	1.1765
0.7848	1.2035
0.7851	1.2250
0.7868	1.2388
0.7890	1.2475
0.7907	1.2450
0.7926	1.2323
0.7941	1.2110
0.7957	1.1815
0.7980	1.1460
0.8010	1.1095
0.8046	1.0790
0.7218	1.1152
0.7221	1.1323
0.7216	1.1410
0.7203	1.1465
0.7190	1.1480
0.7179	1.1460
0.7166	1.1422
0.7160	1.1405
0.6929	1.1205
0.6919	1.1092
0.6921	1.0962
0.6933	1.0837
0.6958	1.0730
0.6986	1.0648
0.7013	1.0595
0.8859	1.1880
0.8826	1.1860
0.8801	1.1810
0.8799	1.1762
0.8812	1.1745
0.8846	1.1723
0.8888	1.1733
0.8937	1.1755
0.8995	1.1802
0.9051	1.1878
0.9104	1.1930
0.9148	1.1975
0.9170	1.1982
0.9170	1.1975
0.9153	1.1957
0.9127	1.1965
0.9093	1.1967
0.9061	1.1972
0.9048	1.1983
0.9061	1.2000
0.9314	1.2162
0.9270	1.2305
0.9225	1.2400
0.9178	1.2457
0.9230	1.2508
0.9197	1.2510
0.9170	1.2465
0.9144	1.2430
0.9150	1.2420
0.9172	1.2428
0.9205	1.2435
0.9247	1.2443
0.9289	1.2440
0.9328	1.2418
0.9367	1.2338
0.9411	1.2248
0.9457	1.2155
0.9504	1.2010
0.9551	1.1817
0.9608	1.1615
0.9667	1.1450
0.9727	1.1305
0.9788	1.1218
0.9849	1.1215
0.9918	1.1270
0.7061	1.2850
0.7051	1.2787
0.7047	1.2702
0.7047	1.2592
0.7056	1.2438
0.7077	1.2268
0.7111	1.2067
0.6885	1.1630
0.6865	1.1715
0.6841	1.1755
0.6817	1.1840
0.6794	1.1920
0.8733	1.1590
0.8688	1.1705
0.8654	1.1783
0.8627	1.1837
0.8609	1.1840
0.8599	1.1835
0.8593	1.1833
0.8592	1.1817
0.8600	1.1820
0.8611	1.1765
0.8629	1.1673
0.8654	1.1540
0.8693	1.1380
0.8740	1.1203
0.8777	1.1028
0.8826	1.0875
0.8869	1.0755
0.8907	1.0685
0.8953	1.0635
0.8990	1.0637
0.9033	1.0692
0.9075	1.0768
0.9508	1.1202
0.9511	1.1327
0.9517	1.1345
0.9529	1.1382
0.9539	1.1402
0.9539	1.1412
0.9532	1.1438
0.9510	1.1412
0.9486	1.1373
0.9466	1.1287
0.9454	1.1192
0.9436	1.1130
0.9424	1.1135
0.9410	1.1145
0.9402	1.1140
0.9408	1.1110
0.9426	1.1053
0.9449	1.0998
0.9480	1.0960
1.0741	1.1193
0.9527	1.0915
1.0742	1.1440
0.9583	1.0868
1.0742	1.1630
0.9633	1.0832
1.0732	1.1798
0.9684	1.0822
1.0719	1.1943
0.9751	1.0800
1.0716	1.2017
0.9831	1.0825
1.0716	1.2060
0.9922	1.0907
1.0728	1.2110
1.0735	1.2163
1.0739	1.2175
1.0737	1.2120
1.0728	1.2000
1.0697	1.1852
1.0699	1.1725
1.0699	1.1565
1.0715	1.1373
1.0761	1.1162
1.0803	1.0985
1.0827	1.0810
1.0844	1.0660
1.0862	1.0555
1.0875	1.0568
1.0887	1.0640
1.0890	1.0770
1.0897	1.0950
1.0908	1.1163
1.0941	1.1335
1.0988	1.1450
1.1045	1.1560
1.1125	1.1600
1.1238	1.1625
1.1364	1.1545
0.7961	1.0917
0.7959	1.0737
0.7961	1.0655
0.7965	1.0718
0.7971	1.0773
0.7982	1.0788
0.8006	1.0783
0.8052	1.0797
0.8116	1.0777
0.8172	1.0823
0.8217	1.0840
0.8244	1.0792
0.8267	1.0740
0.8273	1.0668
0.8273	1.0510
0.8274	1.0430
0.8273	1.0352
0.7878	1.1948
0.7863	1.1832
0.7847	1.1628
0.7829	1.1385
0.7822	1.1118
0.7826	1.0837
0.7835	1.0567
0.7844	1.0375
0.7855	1.0323
0.7870	1.0362
0.7890	1.0547
0.7915	1.0797
0.7944	1.1033
0.7976	1.1242
0.8007	1.1357
0.8884	1.0228
0.8854	1.0415
0.8828	1.0635
0.8813	1.0828
0.8800	1.1000
0.8800	1.1152
0.8809	1.1285
0.8821	1.1395
0.8832	1.1420
0.8838	1.1425
0.8844	1.1370
0.8856	1.1268
0.8870	1.1123
0.8889	1.0982
0.8910	1.0863
0.8930	1.0747
0.8951	1.0637
0.8979	1.0482
0.9010	1.0337
0.9038	1.0195
0.9071	1.0035
0.9107	0.9885
0.7967	1.0490
0.7975	1.0373
0.7974	1.0253
0.7971	1.0165
0.7963	1.0095
0.7950	1.0090
0.7935	1.0128
0.7923	1.0240
0.7920	1.0417
0.7936	1.0620
0.7962	1.0822
0.7999	1.0997
0.8046	1.1150
0.8089	1.1237
0.8661	1.2782
0.8661	1.2838
0.8667	1.2805
0.8684	1.2715
0.8699	1.2567
0.8712	1.2345
0.8717	1.2087
0.8715	1.1802
0.8706	1.1592
0.8694	1.1457
0.8684	1.1428
0.8675	1.1502
0.8671	1.1657
0.8670	1.1865
0.8670	1.2133
0.8673	1.2350
0.8687	1.2513
0.8721	1.2580
0.8770	1.2570
0.8823	1.2455
0.8788	1.1790
0.8806	1.1755
0.8832	1.1720
0.8869	1.1607
0.8913	1.1457
0.8951	1.1322
0.8986	1.1220
0.9020	1.1133
0.9051	1.1110
0.9084	1.1170
0.9120	1.1340
0.9161	1.1578
0.9199	1.1862
0.9238	1.2102
0.9275	1.2278
0.9321	1.2397
0.9377	1.2440
0.9431	1.2418
0.9486	1.2328
0.9532	1.2210
0.9564	1.2015
0.6704	1.1917
0.6690	1.1955
0.6679	1.1968
0.6672	1.1872
0.6572	1.1815
0.6576	1.1705
0.9667	1.1077
0.9634	1.1030
0.9598	1.0960
0.9569	1.0877
0.9559	1.0792
0.9551	1.0675
0.9557	1.0602
0.9565	1.0558
0.9574	1.0565
0.9582	1.0612
0.9595	1.0628
0.9609	1.0623
0.9625	1.0612
0.9635	1.0560
0.9635	1.0452
0.9623	1.0377
0.9595	1.0328
0.9541	1.0272
0.9481	1.0235
0.9429	1.0182
0.9385	1.0205
0.9365	1.0260
0.9365	1.0328
0.9381	1.0452
0.9416	1.0597
0.9454	1.0682
0.9239	1.1547
0.9262	1.1610
0.9293	1.1585
0.9320	1.1495
0.9335	1.1338
0.9345	1.1135
0.9346	1.0885
0.9339	1.0650
0.9326	1.0448
0.9318	1.0260
0.9315	1.0140
0.9319	1.0032
0.9334	0.9970
0.9357	0.9930
0.9390	0.9955
0.9443	0.9995
0.9512	1.0073
0.9586	1.0158
0.9649	1.0245
0.9709	1.0305
0.9768	1.0338
0.9829	1.0385
0.9895	1.0467
0.9955	1.0595
0.9111	1.1432
1.0015	1.0710
0.9079	1.1432
1.0076	1.0863
0.9055	1.1420
0.9031	1.1340
0.9006	1.1247
0.8994	1.1145
0.8988	1.0965
0.8998	1.0780
0.9029	1.0630
0.9041	1.0425
0.9051	1.0235
0.9061	1.0137
0.9075	1.0068
0.9088	1.0047
0.9098	1.0145
0.9103	1.0292
0.9111	1.0573
0.9121	1.0887
0.9136	1.1152
0.9160	1.1385
0.9197	1.1620
0.9246	1.1702
0.9304	1.1722
0.9357	1.1690
0.7094	1.1620
0.7069	1.1340
0.7034	1.1065
0.6999	1.0830
0.6968	1.0592
0.6944	1.0503
0.6926	1.0518
0.6907	1.0565
0.7078	1.1110
0.7047	1.1143
0.7019	1.1065
0.6992	1.0920
0.6968	1.0710
0.6945	1.0500
0.6933	1.0305
0.9126	1.0482
0.9101	1.0685
0.9063	1.0828
0.9027	1.0923
0.8984	1.0945
0.8943	1.0897
0.8904	1.0755
0.8871	1.0572
0.8846	1.0372
0.8842	1.0200
0.8858	1.0072
0.8870	0.9975
0.8874	0.9937
0.8873	0.9923
0.8860	0.9923
0.8856	0.9930
0.8843	0.9937
0.8813	0.9937
0.8767	0.9940
0.8711	0.9912
0.8662	0.9898
0.8636	0.9880
0.8626	0.9848
0.7897	1.0595
0.7864	1.0557
0.7834	1.0580
0.7806	1.0667
0.7789	1.0802
0.7782	1.0957
0.7784	1.1092
0.7793	1.1187
0.7807	1.1248
0.7828	1.1242
0.7850	1.1158
0.7874	1.1015
0.7900	1.0845
0.7929	1.0637
0.7959	1.0407
0.8910	1.0363
0.8898	1.0430
0.8873	1.0485
0.8837	1.0532
0.8798	1.0560
0.8762	1.0585
0.8734	1.0570
0.8718	1.0550
0.8713	1.0527
0.8719	1.0480
0.8738	1.0405
0.8768	1.0337
0.8811	1.0268
0.8867	1.0195
0.8926	1.0150
0.8996	1.0108
0.9072	1.0097
0.9155	1.0100
0.9241	1.0118
0.9325	1.0165
0.9411	1.0272
0.9493	1.0395
0.9577	1.0542
0.7520	1.1135
0.7534	1.1007
0.7546	1.0765
0.7552	1.0490
0.7550	1.0087
0.7548	0.9890
0.7549	0.9865
0.7554	0.9842
0.7561	0.9705
0.7571	0.9652
0.7584	0.9510
0.7597	0.9427
0.7614	0.9542
0.7214	1.0630
0.7196	1.0787
0.7170	1.1025
0.7149	1.1290
0.7118	1.1567
0.7086	1.1785
0.7039	1.1940
0.6999	1.1990
0.6982	1.1938
0.9127	1.0502
0.9134	1.0480
0.9153	1.0445
0.9177	1.0395
0.9199	1.0355
0.9220	1.0365
0.9240	1.0452
0.9255	1.0560
0.9269	1.0658
0.9277	1.0745
0.9277	1.0798
0.9280	1.0857
0.9280	1.0933
0.9281	1.0952
0.9293	1.0915
0.9309	1.0828
0.9334	1.0715
0.9358	1.0628
0.9400	1.0585
0.9440	1.0553
0.9487	1.0482
0.9671	1.1153
0.9536	1.0362
0.9643	1.1305
0.9579	1.0222
0.9605	1.1385
0.9619	1.0155
0.9570	1.1475
0.9647	1.0158
0.9555	1.1555
0.9552	1.1592
0.9556	1.1670
0.9557	1.1735
0.9557	1.1797
0.9556	1.1808
0.9554	1.1862
0.9551	1.1828
0.9556	1.1690
0.9558	1.1527
0.9566	1.1327
0.9566	1.1115
0.9558	1.0852
0.9540	1.0592
0.9516	1.0398
0.9483	1.0245
0.9453	1.0132
0.9422	1.0127
0.9406	1.0242
0.9410	1.0470
0.9424	1.0718
0.9449	1.0980
0.8072	1.0850
0.8061	1.1012
0.8047	1.1170
0.8033	1.1207
0.8020	1.1223
0.8018	1.1227
0.8025	1.1165
0.8039	1.1100
0.8061	1.1015
0.8085	1.0880
0.8110	1.0745
0.8132	1.0637
0.8152	1.0505
0.8165	1.0437
0.8178	1.0400
0.8189	1.0320
0.8198	1.0300
0.8205	1.0275
0.7941	1.0272
0.7926	1.0283
0.7914	1.0300
0.7904	1.0350
0.7890	1.0430
0.7876	1.0582
0.7868	1.0818
0.7859	1.1092
0.7850	1.1380
0.7844	1.1635
0.7843	1.1840
0.7845	1.1947
0.7853	1.1962
0.7861	1.1862
0.7876	1.1678
0.9607	1.0850
0.9611	1.1018
0.9621	1.1180
0.9649	1.1275
0.9688	1.1342
0.9738	1.1365
0.9787	1.1335
0.9837	1.1272
0.9881	1.1195
0.9923	1.1100
0.9969	1.1045
1.0022	1.0952
1.0066	1.0910
1.0107	1.0915
1.0145	1.0992
1.0190	1.1085
1.0230	1.1178
1.0263	1.1205
1.0295	1.1223
1.0317	1.1197
1.0328	1.1125
1.0321	1.1010
0.9839	1.1460
1.0310	1.0880
0.9819	1.1467
1.0301	1.0780
0.9819	1.1423
1.0299	1.0673
0.9833	1.1377
1.0313	1.0575
0.9869	1.1337
0.9900	1.1245
0.9930	1.1168
0.9949	1.1047
0.9966	1.0890
0.9982	1.0735
0.9998	1.0637
1.0017	1.0607
1.0041	1.0625
1.0069	1.0648
1.0093	1.0642
1.0117	1.0625
1.0149	1.0585
1.0185	1.0592
1.0216	1.0605
1.0249	1.0610
1.0282	1.0625
1.0320	1.0653
1.0363	1.0675
1.0414	1.0692
0.9801	1.1377
1.0487	1.0768
0.9784	1.1412
1.0572	1.0887
0.9774	1.1468
1.0676	1.0987
0.9774	1.1462
1.0788	1.1080
0.9776	1.1455
0.9774	1.1402
0.9764	1.1265
0.9747	1.1073
0.9730	1.0900
0.9711	1.0782
0.9707	1.0735
0.9713	1.0665
0.9727	1.0533
0.9754	1.0433
0.9788	1.0348
0.9822	1.0285
0.9873	1.0300
0.9930	1.0330
0.9996	1.0325
1.0062	1.0310
1.0121	1.0272
1.0177	1.0300
1.0229	1.0435
1.0292	1.0600
1.0353	1.0782
1.0416	1.0973
1.0467	1.1060
1.0514	1.1128
0.8400	1.0460
0.8388	1.0298
0.8374	1.0202
0.8369	1.0147
0.8366	1.0137
0.8367	1.0187
0.8370	1.0322
0.8372	1.0482
0.8377	1.0672
0.8384	1.0855
0.8398	1.1025
0.8415	1.1180
0.8432	1.1300
0.8454	1.1407
0.8490	1.1478
0.8532	1.1527
0.8573	1.1555
0.8615	1.1540
0.8651	1.1500
0.7762	1.0242
0.7742	1.0437
0.7726	1.0675
0.7715	1.0882
0.7707	1.1075
0.7708	1.1227
0.7711	1.1300
0.7712	1.1295
0.7713	1.1275
0.7707	1.1223
0.7696	1.1185
0.7682	1.1153
0.7667	1.1150
0.7648	1.1190
0.8466	1.0552
0.8457	1.0500
0.8446	1.0477
0.8435	1.0483
0.8420	1.0515
0.8405	1.0587
0.8390	1.0680
0.8371	1.0782
0.8354	1.0890
0.8333	1.0970
0.8321	1.1028
0.8318	1.1072
0.8321	1.1097
0.8337	1.1120
0.8369	1.1138
0.8409	1.1142
0.8461	1.1140
0.8516	1.1122
1.0806	1.2098
1.0765	1.2100
1.0733	1.2077
1.0707	1.2025
1.0685	1.1917
1.0675	1.1758
1.0677	1.1545
1.0692	1.1297
1.0720	1.1068
1.0750	1.0840
1.0781	1.0622
1.0815	1.0477
1.0845	1.0430
1.0872	1.0460
1.0904	1.0618
1.0930	1.0825
1.0953	1.1035
1.0974	1.1282
1.0998	1.1502
1.1019	1.1672
1.1047	1.1810
1.1075	1.1908
1.1094	1.1905
1.1090	1.1848
1.1077	1.1685
1.1058	1.1492
1.1039	1.1300
1.1025	1.1060
1.1022	1.0812
0.9198	1.0367
1.1039	1.0568
0.9246	1.0560
1.1073	1.0303
0.9296	1.0798
0.9347	1.1033
0.9377	1.1252
0.9378	1.1365
0.9366	1.1385
0.9353	1.1300
0.9382	1.1200
0.9374	1.1065
0.9366	1.0882
0.9359	1.0742
0.9385	1.0602
0.9341	1.0468
0.9327	1.0372
0.9289	1.0333
0.9270	1.0315
0.9237	1.0342
0.9218	1.0340
0.9210	1.0300
0.9212	1.0292
0.9231	1.0187
0.9272	1.0100
0.9323	1.0035
0.7521	1.1135
0.7499	1.0860
0.7474	1.0642
0.7451	1.0625
0.7432	1.0640
0.7420	1.0705
0.7423	1.0805
0.7442	1.0960
0.7477	1.1160
0.7514	1.1402
0.8306	1.1338
0.8306	1.1302
0.8308	1.1332
0.8308	1.1390
0.8310	1.1533
0.8303	1.1707
0.8306	1.1920
0.8313	1.2050
0.8324	1.2197
0.8340	1.2285
0.8356	1.2330
0.8366	1.2342
0.8372	1.2345
0.8378	1.2352
0.8385	1.2332
0.8391	1.2307
0.8394	1.2248
0.8394	1.2180
0.7582	1.1567
0.7546	1.1568
0.7506	1.1550
0.7464	1.1502
0.7426	1.1457
0.7387	1.1428
0.7353	1.1407
0.7329	1.1397
0.7314	1.1435
0.7309	1.1503
0.7310	1.0855
0.7286	1.0790
0.7267	1.0815
0.7254	1.0902
0.7246	1.1033
0.7240	1.1152
0.7237	1.1247
0.7236	1.1320
0.7238	1.1385
0.9203	1.1863
0.9195	1.1910
0.9174	1.2012
0.9150	1.2027
0.9126	1.2033
0.9104	1.2017
0.9081	1.2043
0.9071	1.2068
0.9078	1.2095
0.9100	1.2102
0.9137	1.2055
0.9183	1.1945
0.9238	1.1752
0.9288	1.1575
0.9327	1.1402
0.9364	1.1252
0.9396	1.1110
0.9434	1.1062
0.9477	1.1007
0.9526	1.1040
0.9576	1.1105
0.9633	1.1225
0.9697	1.1392
0.9760	1.1650
0.9669	1.1348
0.9614	1.1382
0.9563	1.1395
0.9517	1.1375
0.9468	1.1358
0.9431	1.1297
0.9412	1.1270
0.9407	1.1225
0.9411	1.1238
0.9428	1.1302
0.9450	1.1405
0.9477	1.1530
0.9501	1.1672
0.9518	1.1795
0.9540	1.1875
0.9565	1.1895
0.9590	1.1838
0.9627	1.1765
0.9657	1.1653
0.9692	1.1490
0.9729	1.1317
0.9764	1.1087
0.9790	1.0887
0.9813	1.0705
0.9830	1.0557
0.8735	1.0597
0.8728	1.0672
0.8723	1.0775
0.8715	1.0882
0.8705	1.1022
0.8696	1.1160
0.8697	1.1275
0.8702	1.1377
0.8713	1.1447
0.8731	1.1500
0.8753	1.1513
0.8786	1.1510
0.8818	1.1510
0.8852	1.1515
0.8872	1.1508
0.8888	1.1493
0.8891	1.1470
0.8883	1.1462
0.8868	1.1450
0.8850	1.1417
0.8840	1.1373
0.7811	1.1230
0.7797	1.1240
0.7781	1.1297
0.7761	1.1428
0.7741	1.1583
0.7725	1.1760
0.7715	1.1900
0.7712	1.2005
0.7716	1.2043
0.7729	1.2022
0.7749	1.1920
0.7834	1.1772
0.7859	1.1618
0.7889	1.1457
0.8307	1.1448
0.8312	1.1447
0.8290	1.1442
0.8294	1.1430
0.8289	1.1415
0.8285	1.1390
0.8289	1.1350
0.8294	1.1285
0.8298	1.1235
0.8303	1.1200
0.8318	1.1205
0.8334	1.1215
0.8354	1.1258
0.8370	1.1317
0.8391	1.1380
0.8418	1.1455
0.8450	1.1505
0.8483	1.1552
0.9150	1.2012
0.9132	1.1902
0.9117	1.1795
0.9109	1.1653
0.9106	1.1465
0.9111	1.1245
0.9123	1.1033
0.9137	1.0837
0.9146	1.0630
0.9152	1.0505
0.9157	1.0445
0.9158	1.0460
0.9160	1.0518
0.9160	1.0630
0.9157	1.0762
0.9151	1.0892
0.9146	1.0998
0.9137	1.1133
0.9133	1.1265
0.9129	1.1405
0.9128	1.1490
0.9139	1.1563
0.7912	1.0460
0.7910	1.0687
0.7910	1.0940
0.7917	1.1202
0.7931	1.1370
0.7948	1.1460
0.7968	1.1475
0.7991	1.1433
0.8016	1.1323
0.8041	1.1160
0.8068	1.0942
0.8096	1.0682
0.8124	1.0422
0.8150	1.0160
0.8171	1.0010
0.6512	1.1400
0.6544	1.0830
0.6559	1.0735
1.0302	1.1845
1.0333	1.1943
1.0360	1.1932
1.0386	1.1865
1.0409	1.1730
1.0433	1.1600
1.0439	1.1478
1.0403	1.1390
1.0346	1.1332
1.0277	1.1282
1.0222	1.1235
1.0177	1.1155
1.0152	1.1050
1.0141	1.0900
1.0139	1.0730
1.0140	1.0543
1.0148	1.0365
1.0162	1.0213
1.0187	1.0093
1.0218	1.0020
1.0254	1.0000
1.0295	1.0068
1.0320	1.0263
1.0351	1.0548
1.0385	1.0922
1.0419	1.1330
0.9994	1.1130
1.0460	1.1728
0.9955	1.1218
1.0504	1.2047
0.9914	1.1333
1.0555	1.2257
0.9868	1.1482
0.9819	1.1643
0.9777	1.1750
0.9751	1.1782
0.9748	1.1730
0.9769	1.1592
0.9808	1.1460
0.9866	1.1317
0.9934	1.1117
1.0006	1.0952
1.0077	1.0812
1.0134	1.0705
1.0187	1.0673
1.0230	1.0735
1.0268	1.0955
1.0514	1.1360
1.0304	1.1252
1.0461	1.1345
1.0353	1.1615
1.0399	1.1415
1.0410	1.1925
1.0334	1.1535
1.0481	1.2178
1.0254	1.1680
1.0566	1.2300
1.0172	1.1857
1.0663	1.2332
1.0083	1.2007
1.0772	1.2328
1.0007	1.2132
1.0895	1.2297
0.9952	1.2227
1.1019	1.2222
0.9920	1.2280
1.1131	1.2050
0.9896	1.2320
0.9877	1.2350
0.9864	1.2330
0.9858	1.2323
0.9853	1.2315
0.9855	1.2288
0.9862	1.2223
0.9878	1.2125
0.9906	1.2025
0.9943	1.1910
1.0003	1.1770
1.0079	1.1542
1.0169	1.1297
1.0261	1.1020
1.0340	1.0775
1.0402	1.0580
1.0451	1.0485
1.0483	1.0457
0.7382	1.1652
0.7393	1.1660
0.7404	1.1708
0.7410	1.1795
0.7415	1.1878
0.7419	1.1918
0.7423	1.1940
0.7430	1.1915
0.7438	1.1810
0.7453	1.1657
0.7477	1.1485
0.7504	1.1272
0.7468	1.2530
0.7474	1.2640
0.7483	1.2715
0.7499	1.2723
0.7519	1.2668
0.7545	1.2560
0.7575	1.2417
0.7602	1.2297
0.7625	1.2130
0.7645	1.1925
0.7663	1.1728
0.7679	1.1547
0.8356	1.2468
0.8318	1.2585
0.8286	1.2702
0.8259	1.2770
0.8246	1.2778
0.8240	1.2732
0.8238	1.2650
0.8247	1.2543
0.8266	1.2430
0.8299	1.2310
0.8344	1.2188
0.8392	1.2070
0.8444	1.2012
0.8499	1.1955
0.8552	1.1930
0.8609	1.1920
0.8663	1.1895
0.7873	1.2015
0.7900	1.2067
0.7917	1.2157
0.7925	1.2292
0.7922	1.2467
0.7913	1.2655
0.7896	1.2820
0.7875	1.2957
0.7855	1.3035
0.7839	1.3093
0.7828	1.3137
0.7830	1.3162
0.7843	1.3182
0.8355	1.2348
0.8362	1.2377
0.8369	1.2398
0.8379	1.2340
0.8384	1.2257
0.8388	1.2130
0.8388	1.1997
0.8387	1.1877
0.8386	1.1790
0.8388	1.1740
0.8389	1.1750
0.8392	1.1825
0.8402	1.1962
0.8417	1.2155
0.8432	1.2360
0.8455	1.2528
0.9509	1.1372
0.9471	1.1352
0.9443	1.1397
0.9414	1.1422
0.9395	1.1493
0.9386	1.1580
0.9386	1.1638
0.9390	1.1675
0.9395	1.1725
0.9411	1.1765
0.9430	1.1773
0.9452	1.1755
0.9478	1.1705
0.9513	1.1618
0.9552	1.1547
0.9600	1.1495
0.9647	1.1468
0.9687	1.1475
0.9718	1.1482
0.9745	1.1527
0.9768	1.1595
0.9779	1.1660
0.9784	1.1702
0.9779	1.1742
0.8595	1.1947
0.8572	1.2002
0.8546	1.2013
0.8525	1.1987
0.8502	1.1950
0.8476	1.1882
0.8443	1.1815
0.8414	1.1807
0.8393	1.1840
0.8386	1.1860
0.8393	1.1855
0.8418	1.1843
0.8455	1.1785
0.8494	1.1700
0.8522	1.1555
0.8543	1.1388
0.8565	1.1205
0.8589	1.1035
0.7346	1.1557
0.7348	1.1275
0.7356	1.0995
0.7372	1.0740
0.7396	1.0617
0.7425	1.0582
0.7461	1.0570
0.7501	1.0610
0.7540	1.0685
0.7579	1.0725
0.7616	1.0730
1.0887	1.1962
1.0786	1.1917
1.0709	1.1822
1.0647	1.1620
1.0593	1.1427
1.0550	1.1142
1.0507	1.0828
1.0471	1.0562
1.0438	1.0392
1.0417	1.0290
1.0404	1.0310
1.0382	1.0413
1.0348	1.0503
1.0316	1.0675
1.0291	1.0813
1.0274	1.0923
1.0275	1.0995
1.0288	1.1030
1.0303	1.1023
1.0317	1.0975
1.0334	1.0898
1.0342	1.0772
1.0353	1.0620
1.0356	1.0462
1.0359	1.0280
1.0355	1.0165
1.0328	1.0105
1.0292	0.9298
1.0251	0.9267
0.8686	1.0167
0.8666	1.0088
0.8761	1.0155
0.8742	1.0420
0.8700	1.0818
0.8693	1.1295
0.8692	1.1653
0.8765	1.1883
0.8766	1.1987
0.8762	1.2038
0.8755	1.2030
0.8751	1.1995
0.8749	1.1908
0.8745	1.1750
0.8738	1.1510
0.8726	1.1260
0.8716	1.1155
0.8711	1.1173
0.8716	1.1270
0.8740	1.1418
0.8783	1.1540
0.8855	1.2580
0.8823	1.2385
0.8801	1.2153
0.8788	1.1970
0.8789	1.1827
0.8802	1.1730
0.8822	1.1697
0.8834	1.1660
0.8834	1.1660
0.8828	1.1692
0.8814	1.1720
0.8784	1.1758
0.8742	1.1812
0.8691	1.1880
0.8640	1.1965
0.8594	1.2067
0.8556	1.2145
0.8543	1.2240
0.8558	1.2292
0.8848	1.1795
0.8830	1.1900
0.8809	1.2007
0.8793	1.2102
0.8778	1.2178
0.8763	1.2212
0.8749	1.2182
0.8742	1.2082
0.8736	1.1955
0.8731	1.1847
0.8717	1.1723
0.8705	1.1635
0.8694	1.1565
0.8688	1.1555
0.8679	1.1625
0.8677	1.1750
0.8685	1.1935
0.8707	1.2065
0.8739	1.2148
0.8775	1.2195
0.7282	1.2038
0.7282	1.2012
0.7285	1.1962
0.7291	1.1910
0.7302	1.1855
0.7318	1.1785
0.7338	1.1747
0.7362	1.1758
0.7391	1.1812
0.7416	1.1905
0.7715	1.2072
0.7714	1.1955
0.7717	1.1800
0.7722	1.1620
0.7730	1.1475
0.7741	1.1380
0.7759	1.1315
0.7783	1.1290
0.7812	1.1340
0.7848	1.1460
0.7887	1.1647
0.7934	1.1847
0.8068	1.2057
0.8122	1.2255
0.8178	1.2423
0.8225	1.2557
0.8944	1.1975
0.8893	1.2017
0.8849	1.2055
0.8812	1.2025
0.8789	1.1940
0.8770	1.1820
0.8763	1.1683
0.8756	1.1535
0.8742	1.1413
0.8737	1.1318
0.8736	1.1325
0.8744	1.1387
0.8759	1.1445
0.8775	1.1515
0.8792	1.1605
0.8810	1.1645
0.8830	1.1662
0.8849	1.1665
0.8871	1.1660
0.8887	1.1670
0.8895	1.1652
0.8339	1.0307
0.8283	1.0415
0.8224	1.0592
0.8171	1.0825
0.8125	1.1030
0.8087	1.1202
0.8056	1.1333
0.8038	1.1427
0.8024	1.1495
0.8017	1.1552
0.8012	1.1567
0.8012	1.1547
0.8013	1.1518
0.8013	1.1473
0.8018	1.1453
0.8027	1.1478
0.8270	1.0735
0.8260	1.0768
0.8247	1.0882
0.8230	1.1082
0.8208	1.1350
0.8183	1.1630
0.8162	1.1860
0.8146	1.2022
0.8141	1.2107
0.8130	1.2165
0.8116	1.2167
0.8100	1.2075
0.8090	1.1955
0.8083	1.1847
0.8081	1.1728
0.8082	1.1660
0.9132	1.1175
0.9081	1.1248
0.9038	1.1285
0.9008	1.1330
0.8992	1.1350
0.8986	1.1358
0.8986	1.1378
0.8990	1.1413
0.9003	1.1477
0.9023	1.1560
0.9042	1.1638
0.9065	1.1705
0.9082	1.1763
0.9095	1.1800
0.9094	1.1845
0.9076	1.1855
0.9052	1.1843
0.9024	1.1802
0.8996	1.1720
0.8975	1.1605
0.8963	1.1465
0.8839	1.1610
0.8839	1.1622
0.8845	1.1607
0.8857	1.1570
0.8869	1.1555
0.8870	1.1582
0.8863	1.1605
0.8859	1.1598
0.8864	1.1545
0.8881	1.1457
0.8899	1.1333
0.8917	1.1233
0.8935	1.1135
0.8952	1.1040
0.8964	1.0947
0.8979	1.0880
0.9004	1.0822
0.9038	1.0812
0.9085	1.0875
0.9139	1.1015
0.9203	1.1190
0.9255	1.1375
0.7380	1.1885
0.7374	1.2010
0.7375	1.2057
0.7384	1.2043
0.7397	1.1955
0.7412	1.1780
0.7431	1.1545
0.7455	1.1270
0.7485	1.0982
0.7522	1.0680
0.7571	1.0443
0.7633	1.0320
1.1391	0.7820
1.2178	0.6545
1.1349	0.7742
1.2219	0.6732
1.1296	0.7687
1.2280	0.6888
1.1247	0.7632
1.2342	0.6985
1.1193	0.7600
1.2412	0.6980
1.1153	0.7570
1.2482	0.6965
1.1119	0.7553
1.2553	0.6912
1.1098	0.7523
1.2610	0.6843
1.1080	0.7505
1.2653	0.6812
1.1074	0.7475
1.2673	0.6798
1.1080	0.7430
1.2682	0.6805
1.1100	0.7398
1.2670	0.6820
1.1117	0.7380
1.2641	0.6870
1.1136	0.7370
1.2598	0.6953
1.1162	0.7383
1.2535	0.6998
1.1200	0.7382
1.2457	0.7040
1.1249	0.7392
1.2380	0.7078
1.1306	0.7393
1.2306	0.7073
1.1357	0.7383
1.2231	0.7035
1.1412	0.7358
1.2193	0.6998
1.1475	0.7342
1.1544	0.7315
1.1585	0.7270
1.1633	0.7235
1.1662	0.7198
1.1680	0.7163
1.1673	0.7112
1.1677	0.7065
1.1680	0.7012
1.1674	0.6955
1.1684	0.6885
1.1705	0.6815
1.1749	0.6758
1.1808	0.6698
1.1885	0.6657
1.1974	0.6655
1.2062	0.6683
1.2174	0.6753
1.2268	0.6862
1.2331	0.6990
1.2359	0.7092
1.2362	0.7187
1.2398	0.7250
1.2431	0.7267
0.9283	0.6483
1.2453	0.7260
0.9274	0.6517
1.2490	0.7220
0.9270	0.6655
1.2521	0.7130
0.9270	0.6725
1.2568	0.7022
0.9278	0.6812
1.2609	0.6890
0.9287	0.6853
1.2653	0.6765
0.9306	0.6853
1.2687	0.6653
0.9354	0.6867
1.2728	0.6550
0.9446	0.6848
1.2771	0.6452
0.9546	0.6825
1.2809	0.6390
0.9655	0.6777
0.9745	0.6775
0.9815	0.6680
0.9877	0.6587
0.9931	0.6505
0.9969	0.6522
0.9996	0.6625
1.0021	0.6750
1.0045	0.6903
1.0071	0.7078
1.0098	0.7213
1.0131	0.7422
1.0187	0.7650
1.0272	0.7828
1.0347	0.7967
1.0263	0.8050
1.0306	0.7997
1.0354	0.7945
0.9482	0.6623
1.0386	0.7855
0.9452	0.6085
1.0382	0.7683
0.9431	0.6290
1.0363	0.7472
0.9420	0.5913
1.0332	0.7130
0.9415	0.5510
1.0302	0.6807
0.9422	0.5217
1.0266	0.6505
0.9442	0.5085
1.0231	0.6255
0.9477	0.5057
1.0198	0.6057
0.9518	0.5130
1.0173	0.5885
0.9566	0.5255
1.0152	0.5755
0.9618	0.5460
0.9668	0.5673
0.9712	0.5905
0.9761	0.6062
0.9796	0.6158
0.9830	0.6220
0.9858	0.6287
0.9877	0.6323
0.9895	0.6312
0.9912	0.6265
0.9931	0.6175
0.9954	0.6102
0.9984	0.6057
1.0024	0.6102
1.0070	0.6217
1.0115	0.6355
1.0157	0.6488
1.0206	0.6607
1.0247	0.6730
1.2139	0.7412
1.0291	0.6822
1.2138	0.7262
1.0326	0.6853
1.2132	0.7138
1.0361	0.6845
1.2128	0.6998
1.0389	0.6795
1.2123	0.6910
1.0411	0.6710
1.2131	0.6880
1.0411	0.6593
1.2160	0.6888
1.0403	0.6438
1.2184	0.6943
1.0394	0.6222
1.2205	0.7075
1.0381	0.6035
1.2216	0.7260
1.0367	0.5882
1.2256	0.7505
1.0356	0.5788
1.2324	0.7780
1.0346	0.5768
1.2403	0.8047
1.2463	0.8310
1.2508	0.8518
1.2530	0.8675
1.2534	0.8907
1.2542	0.9020
1.2562	0.9040
1.2571	0.8960
1.2565	0.8868
1.2543	0.8618
1.2503	0.8385
1.2460	0.8080
1.2427	0.7765
1.2416	0.7472
1.2433	0.7055
1.2468	0.6730
1.2513	0.6400
1.2570	0.6095
1.2635	0.5802
1.2705	0.5595
1.2766	0.5330
1.2812	0.5152
1.0641	0.7177
1.2850	0.5010
1.0687	0.7192
1.2887	0.4875
1.0750	0.7232
1.2906	0.4743
1.0821	0.7330
1.2912	0.4580
1.0900	0.7485
1.2909	0.4502
1.0982	0.7658
1.2914	0.4510
1.1066	0.7848
1.2945	0.4528
1.1148	0.8043
1.2992	0.4645
1.1230	0.8227
1.3066	0.4818
1.1298	0.8395
1.3176	0.5058
1.1350	0.8522
1.3288	0.5320
1.1390	0.8575
1.3414	0.5607
1.1418	0.8615
1.3561	0.5895
1.1437	0.8647
1.3722	0.6250
1.1444	0.8620
1.3884	0.6560
1.1450	0.8575
1.4036	0.6865
1.1448	0.8475
1.4178	0.7117
1.1470	0.8337
1.4322	0.7343
1.1477	0.8200
1.4470	0.7522
1.1486	0.8065
1.4595	0.7630
1.2624	0.7800
1.1480	0.8000
1.4688	0.7728
1.2545	0.7863
1.1480	0.7988
1.4742	0.7908
1.2487	0.7878
1.1471	0.7985
1.4769	0.7988
1.2439	0.7892
1.1474	0.7975
1.4748	0.8020
1.2392	0.7927
1.1474	0.7992
1.4700	0.7988
1.2339	0.7948
1.1469	0.8032
1.4646	0.7870
1.2284	0.7957
1.1436	0.8080
1.2232	0.7970
1.1441	0.8132
1.2183	0.7930
1.1444	0.8133
1.2130	0.7937
1.1471	0.8098
1.2077	0.7940
1.1501	0.8007
1.2039	0.7967
1.1539	0.7880
1.2018	0.7965
1.1585	0.7702
1.2030	0.8002
1.1635	0.7505
1.2046	0.8015
1.1704	0.7265
1.2042	0.8037
1.1800	0.7012
1.2029	0.8048
1.1885	0.6757
1.2029	0.8032
1.1972	0.6518
1.2036	0.8033
1.2084	0.6310
1.2047	0.7965
1.2199	0.6147
1.2055	0.7917
1.2319	0.5993
1.2065	0.7853
1.2421	0.5863
1.2087	0.7800
1.2527	0.5765
1.2130	0.7715
1.2633	0.5657
1.2186	0.7597
1.2743	0.5580
1.2256	0.7485
1.2820	0.5468
1.2328	0.7365
1.2914	0.5365
1.2401	0.7280
1.3003	0.5268
1.2466	0.7195
1.3110	0.5202
1.2532	0.7162
1.3209	0.5153
1.2610	0.7105
1.3293	0.5120
1.2695	0.7027
1.3380	0.5095
1.2758	0.6925
1.3477	0.5080
1.2384	0.7027
1.2815	0.6823
1.3557	0.5090
1.2377	0.6977
1.2874	0.6745
1.3633	0.5130
1.2367	0.6973
1.2936	0.6678
1.3703	0.5207
1.2350	0.6943
1.2996	0.6638
1.2344	0.7032
1.3049	0.6622
1.2339	0.7082
1.3099	0.6650
1.2338	0.7080
1.3141	0.6712
1.2339	0.7050
1.3198	0.6825
1.2347	0.7053
1.3238	0.6933
1.2353	0.7080
1.3286	0.7040
1.2345	0.7070
1.3308	0.7087
1.2331	0.7017
1.3308	0.7117
1.2315	0.6880
1.3289	0.7097
1.2303	0.6780
1.3262	0.7025
1.2315	0.6615
1.3225	0.6907
1.2357	0.6485
1.3187	0.6745
1.2387	0.6375
1.3150	0.6502
1.2432	0.6265
1.3128	0.6225
1.2490	0.6125
1.3118	0.5965
1.2568	0.5985
1.3115	0.5752
1.2653	0.5867
1.3121	0.5622
1.2749	0.5818
1.3127	0.5510
1.2850	0.5815
1.3143	0.5455
1.2951	0.5797
1.3155	0.5450
1.3049	0.5818
1.3172	0.5500
1.3149	0.5838
1.3184	0.5545
1.3236	0.5907
1.3209	0.5600
1.3319	0.5990
1.3242	0.5657
1.3386	0.6078
1.3433	0.6115
1.1898	0.7045
1.3486	0.6130
1.1945	0.6845
1.3531	0.6127
1.1986	0.6645
1.3560	0.6108
1.2025	0.6483
1.3581	0.6080
1.2063	0.6338
1.3592	0.6012
1.2107	0.6210
1.3589	0.5938
1.2142	0.6140
1.3571	0.5815
1.2172	0.6137
1.3539	0.5707
1.2205	0.6135
1.3498	0.5593
1.2248	0.6123
1.3454	0.5528
1.2299	0.6145
1.3412	0.5502
1.2357	0.6190
1.3377	0.5455
1.2419	0.6250
1.3341	0.5395
1.2480	0.6345
1.3284	0.5313
1.2549	0.6417
1.3209	0.5230
1.2611	0.6455
1.3141	0.5155
1.2680	0.6488
1.3092	0.5082
1.2748	0.6465
1.3058	0.5003
1.2832	0.6462
1.3057	0.4930
1.2918	0.6445
1.3056	0.4858
1.3004	0.6383
1.3060	0.4765
1.3092	0.6285
1.3080	0.4710
1.3171	0.6198
1.3110	0.4683
1.3242	0.6057
1.3163	0.4683
1.3311	0.5933
1.3201	0.4692
1.3374	0.6662
1.3387	0.5820
1.3230	0.4715
1.3440	0.6625
1.3446	0.5675
1.3250	0.4755
1.3504	0.6620
1.3505	0.5548
1.3272	0.4827
1.3561	0.6630
1.3561	0.5393
1.3292	0.4912
1.3630	0.6648
1.3624	0.5268
1.3304	0.4990
1.3695	0.6630
1.3698	0.5133
1.3324	0.5090
1.3760	0.6660
1.3767	0.5012
1.3836	0.6635
1.3824	0.4907
1.3922	0.6615
1.3873	0.4790
1.4011	0.6532
1.3926	0.4717
1.4132	0.6415
1.3963	0.4688
1.4261	0.6295
1.4003	0.4695
1.4371	0.6152
1.4021	0.4752
1.4501	0.6033
1.4033	0.4862
1.4632	0.5900
1.4019	0.4978
1.4728	0.5793
1.4001	0.5132
1.4832	0.5668
1.3992	0.5240
1.4911	0.5610
1.3984	0.5330
1.4943	0.5560
1.3980	0.5455
1.4971	0.5573
1.3971	0.5565
1.4997	0.5660
1.3957	0.5645
1.5030	0.5773
1.3948	0.5725
1.5049	0.5893
1.3957	0.5805
1.5069	0.6017
1.3964	0.5895
1.5056	0.6165
1.3964	0.6012
1.5034	0.6337
1.3988	0.6083
1.5022	0.6510
1.4006	0.6170
1.4991	0.6653
1.4019	0.6237
1.4964	0.6753
1.4049	0.6280
1.4933	0.6798
1.4092	0.6280
1.3727	0.5940
1.4934	0.6753
1.4158	0.6260
1.3702	0.5930
1.4932	0.6693
1.4236	0.6198
1.3679	0.5903
1.4912	0.6625
1.4326	0.6098
1.3668	0.5835
1.4902	0.6513
1.4408	0.5983
1.3690	0.5767
1.4896	0.6375
1.4477	0.5845
1.3731	0.5657
1.4891	0.6190
1.4526	0.5745
1.3775	0.5595
1.4902	0.6010
1.4572	0.5678
1.3828	0.5637
1.4904	0.5852
1.4612	0.5602
1.3890	0.5702
1.4899	0.5745
1.4652	0.5520
1.3955	0.5800
1.4899	0.5712
1.4694	0.5460
1.4029	0.5917
1.4895	0.5725
1.4720	0.5378
1.4097	0.6032
1.4895	0.5737
1.4735	0.5312
1.4145	0.6160
1.4928	0.5788
1.4745	0.5208
1.4166	0.6290
1.4984	0.5850
1.4171	0.6378
1.5049	0.5922
1.4166	0.6428
1.5134	0.6023
1.4141	0.6462
1.5229	0.6057
1.4096	0.6430
1.5340	0.6065
1.4053	0.6373
1.5456	0.6040
1.4018	0.6320
1.5540	0.5925
1.3979	0.6243
1.5590	0.5820
1.3975	0.6138
1.5638	0.5743
1.3978	0.6037
1.5674	0.5638
1.4004	0.5885
1.5700	0.5575
1.4064	0.5785
1.5728	0.5532
1.4109	0.5757
1.5743	0.5513
1.4134	0.5757
1.5725	0.5603
1.3514	0.6195
1.4166	0.5772
1.5685	0.5727
1.3549	0.6245
1.4177	0.5750
1.5615	0.5907
1.3577	0.6285
1.4188	0.5702
1.5542	0.6193
1.3595	0.6330
1.4194	0.5652
1.5479	0.6478
1.3606	0.6427
1.4181	0.5597
1.5432	0.6775
1.3614	0.6505
1.4163	0.5553
1.5400	0.7093
1.3633	0.6603
1.4137	0.5570
1.5357	0.7382
1.3647	0.6713
1.4100	0.5578
1.5333	0.7638
1.3667	0.6838
1.4051	0.5590
1.5320	0.7815
1.3689	0.6970
1.3997	0.5610
1.5298	0.7920
1.3712	0.7003
1.3934	0.5610
1.5284	0.7917
1.3732	0.6940
1.3871	0.5687
1.5278	0.7883
1.3750	0.6838
1.3826	0.5812
1.5289	0.7763
1.3756	0.6745
1.3811	0.5985
1.5322	0.7587
1.3748	0.6638
1.3809	0.6178
1.5373	0.7338
1.3743	0.6500
1.3805	0.6390
1.5417	0.7060
1.3716	0.6358
1.3770	0.6635
1.3663	0.6185
1.3742	0.6910
1.3596	0.6022
1.3726	0.7133
1.3532	0.5868
1.3728	0.7320
1.3452	0.5820
1.3720	0.7458
1.3356	0.5895
1.3717	0.7517
1.3249	0.6048
1.3714	0.7493
1.3154	0.6245
1.3736	0.7395
1.3065	0.6480
1.3757	0.7250
1.3006	0.6775
1.3790	0.7077
1.2964	0.7030
1.3838	0.6845
1.2946	0.7187
1.3912	0.6590
1.2958	0.7255
1.4006	0.6393
1.3680	0.7017
1.2997	0.7300
1.4125	0.6178
1.3684	0.7220
1.3055	0.7283
1.4263	0.6035
1.3738	0.7362
1.3129	0.7200
1.4390	0.5960
1.3847	0.7415
1.3215	0.7025
1.4482	0.5897
1.4009	0.7395
1.3286	0.6795
1.4542	0.5893
1.4192	0.7330
1.3358	0.6563
1.4588	0.5945
1.4395	0.7195
1.3419	0.6350
1.4608	0.6012
1.4582	0.7005
1.3454	0.6202
1.4611	0.6037
1.4728	0.6782
1.3475	0.6190
1.4582	0.5980
1.4830	0.6547
1.3483	0.6252
1.4540	0.5880
1.4873	0.6360
1.3483	0.6320
1.4509	0.5807
1.4878	0.6193
1.3471	0.6447
1.4496	0.5770
1.4852	0.6070
1.3472	0.6573
1.4777	0.6022
1.3502	0.6683
1.4708	0.5990
1.3526	0.6730
1.4640	0.5985
1.3558	0.6662
1.4573	0.6012
1.3573	0.6540
1.4543	0.6055
1.3589	0.6367
1.4551	0.6110
1.3603	0.6175
1.4583	0.6207
1.3606	0.5960
1.4647	0.6288
1.3609	0.5750
1.4718	0.6350
1.3601	0.5565
1.4807	0.6398
1.3598	0.5447
1.4905	0.6405
1.3591	0.5427
1.5048	0.6400
1.3582	0.5520
1.5202	0.6365
1.3560	0.5735
1.5308	0.6295
1.3525	0.6000
1.5344	0.6195
1.3475	0.6315
1.5332	0.6065
1.3419	0.6640
1.5289	0.5885
1.3363	0.6975
1.5224	0.5740
1.3310	0.7318
1.5156	0.5620
1.3259	0.7625
1.5067	0.5535
1.3208	0.7852
1.4961	0.5488
1.3164	0.8030
1.4849	0.5475
1.3129	0.8117
1.2778	0.5952
1.4724	0.5485
1.3116	0.8110
1.2911	0.5972
1.4606	0.5525
1.3113	0.7970
1.3035	0.6020
1.4495	0.5610
1.3129	0.6093
1.4402	0.5723
1.3207	0.6162
1.4331	0.5845
1.3295	0.6280
1.4286	0.5917
1.3357	0.6378
1.4291	0.5997
1.3442	0.6473
1.4335	0.6055
1.3509	0.6522
1.4403	0.6088
1.3569	0.6525
1.4473	0.6120
1.3615	0.6480
1.4555	0.6125
1.3661	0.6405
1.4630	0.6125
1.3705	0.6315
1.4684	0.6113
1.3792	0.6185
1.4728	0.6080
1.3887	0.6068
1.4755	0.6095
1.3983	0.5895
1.4772	0.6133
1.4073	0.5755
1.4791	0.6160
1.4147	0.5647
1.4817	0.6188
1.4228	0.5588
1.4846	0.6240
1.4298	0.5597
1.4893	0.6300
1.4353	0.5662
1.4941	0.6727
1.4403	0.5733
1.4991	0.6830
1.4455	0.5830
1.5012	0.6938
1.4513	0.5962
1.5026	0.7060
1.4551	0.6127
1.5059	0.7155
1.4444	0.6345
1.5092	0.7203
1.4458	0.6572
1.5115	0.7230
1.4453	0.6785
1.5135	0.7240
1.4440	0.6905
1.5142	0.7198
1.4448	0.6985
1.5152	0.7115
1.4459	0.6972
1.5160	0.6660
1.4473	0.6962
1.5170	0.6480
1.4474	0.6927
1.4484	0.6872
1.4482	0.6775
1.4504	0.6637
1.0484	0.5855
1.4527	0.6450
1.0509	0.5722
1.4556	0.6298
1.0531	0.5555
1.4577	0.6225
1.0544	0.5458
1.4580	0.6185
1.0562	0.5272
1.4578	0.6212
1.0584	0.5225
1.4560	0.6238
1.0617	0.5132
1.4536	0.6283
1.0649	0.5055
1.4493	0.6348
1.0673	0.4978
1.4453	0.6450
1.0691	0.4912
1.4382	0.6522
1.0702	0.4883
1.4342	0.6595
1.0705	0.4885
1.4284	0.6592
1.0702	0.4988
1.4238	0.6565
1.0684	0.5075
1.4172	0.6537
1.0669	0.5260
1.4105	0.6520
1.0654	0.5380
1.4041	0.6512
1.0648	0.5553
1.3995	0.6483
1.0649	0.5725
1.3969	0.6450
1.0649	0.5910
1.3956	0.6410
1.0648	0.6095
1.3966	0.6433
1.0649	0.6302
1.3993	0.6473
1.0659	0.6468
1.4031	0.6610
1.0670	0.6620
1.4063	0.6778
1.0679	0.6798
1.4072	0.6942
1.0685	0.6942
1.4075	0.7125
1.0699	0.7037
1.4070	0.7272
1.0709	0.7062
1.4062	0.7390
1.0720	0.7065
1.0716	0.7050
1.0689	0.6982
1.1116	0.7162
1.0662	0.6855
1.1153	0.7072
1.0640	0.6750
1.1197	0.7000
1.0633	0.6607
1.1254	0.6978
1.0638	0.6462
1.1318	0.7045
1.0650	0.6350
1.1382	0.7123
1.0676	0.6277
1.1435	0.7232
1.0708	0.6307
1.1481	0.7338
1.0750	0.6345
1.1514	0.7407
1.0794	0.6438
1.1541	0.7498
1.0853	0.6565
1.1570	0.7575
1.0910	0.6780
1.1598	0.7660
1.0969	0.7010
1.1625	0.7625
1.1030	0.7203
1.1645	0.7525
1.1083	0.7325
1.1662	0.7315
1.1140	0.7425
1.1655	0.7132
1.1204	0.7463
1.1628	0.6935
1.1273	0.7445
1.1597	0.6772
1.1328	0.7390
1.1569	0.6608
1.1541	0.6380
1.1533	0.6145
1.1541	0.5940
1.1575	0.5835
1.1625	0.5825
1.1684	0.5938
1.1736	0.6083
1.1786	0.6252
1.1828	0.6430
1.1859	0.6660
1.1883	0.6963
1.1910	0.7260
1.1930	0.7508
1.1940	0.7677
1.1946	0.7815
1.1181	0.6437
1.1960	0.7882
1.1191	0.6277
1.1967	0.7898
1.1214	0.6145
1.1975	0.7852
1.1256	0.6033
1.1970	0.7745
1.1301	0.5933
1.1968	0.7600
1.1349	0.5875
1.1959	0.7440
1.1399	0.5867
1.1947	0.7290
1.1450	0.5830
1.1942	0.7172
1.1493	0.5810
1.1929	0.7103
1.1529	0.5788
1.1910	0.7027
1.1549	0.5813
1.1893	0.6987
1.1559	0.5847
1.1881	0.6942
1.1555	0.5880
1.1850	0.6938
1.1547	0.5930
1.1814	0.6957
1.1536	0.6022
1.1785	0.6955
1.1528	0.6117
1.1743	0.6885
1.1529	0.6235
1.1529	0.6415
1.1534	0.6643
1.1543	0.6865
1.1564	0.7097
1.1589	0.7353
1.1606	0.7625
1.1618	0.7883
1.1634	0.8060
1.1656	0.8185
1.1686	0.8240
1.1708	0.8258
1.1158	0.6607
1.1720	0.8207
1.1077	0.6557
1.1722	0.8120
1.0999	0.6537
1.1714	0.8013
1.0934	0.6525
1.1686	0.7870
1.0880	0.6548
1.1649	0.7690
1.0849	0.6593
1.1604	0.7503
1.0830	0.6675
1.1550	0.7330
1.1063	0.9775
1.1743	0.7683
1.1042	0.9835
1.1813	0.7670
1.1020	0.9808
1.1917	0.7698
1.1000	0.9728
1.0984	0.9587
1.0963	0.9365
1.0958	0.9063
1.0946	0.8680
1.0945	0.8290
1.0948	0.7887
1.0954	0.7523
1.0949	0.7245
1.0951	0.7062
1.0955	0.6980
1.0961	0.6957
1.0965	0.6985
1.0963	0.7057
1.0955	0.7150
1.0241	0.9060
1.0946	0.7245
1.0241	0.9318
1.0929	0.7350
1.0228	0.9502
1.0930	0.7427
1.0201	0.9597
1.0925	0.7455
1.0171	0.9620
1.0925	0.7455
1.0148	0.9585
1.0944	0.7410
1.0115	0.9520
1.0976	0.7325
1.0092	0.9365
1.1014	0.7217
1.0079	0.9150
1.1045	0.7093
1.0064	0.8885
1.1069	0.6952
1.0059	0.8553
1.1087	0.6863
1.0069	0.8207
1.1104	0.6795
1.0081	0.7890
1.1130	0.6800
1.0105	0.7653
1.1159	0.6868
1.0141	0.7468
1.0177	0.7328
1.0208	0.7225
1.0230	0.7172
1.0242	0.7150
1.0244	0.7118
1.0239	0.7057
1.0242	0.7003
1.0239	0.6988
1.0241	0.6995
1.0244	0.7010
1.2045	0.8890
1.0263	0.7017
1.2050	0.8890
1.0286	0.6982
1.2058	0.8945
1.0325	0.6945
1.2061	0.8922
1.0375	0.6945
1.2068	0.8912
1.0443	0.6967
1.2087	0.8787
1.0523	0.6998
1.2121	0.8637
1.0597	0.7030
1.2161	0.8500
1.0687	0.7053
1.2203	0.8305
1.0763	0.7060
1.2232	0.8100
1.0834	0.7062
1.2240	0.7878
1.0881	0.7063
1.2244	0.7708
1.0915	0.7073
1.2239	0.7492
1.0969	0.7065
1.2225	0.7395
1.1008	0.6997
1.2208	0.7320
1.1047	0.6927
1.2194	0.7373
1.1096	0.6890
1.2195	0.7493
1.1151	0.6887
1.2209	0.7630
1.1203	0.6903
1.2243	0.7830
1.1281	0.6890
1.2282	0.8075
1.1366	0.6832
1.2321	0.8315
1.2356	0.8520
1.2392	0.8693
1.2426	0.8745
1.2500	0.8720
1.2330	0.8610
1.2417	0.8455
1.2504	0.8200
1.1924	0.7930
1.2560	0.7900
1.1899	0.7753
1.2587	0.7508
1.1893	0.7610
1.2593	0.7097
1.1891	0.7498
1.2572	0.6773
1.1901	0.7430
1.2536	0.6498
1.1928	0.7390
1.2484	0.6312
1.1974	0.7360
1.2417	0.6242
1.2036	0.7372
1.2353	0.6307
1.2083	0.7392
1.2298	0.6425
1.2134	0.7425
1.2247	0.6618
1.2180	0.7453
1.2199	0.6880
1.2224	0.7490
1.2162	0.7235
1.2258	0.7508
1.2145	0.7562
1.2285	0.7458
1.2132	0.7803
1.2294	0.7380
1.2127	0.8003
1.2278	0.7328
1.2120	0.8108
1.2235	0.7285
1.2123	0.8175
1.2191	0.7200
1.2126	0.8115
1.2138	0.7143
1.2117	0.8042
1.2089	0.7072
1.2114	0.8003
1.3704	0.7190
1.2057	0.7015
1.2123	0.7903
1.3666	0.7295
1.2029	0.6970
1.2149	0.7810
1.3639	0.7445
1.2031	0.6953
1.3614	0.7605
1.2039	0.7012
1.3565	0.7775
1.2043	0.7107
1.3533	0.7960
1.2067	0.7215
1.3483	0.8147
1.2082	0.7332
1.3427	0.8258
1.2085	0.7525
1.3366	0.8282
1.2073	0.7720
1.3297	0.8225
1.2052	0.7895
1.3220	0.8128
1.2024	0.8035
1.3161	0.7985
1.1992	0.8143
1.3081	0.7835
1.1951	0.8192
1.3001	0.7727
1.1890	0.8220
1.2925	0.7632
1.1824	0.8242
1.2872	0.7545
1.1768	0.8222
1.2837	0.7455
1.1727	0.8180
1.2825	0.7403
1.1696	0.8100
1.2824	0.7393
1.1671	0.7970
1.2834	0.7438
1.1660	0.7920
1.2847	0.7508
1.1665	0.7882
1.2875	0.7620
1.1685	0.7865
1.2917	0.7765
1.1719	0.7895
1.2971	0.7872
1.1765	0.7935
1.2986	0.7947
1.1825	0.7968
1.2982	0.7995
1.1901	0.8025
1.2952	0.8035
1.1990	0.8103
1.2902	0.8077
1.2088	0.8125
1.2839	0.8105
1.2182	0.8135
1.2772	0.8107
1.2709	0.8075
1.2650	0.8025
1.2613	0.7953
1.2591	0.7935
1.2583	0.7967
1.2580	0.8020
1.2602	0.8080
1.2621	0.8125
1.2637	0.8160
1.2669	0.8193
1.2703	0.8240
1.2723	0.8253
1.0358	0.7783
1.2732	0.8227
1.0315	0.7835
1.2750	0.8145
1.0279	0.7800
1.2769	0.8035
1.0240	0.7767
1.2767	0.7890
1.0210	0.7777
1.2761	0.7718
1.0188	0.7775
1.2734	0.7558
1.0176	0.7753
1.2713	0.7438
1.0173	0.7737
1.2676	0.7337
1.0185	0.7765
1.2663	0.7262
1.0200	0.7822
1.2659	0.7220
1.0220	0.7863
1.2661	0.7212
1.0232	0.7798
1.2674	0.7210
1.0231	0.7777
1.2706	0.7200
1.0214	0.7700
1.0193	0.7627
1.0166	0.7560
1.0214	0.7485
1.0180	0.7408
1.0152	0.7335
1.0128	0.7290
1.0110	0.7335
1.0107	0.7453
1.0115	0.7595
1.0133	0.7750
1.0469	0.8027
1.0163	0.7935
1.0441	0.8340
1.0203	0.8127
1.0412	0.8565
1.0259	0.8293
1.0373	0.8683
1.0318	0.8372
1.0331	0.8685
1.0373	0.8427
1.0274	0.8592
1.0447	0.8438
1.0222	0.8402
1.0504	0.8385
1.0184	0.8110
1.0550	0.8275
1.0163	0.7855
1.0582	0.8103
1.0139	0.7628
1.0597	0.7920
1.0117	0.7343
1.0604	0.7725
1.0099	0.7135
1.0602	0.7520
1.0093	0.7015
1.0588	0.7362
1.0095	0.6965
1.0580	0.7242
1.0083	0.7040
1.0575	0.7110
1.0053	0.7175
1.0584	0.7000
1.0033	0.7417
1.0601	0.6920
1.0019	0.7720
1.0634	0.6892
1.0014	0.7990
1.0680	0.6878
1.0022	0.8192
1.0745	0.6847
1.0025	0.8340
1.0025	0.8453
1.0018	0.8527
1.0016	0.8577
1.0025	0.8507
1.0048	0.8385
1.0073	0.8200
1.0116	0.8013
1.0165	0.7805
1.0233	0.7673
1.0293	0.7593
1.0347	0.7540
1.0383	0.7515
1.0416	0.7475
1.0446	0.7512
1.0472	0.7575
1.0485	0.7665
1.0503	0.7735
1.0691	0.7285
1.0515	0.7795
1.0688	0.7318
1.0537	0.7803
1.0679	0.7392
1.0561	0.7797
1.0666	0.7488
1.0592	0.7728
1.0650	0.7562
1.0618	0.7600
1.0631	0.7660
1.0665	0.7435
1.0616	0.7765
1.0710	0.7282
1.0599	0.7900
1.0598	0.8028
1.0607	0.8177
1.0633	0.8210
1.0654	0.8317
1.0674	0.8378
1.0689	0.8468
1.0700	0.8560
1.0704	0.8690
1.0703	0.8750
1.0692	0.8777
1.0668	0.8790
1.0636	0.8735
1.0599	0.8690
1.0559	0.8607
1.0514	0.8540
1.0474	0.8490
1.0456	0.8395
1.0450	0.8250
1.0477	0.8110
1.0259	0.8747
1.0517	0.7975
1.0227	0.8853
1.0567	0.7867
1.0205	0.8930
1.0641	0.7835
1.0179	0.9037
1.0720	0.7877
1.0162	0.9055
1.0800	0.7923
1.0148	0.9013
1.0882	0.7993
1.0139	0.8942
1.0969	0.8075
1.0134	0.8818
1.1050	0.8193
1.0121	0.8660
1.1138	0.8285
1.0111	0.8450
1.1215	0.8315
1.0093	0.8187
1.1276	0.8347
1.0071	0.7897
1.1324	0.8310
1.0054	0.7662
1.1362	0.8220
1.0043	0.7435
1.1395	0.8068
1.0053	0.7290
1.1418	0.7908
1.0062	0.7225
1.1434	0.7725
1.0080	0.7220
1.1448	0.7500
1.0110	0.7250
1.0135	0.7325
1.0155	0.7485
1.0168	0.7740
1.0179	0.8038
1.0184	0.8303
1.0186	0.8520
1.0187	0.8660
1.0188	0.8745
1.0196	0.8795
1.0210	0.8780
1.0238	0.8690
1.0262	0.8532
1.0287	0.8275
1.0309	0.8015
1.0336	0.7735
1.0368	0.7487
1.0397	0.7300
1.0425	0.7143
1.0444	0.7015
0.9829	0.7655
1.0456	0.6953
0.9855	0.7723
1.0458	0.6950
0.9882	0.7780
1.0463	0.6963
0.9902	0.7835
1.0462	0.7068
0.9922	0.7875
1.0464	0.7128
0.9922	0.7907
0.9910	0.7930
0.9892	0.7930
0.9857	0.7935
0.9820	0.7915
0.9778	0.7903
0.9739	0.7872
0.9704	0.7822
0.9669	0.7745
0.9642	0.7677
0.9626	0.7598
0.9618	0.7517
0.9613	0.7430
0.9602	0.7317
0.9596	0.7205
0.9587	0.7090
0.9581	0.6993
0.9575	0.6927
0.9570	0.6907
0.9564	0.6905
0.9550	0.6943
0.9534	0.7013
0.9520	0.7107
0.9511	0.7205
0.9512	0.7290
0.9522	0.7398
0.9543	0.7460
0.9571	0.7527
0.9678	0.8380
0.9605	0.7565
0.9700	0.8463
0.9649	0.7572
0.9718	0.8522
0.9704	0.7545
0.9733	0.8552
0.9758	0.7482
0.9735	0.8550
0.9806	0.7393
0.9731	0.8555
0.9854	0.7332
0.9724	0.8547
0.9715	0.8510
0.9703	0.8422
0.9696	0.8347
0.9687	0.8265
0.9690	0.8227
0.9697	0.8182
0.9713	0.8143
0.9734	0.8208
0.9759	0.8345
0.9791	0.8513
0.9826	0.8705
0.9862	0.8937
0.9891	0.9150
0.9911	0.9317
0.9926	0.9323
0.9940	0.9315
0.9954	0.9230
0.9965	0.9115
1.1221	0.7260
0.9976	0.8877
1.1237	0.7380
0.9988	0.8605
1.1260	0.7520
1.0007	0.8305
1.1298	0.7672
1.0029	0.8008
1.1333	0.7860
1.0052	0.7665
1.1377	0.8045
1.0078	0.7398
1.1429	0.8200
1.0107	0.7180
1.1488	0.8335
1.0135	0.7000
1.1547	0.8420
1.0166	0.6882
1.1610	0.8427
1.0201	0.6780
1.1655	0.8387
1.0235	0.6675
1.1705	0.8305
1.0271	0.6640
1.1749	0.8175
1.0311	0.6627
1.1792	0.8013
1.0347	0.6590
1.1819	0.7838
1.1848	0.7665
1.1860	0.7515
1.1872	0.7380
1.1893	0.7297
1.1923	0.7308
1.1955	0.7390
1.1985	0.7517
1.3835	0.7655
1.2011	0.7717
1.3802	0.7637
1.2042	0.7945
1.3734	0.7605
1.2072	0.8187
1.3635	0.7593
1.2104	0.8402
1.3514	0.7595
1.2130	0.8568
1.3375	0.7618
1.2143	0.8645
1.3249	0.7628
1.2151	0.8645
1.3123	0.7582
1.2150	0.8572
1.3021	0.7542
1.2148	0.8427
1.2945	0.7490
1.2140	0.8248
1.2914	0.7510
1.2126	0.8020
1.2924	0.7562
1.2099	0.7808
1.2964	0.7615
1.2074	0.7580
1.3034	0.7632
1.2055	0.7400
1.3122	0.7630
1.2042	0.7278
1.3227	0.7575
1.2037	0.7218
1.3334	0.7530
1.2043	0.7215
1.3443	0.7515
1.2063	0.7255
1.3546	0.7478
1.2088	0.7330
1.3629	0.7432
1.2112	0.7430
1.3709	0.7382
1.2133	0.7525
1.3810	0.7300
1.2151	0.7607
1.3930	0.7240
1.2177	0.7675
1.4050	0.7210
1.2200	0.7685
1.4134	0.7205
1.2226	0.7677
1.4201	0.7250
1.2264	0.7622
1.4242	0.7318
1.4268	0.7398
1.4294	0.7508
1.4306	0.7628
1.2263	0.7593
1.4330	0.7735
1.2251	0.7410
1.4348	0.7825
1.2252	0.7282
1.4370	0.7888
1.2260	0.7218
1.4387	0.7925
1.2291	0.7258
1.4413	0.7943
1.2321	0.7345
1.4429	0.7940
1.2354	0.7468
1.4437	0.7913
1.2390	0.7608
1.4431	0.7867
1.2429	0.7785
1.4423	0.7810
1.2471	0.7937
1.4426	0.7757
1.2525	0.8072
1.4438	0.7688
1.2591	0.8185
1.4437	0.7628
1.2649	0.8280
1.4436	0.7560
1.2678	0.8317
1.4436	0.7490
1.2682	0.8285
1.4441	0.7418
1.2679	0.8232
1.4451	0.7343
1.2664	0.8175
1.4468	0.7278
1.2641	0.8117
1.4494	0.7220
1.2627	0.8050
1.4527	0.7155
1.2615	0.7988
1.4572	0.7083
1.2607	0.7940
1.4641	0.7027
1.2620	0.7878
1.4731	0.6970
1.1975	0.7748
1.2642	0.7812
1.4829	0.6915
1.1957	0.7990
1.2673	0.7758
1.4939	0.6882
1.1958	0.8172
1.2720	0.7698
1.5044	0.6865
1.1955	0.8245
1.2778	0.7622
1.5158	0.6870
1.1955	0.8250
1.2836	0.7550
1.5260	0.6895
1.1959	0.8240
1.2913	0.7473
1.5368	0.6947
1.1954	0.8220
1.2990	0.7403
1.1961	0.8150
1.3045	0.7330
1.1966	0.8022
1.3060	0.7270
1.1956	0.7908
1.3067	0.7257
1.1962	0.7753
1.3069	0.7260
1.1960	0.7610
1.3071	0.7315
1.1972	0.7525
1.3065	0.7393
1.1988	0.7570
1.3048	0.7498
1.2016	0.7605
1.3025	0.7655
1.2046	0.7565
1.3002	0.7838
1.2083	0.7450
1.2984	0.8010
1.2094	0.7377
1.2963	0.8150
1.2107	0.7358
1.2945	0.8257
1.2108	0.7355
1.2930	0.8343
1.2097	0.7295
1.2903	0.8427
1.2108	0.7180
1.2866	0.8455
1.2129	0.7050
1.2849	0.8410
1.2157	0.6890
1.2851	0.8313
1.2179	0.6712
1.2875	0.8120
1.3384	0.8503
1.2176	0.6562
1.2886	0.7902
1.3473	0.8265
1.2308	0.6438
1.2895	0.7648
1.3572	0.8087
1.2305	0.6288
1.2917	0.7410
1.3681	0.7900
1.2279	0.6180
1.2944	0.7155
1.3793	0.7775
1.2275	0.6095
1.3898	0.7708
1.2275	0.6095
1.4010	0.7230
1.2292	0.6193
1.4088	0.7265
1.2331	0.6325
1.4137	0.7410
1.2381	0.6500
1.4153	0.7580
1.2452	0.6720
1.4133	0.7745
1.2515	0.6985
1.4089	0.7837
1.2578	0.7290
1.4049	0.7858
1.2645	0.7558
1.3988	0.7885
1.2723	0.7725
1.3932	0.7887
1.2822	0.7817
1.3869	0.7908
1.2924	0.7840
1.3815	0.7948
1.3001	0.7793
1.3781	0.7942
1.3067	0.7710
1.3758	0.7913
1.3140	0.7562
1.3756	0.7800
1.3224	0.7407
1.3770	0.7665
1.3310	0.7228
1.3792	0.7595
1.3407	0.7050
1.3817	0.7505
1.3484	0.6903
1.3856	0.7400
1.3546	0.6768
1.2938	0.7522
1.3898	0.7285
1.3591	0.6663
1.2894	0.7508
1.3938	0.7193
1.3622	0.6598
1.2848	0.7505
1.3981	0.7067
1.3648	0.6535
1.2825	0.7523
1.4015	0.6957
1.3652	0.6462
1.2811	0.7530
1.4053	0.6875
1.2805	0.7553
1.4089	0.6798
1.2774	0.7607
1.4124	0.6777
1.2770	0.7663
1.4171	0.6737
1.2769	0.7753
1.4234	0.6725
1.2772	0.7858
1.4305	0.6700
1.2772	0.7948
1.4386	0.6620
1.2753	0.8005
1.4475	0.6572
1.2747	0.7990
1.4568	0.6545
1.2909	0.7948
1.4654	0.6587
1.2937	0.7830
1.4741	0.6703
1.2982	0.7662
1.4824	0.6883
1.3017	0.7440
1.4890	0.7048
1.3040	0.7215
1.4920	0.7258
1.3056	0.6962
1.4944	0.7450
1.3050	0.6715
1.4925	0.7670
1.3030	0.6502
1.4884	0.7900
1.3016	0.6328
1.4816	0.8025
1.2995	0.6220
1.4728	0.8130
1.2994	0.6130
1.4616	0.8160
1.2995	0.6162
1.4460	0.8113
1.3007	0.6252
1.4297	0.8005
1.3023	0.6395
1.4113	0.7840
1.3022	0.6560
1.3949	0.7637
1.3017	0.6745
1.3828	0.7427
1.3000	0.6942
1.3749	0.7175
1.2975	0.7115
1.3695	0.6955
1.2945	0.7250
1.3741	0.6798
1.2904	0.7335
1.3837	0.6640
1.2034	0.6420
1.2882	0.7372
1.3957	0.6500
1.2032	0.6447
1.2882	0.7327
1.4092	0.6332
1.2024	0.6562
1.2899	0.7240
1.2022	0.6705
1.2921	0.7087
1.2027	0.6812
1.2953	0.6927
1.2035	0.6832
1.2990	0.6738
1.2048	0.6835
1.3039	0.6560
1.2064	0.6830
1.3108	0.6405
1.2088	0.6815
1.3178	0.6293
1.2124	0.6745
1.3223	0.6205
1.2173	0.6640
1.3258	0.6180
1.2232	0.6500
1.3306	0.6205
1.2282	0.6338
1.3383	0.6252
1.2343	0.6223
1.3454	0.6355
1.2408	0.6202
1.3514	0.6435
1.2452	0.6245
1.3550	0.6570
1.2494	0.6292
1.3561	0.6638
1.2523	0.6308
1.3577	0.6678
1.2534	0.6385
1.3608	0.6685
1.2534	0.6490
1.3635	0.6677
1.2520	0.6610
1.3655	0.6612
1.2527	0.6670
1.3665	0.6500
1.2545	0.6638
1.3664	0.6332
1.2568	0.6577
1.3666	0.6153
1.2582	0.6463
1.3652	0.5973
1.2597	0.6338
1.3609	0.5778
1.2613	0.6143
1.3534	0.5665
1.2643	0.5957
1.2678	0.5723
1.2719	0.5532
1.2770	0.5373
1.2811	0.5290
1.2848	0.5252
1.2889	0.5297
1.2928	0.5405
1.0927	0.6982
1.2963	0.5590
1.0995	0.6912
1.2999	0.5860
1.1061	0.6838
1.3013	0.6117
1.1099	0.6780
1.3017	0.6312
1.1110	0.6682
1.2990	0.6435
1.1102	0.6565
1.2945	0.6545
1.1089	0.6407
1.2912	0.6630
1.1069	0.6243
1.2891	0.6705
1.1056	0.6113
1.2892	0.6675
1.1039	0.6080
1.2898	0.6570
1.1030	0.6152
1.2907	0.6435
1.1032	0.6223
1.2927	0.6277
1.1050	0.6292
1.2944	0.6145
1.1085	0.6325
1.2969	0.6088
1.1130	0.6372
1.3013	0.6105
1.1172	0.6445
1.3071	0.6120
1.1216	0.6562
1.3135	0.6235
1.1256	0.6733
1.3199	0.6395
1.1289	0.6853
1.3269	0.6570
1.1314	0.6912
1.3334	0.6790
1.1328	0.6900
1.3413	0.6940
1.1315	0.6867
1.3503	0.7040
1.1302	0.6823
1.3606	0.7103
1.1301	0.6755
1.3710	0.7098
1.1312	0.6670
1.3809	0.7022
1.1331	0.6550
1.3913	0.6912
1.1355	0.6400
1.4021	0.6690
1.1371	0.6232
1.1395	0.6107
1.1427	0.6002
1.1204	0.7317
1.1469	0.5955
1.1222	0.7295
1.1527	0.5897
1.1237	0.7313
1.1580	0.5880
1.1249	0.7310
1.1635	0.5878
1.1266	0.7280
1.1682	0.5937
1.1274	0.7200
1.1710	0.6033
1.1297	0.7120
1.1734	0.6168
1.1324	0.7073
1.1742	0.6295
1.1362	0.7063
1.1732	0.6398
1.1411	0.7003
1.1702	0.6468
1.1455	0.6935
1.1649	0.6480
1.1495	0.6850
1.1585	0.6493
1.1540	0.6785
1.1523	0.6440
1.1589	0.6780
1.1465	0.6390
1.1650	0.6822
1.1409	0.6338
1.1716	0.6915
1.1361	0.6247
1.1781	0.6993
1.1333	0.6137
1.1846	0.7072
1.1322	0.6012
1.1907	0.7110
1.1959	0.7180
1.2017	0.7322
1.2077	0.7425
1.2149	0.7467
1.2220	0.7460
1.2293	0.7435
1.2358	0.7443
1.2417	0.7477
1.2455	0.7472
1.2482	0.7470
1.2489	0.7450
1.2482	0.7408
1.2449	0.7375
1.1265	0.7000
1.2420	0.7385
1.1295	0.6750
1.2366	0.7415
1.1321	0.6575
1.2323	0.7432
1.1333	0.6422
1.2284	0.7412
1.1337	0.6325
1.2237	0.7345
1.1328	0.6275
1.2197	0.7280
1.1318	0.6305
1.2152	0.7240
1.1310	0.6382
1.2124	0.7195
1.1309	0.6505
1.2103	0.7117
1.1317	0.6648
1.2107	0.6960
1.1328	0.6762
1.2123	0.6785
1.1329	0.6900
1.2151	0.6595
1.1323	0.6990
1.2182	0.6417
1.1308	0.7045
1.2223	0.6227
1.1309	0.7040
1.2270	0.6095
1.1320	0.6975
1.2325	0.6005
1.1346	0.6867
1.2397	0.5910
1.1371	0.6757
1.2478	0.5893
1.1406	0.6615
1.2545	0.5905
1.1438	0.6507
1.2602	0.6038
1.1461	0.6437
1.2653	0.6200
1.1480	0.6380
1.2699	0.6380
1.1490	0.6343
1.1502	0.6350
1.1510	0.6372
1.1525	0.6415
1.1545	0.6460
1.1559	0.6493
1.1573	0.6502
1.1581	0.6470
1.1586	0.6408
1.1602	0.6320
1.0946	0.8592
1.1627	0.6235
1.0967	0.8535
1.1666	0.6148
1.0997	0.8377
1.1709	0.6077
1.1033	0.8135
1.1738	0.6028
1.1072	0.7850
1.1763	0.6033
1.1104	0.7552
1.1792	0.6078
1.1135	0.7242
1.1819	0.6210
1.1158	0.6957
1.1828	0.6415
1.1176	0.6758
1.1820	0.6657
1.1185	0.6630
1.1805	0.6955
1.1183	0.6557
1.1793	0.7265
1.1176	0.6550
1.1790	0.7572
1.1159	0.6630
1.1816	0.7858
1.1142	0.6803
1.1849	0.8110
1.1118	0.7028
1.1896	0.8280
1.1090	0.7245
1.1945	0.8398
1.1067	0.7395
1.2006	0.8425
1.1049	0.7475
1.2075	0.8360
1.1041	0.7520
1.2162	0.8230
1.1044	0.7548
1.1045	0.7535
1.1050	0.7495
1.1055	0.7430
1.1059	0.7322
1.2070	0.7358
1.1072	0.7210
1.2057	0.7360
1.1094	0.7112
1.2051	0.7412
1.1125	0.7057
1.2053	0.7525
1.1167	0.7030
1.2060	0.7712
1.1213	0.6995
1.2068	0.7920
1.1268	0.6970
1.2063	0.8140
1.1332	0.6960
1.2063	0.8332
1.1401	0.6935
1.2066	0.8480
1.1476	0.6905
1.2066	0.8580
1.1560	0.6867
1.2071	0.8603
1.1646	0.6805
1.2074	0.8542
1.1734	0.6722
1.2092	0.8465
1.1818	0.6640
1.2120	0.8335
1.1901	0.6548
1.2160	0.8198
1.1979	0.6402
1.2199	0.8032
1.2048	0.6165
1.2244	0.7872
1.2110	0.5963
1.2287	0.7693
1.2170	0.5875
1.2337	0.7527
1.2217	0.5880
1.2402	0.7385
1.2268	0.5983
1.2498	0.7285
1.2304	0.6130
1.2590	0.7225
1.2338	0.6320
1.2661	0.7170
1.2353	0.6540
1.2712	0.7143
1.2356	0.6807
1.2757	0.7110
1.2348	0.7173
1.2790	0.7090
1.2330	0.7663
1.2807	0.7075
1.2792	0.7088
1.2624	0.7328
1.2746	0.7107
1.2605	0.7090
1.2667	0.7097
1.2594	0.6853
1.2572	0.7055
1.2588	0.6675
1.2452	0.6985
1.2586	0.6535
1.2328	0.6883
1.2574	0.6467
1.2220	0.6780
1.2581	0.6453
1.2139	0.6655
1.2608	0.6498
1.2085	0.6575
1.2648	0.6590
1.2058	0.6488
1.2689	0.6725
1.2042	0.6445
1.2724	0.6882
1.2048	0.6425
1.2759	0.7023
1.2063	0.6480
1.2787	0.7137
1.2094	0.6615
1.2820	0.7175
1.2123	0.6802
1.2845	0.7195
1.2154	0.7037
1.2868	0.7153
1.2183	0.7290
1.2874	0.7105
1.2210	0.7558
1.2868	0.7010
1.2232	0.7788
1.2858	0.6865
1.2244	0.8000
1.2847	0.6740
1.2249	0.8143
1.2827	0.6598
1.2247	0.8217
1.2789	0.6477
1.2253	0.8225
1.2732	0.6402
1.2271	0.8145
1.3622	0.6898
1.2673	0.6375
1.2285	0.8020
1.3687	0.6748
1.2623	0.6395
1.2326	0.7848
1.3736	0.6635
1.2579	0.6462
1.3741	0.6585
1.2542	0.6550
1.3719	0.6615
1.2513	0.6660
1.3674	0.6655
1.2498	0.6810
1.3630	0.6708
1.2494	0.6945
1.3586	0.6750
1.2502	0.7060
1.3543	0.6783
1.2515	0.7175
1.3493	0.6827
1.2531	0.7217
1.3430	0.6815
1.2543	0.7227
1.3360	0.6760
1.2547	0.7208
1.3301	0.6698
1.2534	0.7150
1.3242	0.6645
1.2514	0.7062
1.3200	0.6585
1.2488	0.6920
1.3167	0.6548
1.2453	0.6795
1.3153	0.6510
1.2405	0.6660
1.3161	0.6525
1.2366	0.6570
1.3183	0.6570
1.2339	0.6480
1.3213	0.6620
1.2325	0.6485
1.3238	0.6717
1.2325	0.6493
1.3261	0.6840
1.2328	0.6557
1.3271	0.6955
1.2338	0.6693
1.3275	0.7070
1.2349	0.6840
1.3261	0.7190
1.2362	0.7043
1.3272	0.7310
1.2375	0.7283
1.3278	0.7412
1.2385	0.7498
1.3274	0.7458
1.2395	0.7662
1.3282	0.7450
1.2410	0.7757
1.3283	0.7425
1.2429	0.7795
1.3279	0.7373
1.2447	0.7825
1.3282	0.7290
1.3299	0.7180
1.3328	0.7037
1.3347	0.6878
1.3363	0.6725
1.3372	0.6625
1.3365	0.6578
1.3366	0.6585
1.3350	0.6627
1.3332	0.6685
1.3310	0.6778
1.0987	0.6560
1.3287	0.6890
1.0983	0.6560
1.3271	0.7010
1.0974	0.6628
1.3262	0.7100
1.0969	0.6717
1.3244	0.7130
1.0958	0.6795
1.3237	0.7112
1.0951	0.6878
1.3236	0.7072
1.0948	0.6955
1.3240	0.7012
1.0954	0.7010
1.3248	0.6925
1.0979	0.7068
1.3269	0.6845
1.1011	0.7112
1.3298	0.6772
1.1049	0.7175
1.3343	0.6720
1.1082	0.7203
1.3387	0.6685
1.1117	0.7253
1.3439	0.6685
1.1176	0.7250
1.3489	0.6710
1.1232	0.7265
1.3540	0.6745
1.1309	0.7242
1.3595	0.6780
1.1393	0.7235
1.3629	0.6828
1.1488	0.7248
1.3671	0.6880
1.1565	0.7267
1.3704	0.6920
1.1617	0.7285
1.1658	0.7270
1.1671	0.7258
1.1664	0.7190
1.1118	0.6773
1.1639	0.7115
1.1094	0.6568
1.1612	0.7053
1.1064	0.6352
1.1591	0.7000
1.1039	0.6283
1.1583	0.6953
1.1018	0.6398
1.1579	0.6890
1.0994	0.6612
1.1581	0.6825
1.0976	0.6853
1.1594	0.6780
1.4328	0.7965
1.2670	0.8863
1.3143	0.8583
1.4192	0.8070
1.2618	0.8775
1.3225	0.8520
1.4071	0.8167
1.2584	0.8703
1.3292	0.8440
1.4076	0.8235
1.2571	0.8633
1.3361	0.8290
1.4003	0.8307
1.2599	0.8545
1.3417	0.8095
1.3937	0.8393
1.2633	0.8510
1.3478	0.7915
1.3870	0.8460
1.2684	0.8518
1.3544	0.7710
1.3788	0.8507
1.2721	0.8635
1.3698	0.8535
1.2750	0.8843
1.3608	0.8535
1.2789	0.9143
1.3514	0.8545
1.2825	0.9497
1.3421	0.8520
1.2861	0.9818
1.3319	0.8542
1.2907	1.0050
1.3207	0.8585
1.2957	1.0157
1.3098	0.8700
1.3040	1.0180
1.2979	0.8772
1.3125	1.0128
1.2878	0.8742
1.3207	0.9978
1.2792	0.8653
1.3319	0.9745
1.2730	0.8550
1.3425	0.9453
1.2686	0.8450
1.3562	0.9102
1.2653	0.8383
1.3683	0.8703
1.2640	0.8382
1.3786	0.8310
1.2642	0.8340
1.3872	0.7955
1.3242	0.7595
1.2641	0.8332
1.3950	0.7683
1.3221	0.7553
1.2650	0.8248
1.4069	0.7485
1.3179	0.7542
1.2656	0.8197
1.4192	0.7350
1.3116	0.7550
1.2675	0.8220
1.4352	0.7290
1.3061	0.7562
1.2690	0.8295
1.4517	0.7250
1.2998	0.7600
1.2702	0.8370
1.4686	0.7260
1.2939	0.7655
1.2708	0.8370
1.4854	0.7258
1.2883	0.7727
1.2715	0.8327
1.5046	0.7210
1.2828	0.7765
1.2723	0.8208
1.5228	0.7203
1.2771	0.7838
1.2743	0.8065
1.5421	0.7110
1.2712	0.7905
1.2751	0.7832
1.5598	0.7117
1.2663	0.7982
1.2779	0.7622
1.2624	0.8045
1.2824	0.7443
1.2600	0.8083
1.2858	0.7348
1.2598	0.8118
1.2928	0.7275
1.2639	0.8137
1.2961	0.7260
1.2675	0.8158
1.2983	0.7277
1.2711	0.8150
1.2989	0.7355
1.2723	0.8140
1.2977	0.7470
1.2725	0.8097
1.2950	0.7688
1.2700	0.8093
1.2931	0.8015
1.2679	0.8072
1.2923	0.8395
1.4289	0.7455
1.2645	0.8050
1.2902	0.8752
1.4273	0.7425
1.2606	0.8005
1.2866	0.8990
1.4289	0.7428
1.2558	0.7913
1.2790	0.9077
1.4309	0.7500
1.2487	0.7803
1.2740	0.9022
1.4363	0.7580
1.2398	0.7655
1.2712	0.8915
1.4429	0.7677
1.2305	0.7508
1.4530	0.7800
1.2236	0.7375
1.4646	0.7893
1.2212	0.7267
1.4754	0.8085
1.2227	0.7122
1.4858	0.8275
1.2264	0.7013
1.4988	0.8483
1.2314	0.6920
1.5100	0.8555
1.2379	0.6923
1.5192	0.8550
1.2438	0.7005
1.5254	0.8440
1.2514	0.7177
1.5264	0.8255
1.2581	0.7392
1.5229	0.8015
1.2662	0.7630
1.5157	0.7733
1.2711	0.7832
1.5048	0.7445
1.2753	0.8015
1.4930	0.7155
1.2779	0.8153
1.4806	0.6928
1.2788	0.8255
1.4716	0.6810
1.2786	0.8355
1.4653	0.6853
1.2788	0.8415
1.4608	0.7000
1.2791	0.8437
1.4594	0.7258
1.2811	0.8368
1.4585	0.7590
1.2847	0.8235
1.4580	0.7950
1.2936	0.8098
1.4556	0.8360
1.3061	0.7945
1.4011	0.7765
1.4504	0.8780
1.3242	0.7780
1.3984	0.7885
1.4473	0.9118
1.3468	0.7698
1.3941	0.8000
1.4459	0.9377
1.3718	0.7608
1.3906	0.8132
1.4479	0.9473
1.3970	0.7487
1.3859	0.8270
1.4534	0.9487
1.4233	0.7360
1.3813	0.8477
1.4602	0.9365
1.4509	0.7217
1.3789	0.8647
1.4675	0.9158
1.4779	0.7117
1.3780	0.8795
1.4754	0.8827
1.5031	0.7037
1.3796	0.8860
1.4860	0.8480
1.5251	0.6952
1.3835	0.8962
1.4952	0.8123
1.5438	0.6915
1.3916	0.8998
1.5055	0.7772
1.5540	0.6935
1.4026	0.8863
1.5143	0.7470
1.4180	0.8648
1.5233	0.7208
1.4365	0.8328
1.5326	0.6988
1.4519	0.7998
1.5454	0.6803
1.4574	0.7635
1.5538	0.6753
1.4578	0.7290
1.5553	0.6757
1.4545	0.7012
1.5506	0.6828
1.4479	0.6795
1.5429	0.6910
1.4404	0.6563
1.5333	0.6940
1.4356	0.6440
1.5216	0.6925
1.4322	0.6487
1.5094	0.6940
1.4287	0.6630
1.4997	0.6942
1.4284	0.6845
1.4937	0.6940
1.4301	0.7122
1.4920	0.6950
1.4344	0.7490
1.4924	0.6903
1.4381	0.7812
1.4943	0.6855
1.1857	0.7465
1.4419	0.8000
1.4988	0.6860
1.1841	0.7395
1.4461	0.8055
1.5058	0.6890
1.1806	0.7237
1.4502	0.8060
1.5145	0.6975
1.1745	0.7020
1.4540	0.7995
1.5284	0.7098
1.1684	0.6885
1.4552	0.7848
1.1644	0.6848
1.4538	0.7665
1.1623	0.6770
1.4493	0.7448
1.1598	0.6605
1.4409	0.7240
1.1583	0.6345
1.4312	0.6978
1.1583	0.6507
1.4239	0.6778
1.1594	0.6448
1.4197	0.6702
1.1610	0.6515
1.4141	0.6712
1.1627	0.6698
1.4041	0.6720
1.1646	0.6945
1.3909	0.6755
1.1665	0.7045
1.3934	0.6837
1.1671	0.7015
1.3873	0.6958
1.1675	0.6983
1.3848	0.7032
1.1677	0.7007
1.3841	0.7003
1.1679	0.7155
1.3851	0.6937
1.1682	0.6943
1.3871	0.6810
1.1678	0.6995
1.3903	0.6640
1.1693	0.6993
1.3930	0.6458
1.1725	0.6938
1.3953	0.6247
1.1768	0.6872
1.3975	0.6090
1.1825	0.6877
1.4001	0.5958
1.1884	0.6922
1.4026	0.5860
1.1952	0.7038
1.4056	0.5857
1.2362	0.7980
1.2033	0.7195
1.4088	0.5990
1.2411	0.7972
1.2109	0.7290
1.4134	0.6140
1.2445	0.7918
1.2182	0.7325
1.4179	0.6375
1.2466	0.7825
1.2241	0.7322
1.2471	0.7690
1.2286	0.7270
1.2453	0.7518
1.2299	0.7230
1.2433	0.7325
1.2299	0.7188
1.2436	0.7127
1.2273	0.7107
1.2452	0.6912
1.2236	0.7010
1.2482	0.6718
1.2194	0.6888
1.2495	0.6550
1.2146	0.6743
1.2482	0.6443
1.2119	0.6645
1.2456	0.6387
1.2108	0.6565
1.2423	0.6378
1.2096	0.6490
1.2398	0.6435
1.2088	0.6445
1.2379	0.6532
1.2094	0.6362
1.2388	0.6665
1.2123	0.6265
1.2415	0.6812
1.2160	0.6212
1.2457	0.6967
1.2197	0.6185
1.2487	0.7100
1.2242	0.6182
1.2524	0.7222
1.2288	0.6220
1.2562	0.7320
1.2349	0.6270
1.2593	0.7370
1.2421	0.6355
1.2612	0.7410
1.2498	0.6475
1.2619	0.7400
1.2578	0.6647
1.2618	0.7372
1.2653	0.6950
1.2610	0.7313
1.2732	0.7345
1.2617	0.7243
1.2808	0.7805
1.2624	0.7183
1.2614	0.7142
1.2572	0.7100
1.2502	0.7075
1.2415	0.7087
1.2327	0.7095
1.1348	0.7570
1.2246	0.7095
1.1403	0.7505
1.2171	0.7090
1.1464	0.7402
1.2081	0.7095
1.1527	0.7248
1.1986	0.7103
1.1582	0.7067
1.1894	0.7103
1.1626	0.6705
1.1822	0.7098
1.1660	0.6288
1.1767	0.7090
1.1674	0.6117
1.1735	0.7093
1.1667	0.6095
1.1721	0.7065
1.1660	0.6113
1.1708	0.7023
1.1654	0.6117
1.1652	0.7007
1.1654	0.6098
1.1571	0.7030
1.1658	0.6038
1.1543	0.7057
1.1671	0.5965
1.1566	0.7115
1.1694	0.5870
1.1632	0.7257
1.1718	0.5930
1.1659	0.7460
1.1741	0.6122
1.1712	0.7730
1.1762	0.6160
1.1776	0.6057
1.1778	0.5935
1.1761	0.5873
1.1719	0.5865
1.1660	0.5945
1.1591	0.6098
1.1519	0.6330
1.1450	0.6643
1.1395	0.6960
1.1358	0.7255
1.1339	0.7630
1.1337	0.8033
1.1359	0.8442
1.1166	0.8122
1.1390	0.8858
1.1154	0.8170
1.1431	0.9203
1.1123	0.8142
1.1478	0.9423
1.1080	0.8062
1.1533	0.9543
1.1027	0.7898
1.1588	0.9540
1.0961	0.7720
1.1643	0.9435
1.0906	0.7487
1.1687	0.9280
1.0864	0.7270
1.1717	0.9032
1.0832	0.7070
1.1740	0.8785
1.0814	0.6895
1.1753	0.8560
1.0810	0.6725
1.1760	0.8327
1.0819	0.6627
1.1765	0.8142
1.0834	0.6588
1.1774	0.8025
1.0846	0.6583
1.1786	0.7940
1.0847	0.6637
1.1806	0.7940
1.0840	0.6733
1.1825	0.8055
1.0829	0.6840
1.0825	0.6970
1.0826	0.7065
1.0818	0.7123
1.2902	0.8015
1.0791	0.7165
1.2871	0.8037
1.0749	0.7188
1.2840	0.8055
1.0702	0.7195
1.2823	0.8085
1.0668	0.7177
1.2816	0.8137
1.0657	0.7138
1.2827	0.8195
1.0649	0.7103
1.2848	0.8237
1.0650	0.7103
1.2886	0.8262
1.0659	0.7080
1.2929	0.8230
1.0678	0.7090
1.2964	0.8193
1.0710	0.7125
1.2987	0.8140
1.0737	0.7197
1.3006	0.8092
1.0754	0.7283
1.3026	0.8010
1.0763	0.7395
1.3049	0.7885
1.0764	0.7528
1.3066	0.7708
1.0771	0.7685
1.3082	0.7527
1.0779	0.7820
1.3100	0.7353
1.0797	0.7937
1.3099	0.7168
1.0821	0.8035
1.3096	0.7022
1.0841	0.8100
1.3080	0.6860
1.0869	0.8138
1.3064	0.6732
1.0899	0.8160
1.3050	0.6620
1.3031	0.6520
1.3029	0.6495
1.3048	0.6500
1.3051	0.6543
1.3047	0.6585
1.3894	0.7073
1.3020	0.6695
1.3981	0.6860
1.2979	0.6807
1.4085	0.6605
1.2922	0.6950
1.4186	0.6378
1.2844	0.7083
1.4292	0.6195
1.2749	0.7208
1.4392	0.6072
1.2655	0.7315
1.4477	0.5945
1.2538	0.7332
1.4557	0.5832
1.2418	0.7345
1.4642	0.5772
1.2290	0.7335
1.4691	0.5777
1.2168	0.7338
1.4709	0.5755
1.2062	0.7350
1.4731	0.5782
1.1979	0.7340
1.4749	0.5802
1.1917	0.7372
1.4778	0.5852
1.1867	0.7465
1.4782	0.5930
1.1834	0.7585
1.4739	0.5995
1.1804	0.7770
1.4695	0.6078
1.1781	0.8002
1.4632	0.6155
1.1754	0.8215
1.4551	0.6175
1.1730	0.8395
1.4475	0.6140
1.1709	0.8515
1.4398	0.6090
1.1688	0.8597
