#rho	velocity
0.8975	0.1512
0.9009	0.1560
0.9059	0.1638
0.9107	0.1775
0.9159	0.1910
0.9217	0.3595
0.9276	0.3743
0.9344	0.3947
0.9419	0.4125
0.9505	0.4315
0.9610	0.4510
0.9311	0.5307
0.9340	0.4928
0.9377	0.4592
0.9412	0.4317
0.9446	0.4118
0.9480	0.4097
0.9520	0.4170
0.9553	0.4337
0.9593	0.4568
0.9613	0.4885
0.9627	0.5178
0.9633	0.5517
0.9644	0.5857
0.9655	0.6168
0.9667	0.6477
0.9692	0.6665
0.9709	0.6763
0.9750	0.6790
0.9784	0.6633
0.9822	0.6400
0.9865	0.6133
0.9912	0.5815
0.9973	0.5425
1.0037	0.5042
1.0122	0.4595
1.0216	0.4173
1.0315	0.3782
1.0406	0.3410
1.0499	0.3185
1.0599	0.2970
1.0689	0.2787
1.0772	0.2675
1.0848	0.2592
1.0899	0.2565
1.0937	0.2570
1.0955	0.2603
1.0963	0.2685
1.0975	0.2803
1.0994	0.2945
1.1017	0.3105
1.0861	0.6150
1.1045	0.3295
1.0933	0.6372
1.1067	0.3443
1.1013	0.6480
1.1096	0.3688
1.1101	0.6502
1.1118	0.3935
1.1188	0.6412
1.1141	0.4213
1.1273	0.6263
1.1149	0.4470
1.1368	0.6085
1.1142	0.4770
1.1451	0.5800
1.1110	0.5062
1.1478	0.5538
1.1061	0.5325
1.1510	0.5235
1.0992	0.5550
1.1535	0.4930
1.0924	0.5730
1.1557	0.4603
1.0859	0.5920
1.1570	0.4405
1.0804	0.6032
1.1573	0.4197
1.0790	0.6102
1.1570	0.4065
1.0810	0.6168
1.1571	0.3962
1.0862	0.6230
1.1559	0.3875
1.0921	0.6280
1.1527	0.3920
1.1014	0.6293
1.1490	0.3910
1.1080	0.6300
1.1448	0.3910
1.1113	0.6330
1.1410	0.3952
1.1116	0.6427
1.5069	0.4375
1.1352	0.4050
1.5158	0.4268
1.1294	0.4125
1.5329	0.4225
1.1232	0.4255
1.5491	0.4155
1.1163	0.4345
1.5664	0.4095
1.1087	0.4430
1.5838	0.4072
1.1019	0.4520
1.5963	0.4100
1.0963	0.4557
1.6072	0.4178
1.0918	0.4662
1.6179	0.4283
1.0875	0.4775
1.6272	0.4325
1.0839	0.4840
1.6293	0.4415
1.0813	0.4933
1.6352	0.4492
1.0789	0.5002
1.6376	0.4540
1.0776	0.5082
1.6379	0.4650
1.0778	0.5233
1.6385	0.4740
1.0763	0.5430
1.6360	0.4810
1.0759	0.5693
1.6283	0.4890
1.0757	0.5952
1.6177	0.4950
1.0754	0.6185
1.6040	0.4927
1.0765	0.6355
1.5878	0.4980
1.0758	0.6552
1.5686	0.5050
1.0757	0.6720
1.5513	0.5120
1.0751	0.6790
1.5357	0.5175
1.0743	0.6890
1.5203	0.5230
1.0712	0.6922
1.5059	0.5300
1.0687	0.6912
1.4931	0.5367
1.0653	0.6847
1.4827	0.5425
1.0616	0.6820
1.4720	0.5450
1.0571	0.6825
1.4619	0.5493
1.0521	0.6920
1.4538	0.5590
1.0476	0.6915
1.4473	0.5617
1.0407	0.6937
1.4388	0.5650
1.0349	0.7010
1.4328	0.5683
1.0288	0.7098
1.4270	0.5678
1.4263	0.5640
1.6218	0.7195
1.4270	0.5638
1.6137	0.7435
1.4293	0.5630
1.6055	0.7608
1.4309	0.5645
1.5966	0.7680
1.4346	0.5745
1.5873	0.7687
1.4369	0.5795
1.5762	0.7575
1.4333	0.5888
1.5616	0.7465
1.4282	0.5963
1.5470	0.7292
1.4208	0.6060
1.5287	0.7065
1.4094	0.6183
1.5092	0.6835
1.3973	0.6325
1.4871	0.6637
1.3844	0.6493
1.4640	0.6487
1.3747	0.6635
1.4399	0.6357
1.3672	0.6787
1.4150	0.6212
1.3608	0.6898
1.3950	0.6105
1.3556	0.6998
1.3767	0.6043
1.3518	0.7053
1.3632	0.5975
1.3514	0.7155
1.3542	0.5980
1.3542	0.7195
1.3483	0.5970
1.3552	0.7185
1.3435	0.6002
1.3560	0.7185
1.3403	0.6030
1.3558	0.7132
1.3390	0.6065
1.3557	0.7075
1.3390	0.6095
1.3572	0.6995
1.3428	0.6193
1.3575	0.6967
1.3468	0.6275
1.3588	0.6965
1.3474	0.6398
1.3592	0.6932
1.3483	0.6480
1.3598	0.6865
1.3493	0.6538
1.3615	0.6865
1.3488	0.6633
1.3623	0.6892
1.3490	0.6710
1.3627	0.6912
1.3502	0.6875
1.3652	0.6948
1.3514	0.7053
1.3674	0.7003
1.3525	0.7205
1.3702	0.7065
1.3539	0.7275
1.3736	0.7118
1.3555	0.7393
1.3769	0.7110
1.3576	0.7427
1.3615	0.7440
1.3672	0.7360
1.3728	0.7290
1.3800	0.7167
1.3862	0.6970
1.3933	0.6765
1.3970	0.6532
1.4044	0.6330
1.0218	0.8618
1.4091	0.6125
1.0231	0.8452
1.4119	0.5963
1.0262	0.8280
1.4124	0.5858
1.0271	0.8128
1.4133	0.5840
1.0294	0.7945
1.4109	0.5835
1.0305	0.7817
1.4100	0.5903
1.0321	0.7748
1.4075	0.5980
1.0330	0.7712
1.4056	0.6050
1.0343	0.7615
1.4055	0.6133
1.0347	0.7605
1.4076	0.6395
1.0335	0.7575
1.4082	0.6502
1.0334	0.7560
1.4105	0.6637
1.0326	0.7575
1.4146	0.6742
1.0311	0.7522
1.4148	0.6820
1.0280	0.7470
1.4179	0.6877
1.0275	0.7370
1.4182	0.6895
1.0284	0.7280
1.4207	0.6868
1.0303	0.7162
1.4231	0.6878
1.0328	0.7143
1.4213	0.6917
1.0350	0.7157
1.4211	0.6845
1.0390	0.7225
1.4232	0.6860
1.0446	0.7295
1.4273	0.6870
1.0490	0.7375
1.4309	0.6860
1.0541	0.7445
1.4354	0.6845
1.0583	0.7460
1.4412	0.6745
1.0629	0.7445
1.0692	0.7393
1.0735	0.7355
1.0786	0.7270
1.0878	0.7140
1.0928	0.6985
1.1025	0.6885
1.1120	0.6755
1.1233	0.6757
1.1321	0.6875
0.9814	0.8052
1.1380	0.7007
0.9838	0.7763
1.1452	0.7192
0.9872	0.7485
1.1513	0.7403
0.9902	0.7262
1.1601	0.7637
0.9934	0.7143
1.1645	0.7803
0.9978	0.7182
1.1698	0.7922
1.0012	0.7167
1.1737	0.7935
1.0041	0.7128
1.1774	0.7935
1.0056	0.7167
1.1812	0.7880
1.0081	0.7265
1.1841	0.7705
1.0108	0.7350
1.1872	0.7533
1.0151	0.7425
1.1888	0.7240
1.0203	0.7485
1.1882	0.6967
1.0249	0.7545
1.0306	0.7577
1.0355	0.7545
1.0411	0.7570
1.0465	0.7555
1.0525	0.7515
1.0585	0.7512
1.0651	0.7505
1.0705	0.7460
1.0758	0.7458
1.0796	0.7380
1.1221	0.8838
1.0823	0.7340
1.1210	0.8883
1.0841	0.7338
1.1208	0.8913
1.0853	0.7167
1.1183	0.8945
1.0865	0.7137
1.1168	0.8990
1.0890	0.6958
1.1136	0.9027
1.0913	0.6893
1.1104	0.9040
1.0945	0.6673
1.1099	0.9015
1.0972	0.6618
1.1085	0.8928
1.1002	0.6512
1.1091	0.8763
1.1030	0.6485
1.1074	0.8568
1.1064	0.6477
1.1091	0.8310
1.1106	0.6480
1.1094	0.8063
1.1136	0.6615
1.1102	0.7812
1.1115	0.7625
1.1119	0.7415
1.1120	0.7255
1.1119	0.7135
1.1102	0.7045
1.1064	0.6995
1.1025	0.6970
1.1007	0.6985
1.0967	0.7017
1.0936	0.7048
1.0896	0.7025
1.0854	0.7030
1.0830	0.7015
1.0801	0.6985
1.0786	0.6980
1.0778	0.6978
1.0774	0.6960
1.0801	0.6975
1.0843	0.6993
1.0903	0.7017
1.0334	0.7810
1.0969	0.7017
1.0326	0.7690
1.1039	0.7017
1.0311	0.7520
1.1106	0.6975
1.0302	0.7280
1.1186	0.6932
1.0294	0.7055
1.1257	0.6888
1.0299	0.6820
1.1322	0.6845
1.0303	0.6603
1.1380	0.6812
1.0312	0.6410
1.1441	0.6735
1.0314	0.6237
1.1488	0.6607
1.0365	0.6088
1.1543	0.6455
1.0379	0.5985
1.1584	0.6307
1.0391	0.5917
1.1610	0.6173
1.0422	0.5917
1.1626	0.6027
1.0472	0.5943
1.1643	0.5915
1.0511	0.5897
1.1656	0.5775
1.0574	0.5865
1.1673	0.5670
1.0616	0.5842
1.1670	0.5563
1.0675	0.5797
1.0712	0.5758
1.0752	0.5738
1.0772	0.5707
1.0814	0.5710
1.0845	0.5670
1.0882	0.5665
1.0939	0.5708
1.0979	0.5772
1.1025	0.5797
1.1074	0.5827
1.1114	0.5875
1.1136	0.5925
1.1173	0.5943
1.1186	0.5927
1.1350	0.6145
1.1201	0.5888
1.1345	0.5850
1.1199	0.5800
1.1329	0.5588
1.1169	0.5665
1.1307	0.5248
1.1132	0.5483
1.1278	0.5012
1.1097	0.5305
1.1247	0.4755
1.1044	0.5183
1.1220	0.4530
1.0999	0.4992
1.1212	0.4428
1.0934	0.4795
1.1210	0.4330
1.0860	0.4608
1.1218	0.4283
1.0793	0.4405
1.1222	0.4335
1.0735	0.4207
1.1230	0.4382
1.0687	0.4015
1.1234	0.4433
1.0656	0.3865
1.1244	0.4552
1.0623	0.3762
1.1259	0.4637
1.0612	0.3732
1.1282	0.4730
1.0606	0.3663
1.1313	0.4792
1.0599	0.3673
1.1352	0.4907
1.0590	0.3678
1.1391	0.4895
1.1423	0.4890
1.1455	0.4763
1.1469	0.4653
1.1471	0.4587
1.1451	0.4407
1.1423	0.4287
1.1377	0.4158
1.1327	0.4053
1.1262	0.3903
1.1188	0.3912
1.1121	0.3837
1.1057	0.3925
1.1005	0.4002
1.0954	0.4090
1.0903	0.4335
1.0854	0.4537
1.2968	0.4170
1.0811	0.4822
1.2963	0.4287
1.0772	0.5102
1.2940	0.4410
1.0741	0.5382
1.2890	0.4533
1.0715	0.5590
1.2820	0.4675
1.0693	0.5882
1.2732	0.4778
1.0693	0.5962
1.2642	0.4860
1.0689	0.6048
1.2542	0.4908
1.0694	0.6100
1.2448	0.4950
1.0702	0.6020
1.2342	0.4983
1.0708	0.5910
1.2287	0.4938
1.0718	0.5643
1.2220	0.4897
1.0720	0.5407
1.2162	0.4810
1.0716	0.5108
1.2114	0.4702
1.0715	0.4883
1.2068	0.4600
1.0709	0.4593
1.2050	0.4530
1.0699	0.4552
1.2038	0.4535
1.0693	0.4447
1.2034	0.4565
1.0675	0.4347
1.2016	0.4598
1.0664	0.4353
1.2003	0.4655
1.0657	0.4375
1.1965	0.4738
1.0656	0.4497
1.1948	0.4838
1.0671	0.4680
1.1932	0.4982
1.0682	0.4900
1.1898	0.5133
1.0695	0.5080
1.1873	0.5280
1.0708	0.5355
1.1844	0.5388
1.0724	0.5515
1.1809	0.5413
1.0747	0.5652
1.1777	0.5395
1.0766	0.5825
1.1755	0.5352
1.0785	0.5865
1.1723	0.5245
1.0808	0.5840
1.1699	0.5120
1.0817	0.5802
1.1704	0.4990
1.0825	0.5675
1.1714	0.4842
1.0819	0.5517
1.1747	0.4700
1.0805	0.5370
1.1803	0.4568
1.0775	0.5060
1.1862	0.4468
1.1917	0.4420
1.1988	0.4440
1.5131	0.6143
1.2044	0.4507
1.5094	0.6000
1.2112	0.4655
1.5061	0.5840
1.2168	0.4847
1.5021	0.5735
1.2213	0.5052
1.4973	0.5640
1.2226	0.5268
1.4924	0.5567
1.2250	0.5475
1.4875	0.5553
1.2248	0.5667
1.4832	0.5547
1.2238	0.5843
1.4789	0.5570
1.2256	0.5963
1.4742	0.5665
1.2263	0.6043
1.4702	0.5733
1.2254	0.6073
1.4661	0.5763
1.2256	0.6072
1.4624	0.5780
1.2264	0.6023
1.4602	0.5807
1.2279	0.5933
1.4585	0.5750
1.2296	0.5797
1.4586	0.5693
1.2324	0.5643
1.4575	0.5608
1.2351	0.5483
1.4561	0.5545
1.2387	0.5315
1.4554	0.5447
1.2446	0.5172
1.4550	0.5395
1.2533	0.5047
1.4552	0.5370
1.2590	0.4950
1.4580	0.5388
1.2683	0.4868
1.4615	0.5455
1.2776	0.4823
1.4643	0.5473
1.2876	0.4805
1.4663	0.5593
1.2990	0.4820
1.4683	0.5760
1.3108	0.4858
1.4686	0.5970
1.3228	0.4912
1.4682	0.6125
1.3341	0.4972
1.4662	0.6283
1.3452	0.5065
1.4639	0.6385
1.3584	0.5152
1.4612	0.6443
1.3657	0.5207
1.4579	0.6445
1.3759	0.5227
1.4550	0.6350
1.3880	0.5220
1.4507	0.6257
1.3991	0.5178
1.4462	0.6088
1.4062	0.5105
1.4435	0.5845
1.4145	0.4983
1.3290	0.4835
1.4421	0.5590
1.4216	0.4820
1.3362	0.4952
1.4414	0.5330
1.4248	0.4633
1.3423	0.5092
1.4425	0.5102
1.4264	0.4385
1.3493	0.5242
1.4452	0.4880
1.4272	0.4130
1.3620	0.5388
1.4507	0.4730
1.4235	0.3907
1.3685	0.5527
1.4586	0.4597
1.4234	0.3687
1.3785	0.5640
1.4686	0.4560
1.4222	0.3502
1.3841	0.5732
1.4812	0.4560
1.4200	0.3340
1.3913	0.5800
1.4943	0.4585
1.4208	0.3190
1.3948	0.5827
1.5080	0.4645
1.4230	0.3107
1.3998	0.5827
1.5229	0.4712
1.4284	0.3058
1.4007	0.5807
1.5361	0.4783
1.4330	0.3035
1.4004	0.5750
1.5494	0.4830
1.3989	0.5690
1.5631	0.4885
1.3993	0.5630
1.5751	0.4870
1.3985	0.5568
1.5868	0.4850
1.4015	0.5522
1.5988	0.4777
1.4085	0.5468
1.6104	0.4693
1.4172	0.5425
1.6221	0.4582
1.4229	0.5380
1.6336	0.4450
1.4330	0.5347
1.6458	0.4285
1.4426	0.5297
1.6574	0.4118
1.4515	0.5220
1.6672	0.3945
1.4575	0.5128
1.6776	0.3790
1.6168	0.5590
1.4640	0.5033
1.6863	0.3660
1.6156	0.5647
1.4722	0.4970
1.6966	0.3568
1.6102	0.5613
1.4792	0.4940
1.7059	0.3505
1.6073	0.5575
1.4877	0.4947
1.7131	0.3437
1.6084	0.5640
1.4969	0.4928
1.7194	0.3400
1.6060	0.5827
1.5056	0.4895
1.7264	0.3360
1.6032	0.5915
1.5238	0.4825
1.7361	0.3353
1.5999	0.6095
1.5360	0.4738
1.7478	0.3382
1.5987	0.6243
1.5475	0.4670
1.7612	0.3418
1.5964	0.6322
1.5593	0.4600
1.7727	0.3435
1.5948	0.6392
1.5780	0.4515
1.7824	0.3445
1.5940	0.6190
1.5924	0.4400
1.7905	0.3453
1.5950	0.6157
1.6082	0.4268
1.7960	0.3425
1.5983	0.6102
1.6242	0.4130
1.7990	0.3330
1.6006	0.6005
1.6385	0.4020
1.8000	0.3270
1.6003	0.5777
1.6522	0.3928
1.7982	0.3235
1.6012	0.5628
1.6625	0.3848
1.7945	0.3172
1.6060	0.5440
1.6767	0.3778
1.7895	0.3125
1.6124	0.5253
1.6928	0.3703
1.7832	0.3012
1.6180	0.5115
1.7047	0.3630
1.7754	0.2958
1.6292	0.4997
1.7157	0.3563
1.7644	0.2887
1.6419	0.4895
1.7274	0.3485
1.7513	0.2805
1.6556	0.4760
1.7376	0.3400
1.7354	0.2748
1.6734	0.4637
1.7516	0.3307
1.7175	0.2798
1.6939	0.4587
1.7632	0.3227
1.6985	0.2800
1.7161	0.4580
1.7760	0.3163
1.6793	0.2830
1.7394	0.4595
1.7867	0.3117
1.6617	0.2923
1.7627	0.4595
1.7981	0.3103
1.6464	0.2987
1.7849	0.4525
1.8052	0.3110
1.6340	0.3122
1.8086	0.4547
1.8154	0.3147
1.6242	0.3290
1.8278	0.4475
1.8253	0.3197
1.6169	0.3473
1.8448	0.4452
1.8333	0.3267
1.6110	0.3702
1.8586	0.4372
1.8404	0.3360
1.6075	0.3970
1.5379	0.5080
1.8716	0.4333
1.8421	0.3460
1.6044	0.4187
1.5471	0.4770
1.8829	0.4230
1.8450	0.3567
1.6021	0.4425
1.5627	0.4533
1.8918	0.4085
1.8416	0.3700
1.5994	0.4600
1.5773	0.4318
1.8968	0.3873
1.8359	0.3848
1.5969	0.4712
1.5952	0.4130
1.8970	0.3668
1.8245	0.4002
1.5952	0.4843
1.6098	0.3957
1.8945	0.3535
1.8147	0.4177
1.5936	0.4940
1.6215	0.3770
1.8909	0.3368
1.8026	0.4350
1.5931	0.4978
1.6361	0.3615
1.8852	0.3320
1.7916	0.4515
1.5935	0.5013
1.6515	0.3525
1.8774	0.3225
1.7786	0.4678
1.6663	0.3490
1.8674	0.3218
1.7641	0.4812
1.6815	0.3450
1.8563	0.3213
1.7515	0.4945
1.6915	0.3372
1.8426	0.3195
1.7416	0.5062
1.6988	0.3295
1.8295	0.3198
1.7336	0.5150
1.7072	0.3215
1.8174	0.3250
1.7261	0.5217
1.7129	0.3155
1.8064	0.3315
1.7207	0.5253
1.7178	0.3095
1.7929	0.3387
1.7161	0.5260
1.7252	0.3057
1.7773	0.3447
1.7091	0.5247
1.7294	0.3005
1.7620	0.3502
1.7024	0.5242
1.7370	0.2898
1.7461	0.3563
1.6941	0.5212
1.7422	0.2772
1.7318	0.3637
1.6845	0.5168
1.7481	0.2690
1.7182	0.3707
1.6759	0.5115
1.7496	0.2633
1.7050	0.3745
1.6671	0.5043
1.7518	0.2597
1.6910	0.3850
1.6585	0.4970
1.7499	0.2598
1.6763	0.3987
1.6495	0.4865
1.7443	0.2610
1.6625	0.4070
1.6430	0.4765
1.7360	0.2645
1.6495	0.4170
1.6367	0.4670
1.7327	0.2715
1.6371	0.4280
1.6275	0.4613
1.7262	0.2807
1.6260	0.4410
1.6218	0.4595
1.7172	0.2923
1.6180	0.4505
1.6201	0.4653
1.7059	0.3053
1.6115	0.4605
1.6179	0.4720
1.6956	0.3193
1.6064	0.4642
1.6197	0.4807
1.6822	0.3332
1.6014	0.4775
1.6243	0.4915
1.6671	0.3440
1.5946	0.4888
1.6324	0.5027
1.6534	0.3545
1.5844	0.4928
1.6402	0.5208
1.6352	0.3647
1.5752	0.5047
1.6477	0.5437
1.6202	0.3747
1.5660	0.5090
1.6555	0.5722
1.7360	0.1733
1.6026	0.3845
1.5564	0.5050
1.6647	0.6010
1.7467	0.1617
1.5833	0.3923
1.5462	0.4952
1.6763	0.6270
1.7558	0.1520
1.5667	0.4000
1.5354	0.4880
1.6849	0.6498
1.7630	0.1512
1.5456	0.4058
1.5236	0.4773
1.6952	0.6762
1.7709	0.1500
1.5299	0.4072
1.5106	0.4765
1.7011	0.6998
1.7765	0.1570
1.5133	0.4097
1.4976	0.4700
1.7835	0.1630
1.5003	0.4115
1.4836	0.4595
1.7907	0.1730
1.4881	0.4120
1.4682	0.4508
1.7976	0.1865
1.4777	0.4097
1.4515	0.4455
1.8042	0.2038
1.4652	0.4110
1.4346	0.4442
1.8157	0.2243
1.4565	0.4135
1.4193	0.4445
1.8188	0.2445
1.4474	0.4197
1.4060	0.4433
1.8208	0.2727
1.4412	0.4318
1.3948	0.4472
1.8223	0.2963
1.4310	0.4442
1.3841	0.4465
1.8197	0.3205
1.4250	0.4568
1.3761	0.4478
1.8096	0.3455
1.4187	0.4663
1.3704	0.4532
1.8034	0.3755
1.4158	0.4800
1.3668	0.4552
1.7864	0.3993
1.4146	0.4892
1.3674	0.4712
1.7677	0.4235
1.4148	0.5010
1.3691	0.4705
1.7516	0.4370
1.4125	0.5020
1.3711	0.4745
1.7367	0.4505
1.4121	0.5020
1.3728	0.4817
1.7166	0.4583
1.4147	0.4957
1.3757	0.4930
1.7017	0.4565
1.4119	0.4857
1.3777	0.5095
1.6835	0.4553
1.4120	0.4735
1.3817	0.5278
1.6667	0.4552
1.4099	0.4615
1.3844	0.5410
1.6522	0.4468
1.4063	0.4500
1.3884	0.5422
1.6359	0.4320
1.4020	0.4353
1.3922	0.5533
1.6222	0.4235
1.3937	0.4235
1.3972	0.5442
1.6103	0.4225
1.3864	0.4110
1.4013	0.5467
1.5971	0.4223
1.3791	0.4058
1.4044	0.5380
1.5876	0.4292
1.3750	0.4010
1.4065	0.5310
1.5777	0.4392
1.3678	0.4048
1.4074	0.5192
1.5718	0.4470
1.3654	0.4103
1.5680	0.4647
1.3642	0.4205
1.5587	0.4727
1.3654	0.4360
1.5471	0.4802
1.3671	0.4528
1.5333	0.4957
1.3713	0.4727
1.5192	0.5035
1.3701	0.4930
1.4961	0.5088
1.3775	0.5128
1.4736	0.5078
1.3794	0.5312
1.4567	0.4952
1.3820	0.5443
1.4422	0.4838
1.3852	0.5468
1.4250	0.4817
1.3856	0.5443
1.4074	0.4705
1.3853	0.5352
1.3922	0.4715
1.3824	0.5282
1.3794	0.4728
1.3754	0.5158
1.3696	0.4693
1.3716	0.5028
1.3618	0.4660
1.3697	0.4890
1.3561	0.4637
1.3689	0.4755
1.3497	0.4662
1.3649	0.4630
1.3452	0.4768
1.3643	0.4535
1.3433	0.4870
1.3654	0.4540
1.3440	0.4888
1.3635	0.4568
1.3436	0.4930
1.3677	0.4692
1.3452	0.4918
1.3674	0.4738
1.3470	0.4932
1.3692	0.4890
1.3465	0.4935
1.3746	0.5017
1.3471	0.4942
1.3761	0.5205
1.3460	0.4925
1.3826	0.5395
1.3460	0.4978
1.3869	0.5585
1.3445	0.5057
1.3912	0.5762
1.2570	0.5162
1.3448	0.5105
1.3952	0.5845
1.2547	0.5172
1.3403	0.5135
1.4011	0.5942
1.2509	0.5100
1.3356	0.5115
1.4073	0.5948
1.2482	0.5052
1.3299	0.5082
1.4215	0.5975
1.2414	0.5062
1.3266	0.5083
1.4332	0.5925
1.2346	0.5060
1.3222	0.5075
1.4414	0.5873
1.2311	0.5120
1.3197	0.5065
1.4456	0.5743
1.2246	0.5245
1.3160	0.5065
1.4436	0.5563
1.2207	0.5417
1.3134	0.5028
1.2148	0.5567
1.3141	0.4958
1.2098	0.5765
1.3160	0.4888
1.2048	0.5910
1.3183	0.4870
1.2008	0.6180
1.3243	0.4857
1.1957	0.6350
1.3308	0.4908
1.1899	0.6517
1.3382	0.4915
1.1857	0.6670
1.3447	0.4945
1.1811	0.6810
1.3509	0.5033
1.1788	0.6745
1.3580	0.5045
1.1736	0.6638
1.3636	0.5062
1.1701	0.6433
1.3702	0.5077
1.1656	0.6283
1.3762	0.5068
1.1598	0.6177
1.3827	0.5090
1.1559	0.5868
1.3838	0.5108
1.1526	0.5652
1.3854	0.5078
1.1507	0.5335
1.3845	0.5088
1.1507	0.5022
1.3857	0.5078
1.1503	0.4648
1.3900	0.5035
1.1521	0.4490
1.3891	0.5015
1.1526	0.4295
1.3904	0.4963
1.1534	0.4173
1.3894	0.4910
1.1536	0.4032
1.3887	0.4890
1.1568	0.3815
1.3846	0.4830
1.1608	0.3775
1.3822	0.4735
1.1668	0.3663
1.3778	0.4720
1.1730	0.3625
1.3707	0.4635
1.1798	0.3560
1.3620	0.4578
1.1874	0.3560
1.3520	0.4580
1.1988	0.3540
1.3404	0.4565
1.2061	0.3558
1.3265	0.4595
1.2132	0.3537
1.3127	0.4625
1.2213	0.3530
1.2244	0.3605
1.2287	0.3673
1.2062	0.6202
1.2320	0.3797
1.2160	0.6077
1.2385	0.3908
1.2274	0.5920
1.2415	0.4030
1.2363	0.5932
1.2464	0.4123
1.2460	0.6057
1.2516	0.4197
1.2552	0.6115
1.2564	0.4260
1.2628	0.6075
1.2614	0.4340
1.2700	0.6200
1.2666	0.4418
1.2778	0.6220
1.2720	0.4450
1.2844	0.6230
1.2816	0.4465
1.2895	0.6172
1.2874	0.4505
1.2943	0.6105
1.2941	0.4525
1.2978	0.6062
1.3006	0.4602
1.2978	0.5888
1.3023	0.4715
1.3022	0.5628
1.3050	0.4832
1.3020	0.5490
1.3032	0.5007
1.3044	0.5238
1.3001	0.5173
1.3035	0.4975
1.2967	0.5330
1.3024	0.4668
1.2899	0.5447
1.3001	0.4400
1.2825	0.5580
1.2974	0.4280
1.2771	0.5597
1.2943	0.4105
1.2668	0.5708
1.2932	0.3850
1.2565	0.5648
1.2937	0.3728
1.2447	0.5615
1.2951	0.3605
1.2326	0.5578
1.2990	0.3460
1.2238	0.5430
1.2961	0.3403
1.2124	0.5335
1.2983	0.3353
1.2007	0.5225
1.2994	0.3495
1.1906	0.5123
1.3025	0.3578
1.1822	0.5037
1.3056	0.3550
1.1758	0.4990
1.3075	0.3687
1.3105	0.3978
1.3133	0.4083
1.3160	0.4270
1.3212	0.4448
1.3250	0.4685
1.3297	0.4935
1.3325	0.5107
1.3348	0.5380
1.3355	0.5603
1.3364	0.5708
1.3365	0.5695
1.3346	0.5705
1.3311	0.5622
1.3289	0.5440
1.3251	0.5253
1.3245	0.5090
1.3206	0.4918
1.3185	0.4710
1.3148	0.4612
1.3115	0.4320
1.3071	0.4330
1.3026	0.4485
1.0672	0.3937
1.2990	0.4698
1.0671	0.3995
1.2958	0.5022
1.0724	0.4030
1.2931	0.5285
1.0702	0.4015
1.2907	0.5615
1.0674	0.3997
1.2858	0.5950
1.0635	0.3923
1.2807	0.6255
1.0594	0.3853
1.2732	0.6417
1.0561	0.3800
1.2633	0.6853
1.0504	0.3687
1.2520	0.6972
1.0451	0.3565
1.2373	0.6958
1.0402	0.3405
1.2223	0.6960
1.0373	0.3390
1.2084	0.6785
1.0343	0.3338
1.1965	0.6757
1.0315	0.3320
1.1824	0.6547
1.0309	0.3370
1.1703	0.6415
1.0285	0.3458
1.0292	0.3510
1.0274	0.3567
1.0269	0.3685
1.0250	0.3768
1.0233	0.3923
1.0216	0.3997
1.0186	0.4120
1.0127	0.4275
1.0067	0.4442
1.0001	0.4557
0.9938	0.4642
0.9863	0.4705
0.9803	0.4773
0.9729	0.4955
0.9679	0.5063
0.9564	0.5218
1.1736	0.4095
0.9517	0.5292
1.1680	0.4167
0.9468	0.5320
1.1609	0.4235
0.9418	0.5345
1.1544	0.4317
0.9391	0.5355
1.1465	0.4415
0.9367	0.5393
1.1412	0.4510
0.9341	0.5410
1.1373	0.4615
0.9295	0.5457
1.1324	0.4690
0.9265	0.5430
1.1279	0.4763
0.9237	0.5443
1.1222	0.4830
0.9208	0.5440
1.1168	0.4883
0.9189	0.5648
1.1090	0.4955
0.9166	0.5775
1.1024	0.5040
0.9136	0.6015
1.0948	0.5110
0.9126	0.6343
1.0875	0.5182
0.9115	0.6753
1.0782	0.5250
0.9103	0.7222
1.0721	0.5317
1.0634	0.5405
1.0542	0.5513
1.0446	0.5633
1.0335	0.5760
1.0245	0.5890
1.0148	0.6043
1.0040	0.6185
0.9937	0.6325
0.9866	0.6465
0.9819	0.6562
0.9764	0.6617
0.9732	0.6655
0.9695	0.6655
0.9658	0.6670
0.9611	0.6598
0.9558	0.6530
0.9488	0.6475
0.9427	0.6438
0.9357	0.6400
0.9315	0.6398
0.9280	0.6452
0.9245	0.6488
0.9212	0.6557
0.9186	0.6635
0.9163	0.6803
0.9142	0.6943
0.9118	0.7065
0.9110	0.7170
0.9123	0.7277
1.1800	0.6777
0.9130	0.7385
1.1731	0.6902
0.9156	0.7485
1.1658	0.6998
0.9143	0.7577
1.1589	0.6980
0.9155	0.7665
1.1521	0.6948
1.1453	0.6912
1.1389	0.6830
1.1344	0.6795
1.1313	0.6698
1.1305	0.6688
1.1293	0.6680
1.1297	0.6757
1.1289	0.6867
1.1258	0.7000
1.1226	0.7082
1.1180	0.7153
1.1114	0.7240
1.1037	0.7340
1.0974	0.7430
1.0910	0.7462
1.0851	0.7430
1.0793	0.7385
1.0738	0.7308
1.0685	0.7250
1.0627	0.7238
1.0567	0.7225
1.0512	0.7258
1.0450	0.7267
1.0394	0.7358
1.0331	0.7480
1.0287	0.7685
1.0227	0.7875
1.0170	0.8055
1.0126	0.8215
1.0087	0.8340
1.0037	0.8443
0.9991	0.8502
0.9951	0.8555
1.0257	0.5825
0.9912	0.8498
1.0152	0.5795
0.9876	0.8397
1.0063	0.5930
0.9857	0.8255
0.9991	0.6062
0.9830	0.8108
0.9938	0.6200
0.9814	0.7932
0.9906	0.6393
0.9807	0.7790
0.9876	0.6632
0.9792	0.7658
0.9837	0.6810
0.9794	0.7540
0.9796	0.7068
0.9797	0.7565
0.9768	0.7270
0.9742	0.7408
0.9714	0.7555
0.9697	0.7565
0.9658	0.7593
0.9628	0.7548
0.9614	0.7470
0.9613	0.7328
0.9622	0.7223
0.9645	0.7062
0.9671	0.6930
0.9683	0.6803
0.9671	0.6765
0.9646	0.6798
0.9597	0.6853
0.9561	0.6980
0.9519	0.7107
0.9474	0.7315
0.9431	0.7487
0.9373	0.7680
0.9327	0.7820
0.9268	0.7920
0.9219	0.8007
0.9179	0.8030
0.9144	0.8010
0.9118	0.7910
1.0536	0.7645
0.9095	0.7860
1.0474	0.7675
0.9081	0.7698
1.0430	0.7587
1.0379	0.7605
1.0351	0.7493
1.0314	0.7340
1.0288	0.7208
1.0261	0.6957
1.0218	0.6788
1.0277	0.6657
1.0223	0.6645
1.0191	0.6698
1.0153	0.6812
1.0126	0.6877
1.0108	0.7075
1.0106	0.7295
1.0113	0.7540
1.0122	0.7793
1.0134	0.7987
1.0165	0.8120
1.0180	0.8200
1.0194	0.8228
1.0241	0.8267
1.0227	0.8210
1.0241	0.8072
1.0265	0.7925
1.1875	0.7720
1.0291	0.7698
1.1828	0.7597
1.0299	0.7500
1.1809	0.7478
1.0295	0.7315
1.1799	0.7323
1.0288	0.7290
1.1806	0.7185
1.0271	0.7303
1.1834	0.7135
1.0234	0.7310
1.1864	0.7037
1.0198	0.7303
1.1920	0.7015
1.0160	0.7420
1.1947	0.7050
1.0126	0.7540
1.1987	0.7097
1.0108	0.7673
1.2009	0.7218
1.0111	0.7780
1.2018	0.7377
1.0086	0.7847
1.2002	0.7465
1.0090	0.7895
1.1982	0.7615
1.0095	0.7815
1.1934	0.7750
1.0094	0.7767
1.1911	0.7818
1.0099	0.7697
1.1897	0.7958
1.0131	0.7540
1.1888	0.8055
1.0151	0.7335
1.1897	0.8113
1.1875	0.8103
1.1872	0.8095
1.1898	0.8040
1.1914	0.8065
1.1960	0.8035
1.1993	0.8008
1.2022	0.7982
1.2047	0.7915
1.2077	0.7820
1.2112	0.7728
1.2117	0.7693
1.2150	0.7637
1.2191	0.7598
1.2186	0.7537
1.2184	0.7465
1.2177	0.7418
1.2186	0.7355
1.2212	0.7312
1.1478	0.8350
1.2247	0.7348
1.1538	0.8380
1.2282	0.7350
1.1576	0.8420
1.2331	0.7390
1.1607	0.8395
1.2352	0.7442
1.1634	0.8282
1.2432	0.7515
1.1631	0.8117
1.2494	0.7585
1.1631	0.8050
1.2552	0.7675
1.1604	0.7880
1.2611	0.7720
1.1589	0.7748
1.2650	0.7770
1.1560	0.7483
1.2645	0.7843
1.1541	0.7332
1.2629	0.7817
1.1519	0.7162
1.2637	0.7872
1.1505	0.7060
1.2613	0.7847
1.1493	0.7022
1.2560	0.7783
1.1488	0.7185
1.1509	0.7285
1.1546	0.7310
1.1598	0.7325
1.1654	0.7408
1.1706	0.7462
1.1773	0.7518
1.1838	0.7578
1.1913	0.7572
1.1970	0.7583
1.2032	0.7488
1.2083	0.7488
1.2158	0.7475
1.0358	0.9118
1.2214	0.7572
1.0394	0.9160
1.2290	0.7595
1.0396	0.9240
1.2361	0.7653
1.0419	0.9325
1.2432	0.7775
1.0448	0.9325
1.2513	0.7875
1.0467	0.9318
1.2596	0.7963
1.0502	0.9243
1.2674	0.7945
1.0529	0.9137
1.2754	0.7908
1.0539	0.9018
1.2830	0.7845
1.0565	0.8832
1.2897	0.7748
1.0565	0.8658
1.2937	0.7630
1.0585	0.8532
1.2969	0.7525
1.0590	0.8405
1.2983	0.7360
1.0608	0.8325
1.2995	0.7152
1.0616	0.8275
1.3001	0.7003
1.0604	0.8350
1.3018	0.6868
1.0590	0.8392
1.3052	0.6825
1.0589	0.8413
1.3095	0.6757
1.0594	0.8235
1.3153	0.6755
1.0580	0.7982
1.3230	0.6852
1.0585	0.7675
1.0591	0.7290
1.0609	0.6883
1.0636	0.6455
1.0646	0.6012
1.0664	0.5548
1.0673	0.5247
1.0691	0.5047
1.0732	0.5110
1.0790	0.5295
1.0855	0.5560
1.0928	0.5890
1.1002	0.6247
1.0400	0.8948
1.1096	0.6545
1.0455	0.8968
1.1197	0.6825
1.0487	0.8920
1.1308	0.7025
1.0508	0.8850
1.1427	0.7110
1.0524	0.8835
1.1558	0.7165
1.0556	0.8742
1.1657	0.7088
1.0582	0.8718
1.1786	0.6945
1.0625	0.8587
1.1891	0.6740
1.0662	0.8430
1.1986	0.6530
1.0707	0.8280
1.2089	0.6295
1.0760	0.8160
1.2171	0.6093
1.0817	0.7995
1.2281	0.5900
1.0877	0.7837
1.2373	0.5770
1.0926	0.7795
1.0978	0.7688
1.1028	0.7622
1.1080	0.7552
1.1116	0.7490
1.1158	0.7410
1.1189	0.7288
1.1210	0.7233
1.1203	0.7100
1.1181	0.7012
1.1139	0.6800
1.1097	0.6657
1.1089	0.6488
1.1082	0.6270
1.1088	0.6130
1.1116	0.6040
1.1151	0.5925
1.1195	0.5725
0.9868	0.7627
1.1246	0.5615
0.9884	0.7582
1.1303	0.5405
0.9902	0.7535
1.1362	0.5340
0.9937	0.7510
1.1419	0.5138
0.9976	0.7485
1.1487	0.5010
1.0016	0.7403
1.1547	0.4880
1.0076	0.7355
1.1603	0.4757
1.0125	0.7248
1.1658	0.4640
1.0202	0.7165
1.1707	0.4602
1.0281	0.7060
1.1762	0.4575
1.0362	0.6990
1.1786	0.4490
1.0457	0.6900
1.1821	0.4478
1.0545	0.6793
1.1841	0.4458
1.0630	0.6690
1.1865	0.4515
1.0710	0.6540
1.1896	0.4583
1.0794	0.6452
1.1935	0.4695
1.0890	0.6252
1.1965	0.4805
1.0957	0.6060
1.1033	0.5890
1.1077	0.5695
1.1111	0.5473
1.1136	0.5335
1.1139	0.5183
1.1123	0.5095
1.1106	0.5033
1.1085	0.5000
1.1087	0.5017
1.1076	0.5080
1.1066	0.5110
1.1057	0.5152
1.1063	0.5197
1.1054	0.5197
1.1041	0.5242
1.1024	0.5290
1.1004	0.5347
1.0990	0.5355
1.1009	0.5270
1.1031	0.5165
1.1067	0.5075
1.1115	0.5050
1.1154	0.5040
1.0049	0.6080
1.1201	0.5070
1.0162	0.5828
1.1248	0.5137
1.0276	0.5560
1.1265	0.5155
1.0367	0.5313
1.1288	0.5160
1.0448	0.5178
1.1277	0.5175
1.0496	0.5065
1.1285	0.5325
1.0524	0.4650
1.1248	0.5490
1.0536	0.4628
1.1193	0.5715
1.0554	0.4653
1.1127	0.5948
1.0571	0.4713
1.0572	0.4685
1.0573	0.4813
1.0569	0.4992
1.0542	0.5130
1.0536	0.5222
1.0522	0.5288
1.0527	0.5632
1.0520	0.5625
1.0505	0.5450
1.0490	0.5365
1.0480	0.5240
1.0493	0.5065
1.0451	0.4870
1.0407	0.4738
1.0331	0.4645
1.0264	0.4537
1.0164	0.4548
1.0078	0.4513
0.9989	0.4615
0.9918	0.4845
0.9849	0.5168
0.9796	0.5478
0.9752	0.5778
0.9721	0.5958
1.0846	0.5210
0.9697	0.6148
1.0798	0.5437
0.9672	0.6512
1.0749	0.5638
0.9647	0.6695
1.0703	0.5835
0.9627	0.7068
1.0670	0.5960
0.9622	0.7320
1.0623	0.6087
0.9616	0.7373
1.0545	0.6107
0.9627	0.7312
1.0488	0.6103
0.9646	0.7285
1.0406	0.6130
1.0340	0.5953
1.0281	0.5805
1.0240	0.5583
1.0192	0.5367
1.0174	0.5197
1.0160	0.5005
1.0144	0.4863
1.0131	0.4860
1.0115	0.4838
1.0105	0.4860
1.0087	0.4970
1.0074	0.5107
1.0065	0.5280
1.0060	0.5535
1.0053	0.5675
1.0058	0.5940
1.0045	0.6140
1.0029	0.6268
1.0005	0.6420
0.9992	0.6537
0.9962	0.6598
0.9930	0.6560
1.2611	0.4880
0.9905	0.6507
1.2560	0.4842
0.9872	0.6373
1.2490	0.4822
0.9840	0.6302
1.2429	0.4870
0.9802	0.6140
1.2383	0.4938
0.9776	0.5987
1.2326	0.5058
0.9742	0.5945
1.2273	0.5210
0.9699	0.5893
1.2219	0.5420
0.9662	0.5838
1.2174	0.5627
0.9623	0.5893
1.2126	0.5815
0.9573	0.6035
1.2071	0.5988
0.9526	0.6235
1.2024	0.6123
0.9481	0.6478
1.1976	0.6210
0.9441	0.6715
1.1911	0.6268
0.9402	0.7045
1.1850	0.6327
0.9367	0.7355
1.1783	0.6350
1.1705	0.6335
1.1633	0.6280
1.1536	0.6225
1.1440	0.6177
1.1330	0.6157
1.1216	0.6202
1.1131	0.6298
1.1042	0.6450
1.0996	0.6600
1.0951	0.6775
1.0919	0.6967
1.0920	0.7153
1.0933	0.7262
1.0948	0.7328
1.4310	0.6207
1.0962	0.7308
1.4231	0.6540
1.0984	0.7242
1.4189	0.6850
1.1016	0.7148
1.4148	0.7107
1.1038	0.7003
1.4119	0.7258
1.1064	0.6843
1.4138	0.7395
1.1061	0.6707
1.4148	0.7432
1.1091	0.6567
1.4183	0.7435
1.1112	0.6475
1.4205	0.7345
1.1146	0.6450
1.4207	0.7225
1.1150	0.6482
1.4184	0.7087
1.1112	0.6593
1.4154	0.6968
1.1115	0.6730
1.4116	0.6845
1.1122	0.6905
1.4067	0.6788
1.1117	0.7095
1.4001	0.6830
1.1107	0.7277
1.3920	0.6848
1.1103	0.7412
1.3851	0.6990
1.1123	0.7488
1.3773	0.7210
1.1140	0.7465
1.3692	0.7442
1.1196	0.7388
1.3621	0.7665
1.1259	0.7273
1.3554	0.7875
1.1333	0.7132
1.3493	0.7985
1.1416	0.6945
1.3454	0.8053
1.1537	0.6720
1.3439	0.8058
1.1636	0.6503
1.3442	0.7937
1.1758	0.6297
1.3453	0.7842
1.1867	0.6105
1.3474	0.7683
1.1931	0.5977
1.3497	0.7458
1.1995	0.5930
1.3510	0.7267
1.2039	0.5925
1.3543	0.7100
1.2039	0.5942
1.3585	0.6937
1.2034	0.5968
1.3615	0.6853
1.3368	0.6923
1.3641	0.6830
1.3384	0.7037
1.3671	0.6865
1.3475	0.7082
1.3704	0.6948
1.3476	0.7095
1.3740	0.7065
1.3618	0.7185
1.3764	0.7140
1.3757	0.7230
1.3791	0.7180
1.3798	0.7257
1.3824	0.7200
1.3860	0.7225
1.3847	0.7185
1.3932	0.7170
1.3873	0.7157
1.4077	0.7155
1.3930	0.7060
1.4186	0.7085
1.3976	0.6915
1.4274	0.7010
1.4029	0.6743
1.4333	0.6932
1.4066	0.6593
1.4393	0.6830
1.4110	0.6455
1.4432	0.6653
1.4172	0.6310
1.4494	0.6532
1.4222	0.6252
1.4534	0.6380
1.4261	0.6230
1.4569	0.6290
1.4287	0.6253
1.4585	0.6198
1.4297	0.6332
1.4624	0.6110
1.4300	0.6480
1.4628	0.6075
1.4302	0.6648
1.4632	0.6027
1.4290	0.6832
1.4615	0.6048
1.4278	0.7060
1.4604	0.6105
1.4252	0.7170
1.4615	0.6165
1.4236	0.7275
1.4605	0.6175
1.4220	0.7305
1.4570	0.6233
1.4197	0.7275
1.4544	0.6287
1.4209	0.7205
1.4550	0.6320
1.4236	0.7025
1.4549	0.6352
1.4265	0.6845
1.4568	0.6352
1.4289	0.6642
1.4575	0.6363
1.4329	0.6420
1.2266	0.6590
1.4590	0.6302
1.4383	0.6162
1.2316	0.6500
1.4597	0.6265
1.4428	0.5975
1.2379	0.6417
1.4621	0.6230
1.4490	0.5835
1.2454	0.6312
1.4661	0.6190
1.4536	0.5717
1.2549	0.6300
1.4684	0.6165
1.4573	0.5670
1.2659	0.6310
1.4728	0.6055
1.4600	0.5635
1.2765	0.6437
1.4775	0.6048
1.2860	0.6512
1.4799	0.6010
1.2941	0.6502
1.4825	0.5950
1.2988	0.6507
1.4848	0.5920
1.3040	0.6490
1.4883	0.5910
1.3055	0.6340
1.4921	0.5900
1.3048	0.6273
1.4952	0.5872
1.3048	0.6150
1.4961	0.5892
1.3029	0.6025
1.4954	0.5825
1.2993	0.5820
1.4963	0.5835
1.2946	0.5647
1.4945	0.5778
1.2913	0.5463
1.4950	0.5750
1.2896	0.5400
1.4943	0.5758
1.2906	0.5285
1.4969	0.5722
1.2939	0.5263
1.4973	0.5670
1.2984	0.5317
1.5003	0.5587
1.3024	0.5255
1.5041	0.5490
1.3078	0.5373
1.5110	0.5412
1.3145	0.5443
1.5147	0.5358
1.3209	0.5485
1.5230	0.5312
1.3271	0.5518
1.5291	0.5260
1.2134	0.7245
1.3349	0.5550
1.5293	0.5220
1.2122	0.7253
1.3427	0.5515
1.5322	0.5175
1.2111	0.7250
1.3515	0.5530
1.5350	0.5180
1.2151	0.7317
1.3598	0.5455
1.5327	0.5262
1.2182	0.7390
1.3680	0.5385
1.5282	0.5333
1.2215	0.7507
1.3749	0.5360
1.5222	0.5427
1.2234	0.7598
1.3829	0.5215
1.5153	0.5515
1.2278	0.7690
1.3901	0.5080
1.2306	0.7727
1.3967	0.5030
1.2343	0.7748
1.4038	0.4923
1.2414	0.7700
1.4134	0.4845
1.2466	0.7662
1.4223	0.4775
1.2531	0.7577
1.4326	0.4682
1.2590	0.7440
1.4441	0.4623
1.2665	0.7260
1.4514	0.4550
1.2749	0.6983
1.4573	0.4535
1.2834	0.6693
1.4628	0.4510
1.2922	0.6405
1.4656	0.4615
1.2989	0.6160
1.4688	0.4640
1.3066	0.5907
1.4723	0.4742
1.3126	0.5745
1.4695	0.4798
1.3193	0.5493
1.4664	0.4747
1.3209	0.5265
1.4666	0.4863
1.3249	0.4995
1.4666	0.4817
1.3262	0.4745
1.4639	0.4817
1.3253	0.4573
1.4628	0.4805
1.3288	0.4487
1.4590	0.4797
1.3286	0.4400
1.4538	0.4655
1.3333	0.4360
1.4462	0.4605
1.3349	0.4337
1.4377	0.4512
1.3360	0.4198
1.4332	0.4440
1.3382	0.4133
1.4293	0.4548
1.3396	0.4102
1.4268	0.4515
1.3405	0.4147
1.4238	0.4673
1.3414	0.4237
1.4194	0.4870
1.3424	0.4333
1.4112	0.5030
1.3394	0.4365
1.4036	0.5292
1.3350	0.4397
1.3953	0.5602
1.3279	0.4405
1.3879	0.5890
1.3223	0.4463
1.3794	0.6230
1.3160	0.4565
1.3055	0.4628
1.2929	0.4675
1.2819	0.4683
1.2681	0.4668
1.2566	0.4612
1.2426	0.4595
1.2299	0.4557
1.2196	0.4480
1.2103	0.4375
1.1995	0.4340
1.1928	0.4330
1.1843	0.4315
1.0445	0.4468
1.1789	0.4385
1.0522	0.4592
1.1752	0.4528
1.0612	0.4655
1.1734	0.4733
1.0683	0.4672
1.1705	0.4897
1.0764	0.4655
1.1677	0.5048
1.0817	0.4663
1.1683	0.5235
1.0853	0.4623
1.1677	0.5388
1.0873	0.4535
1.1660	0.5450
1.0851	0.4460
1.1635	0.5505
1.0855	0.4410
1.1599	0.5542
1.0829	0.4265
1.1549	0.5510
1.0839	0.4180
1.1523	0.5380
1.0851	0.4130
1.1467	0.5212
1.0870	0.4098
1.1408	0.4997
1.0878	0.4143
1.0906	0.4157
1.0928	0.4180
1.0948	0.4210
1.0989	0.4298
1.1017	0.4355
1.1058	0.4425
1.1068	0.4502
1.1072	0.4587
1.1080	0.4652
1.1075	0.4725
1.1061	0.4792
1.1037	0.4870
1.1007	0.4930
1.0969	0.5000
1.0949	0.5078
1.0936	0.5117
1.0940	0.5098
1.0934	0.5103
1.0943	0.5130
1.0964	0.5103
1.0991	0.5133
1.1008	0.5185
1.1027	0.5205
1.1045	0.5212
1.1046	0.5215
1.1041	0.5252
1.1035	0.5345
1.0447	0.5150
1.1005	0.5400
1.0477	0.5047
1.0970	0.5463
1.0508	0.4925
1.0934	0.5545
1.0536	0.4738
1.0884	0.5593
1.0619	0.4447
1.0811	0.5583
1.0632	0.4283
1.0740	0.5562
1.0637	0.4150
1.0646	0.5555
1.0629	0.3955
1.0562	0.5495
1.0624	0.3805
1.0470	0.5452
1.0601	0.3742
1.0382	0.5397
1.0581	0.3682
1.0309	0.5373
1.0558	0.3778
1.0259	0.5335
1.0536	0.3823
1.0204	0.5305
1.0505	0.3980
1.0167	0.5288
1.0468	0.4187
1.0146	0.5290
1.0448	0.4352
1.0411	0.4513
1.0387	0.4683
1.0344	0.4838
1.0315	0.5010
1.0289	0.5155
1.0266	0.5238
1.0236	0.5435
1.0240	0.5577
1.0199	0.5723
1.0160	0.5840
1.0120	0.5855
1.0083	0.5883
1.0044	0.5860
1.0023	0.5760
0.9995	0.5662
0.9972	0.5565
0.9956	0.5480
0.9953	0.5328
0.9956	0.5172
0.9970	0.5065
0.9987	0.4973
0.9994	0.4918
1.0014	0.4920
1.0033	0.4978
1.0056	0.5063
1.0085	0.5133
1.0120	0.5127
1.1488	0.5998
1.0152	0.5175
1.1514	0.5928
1.0193	0.5233
1.1552	0.5880
1.0217	0.5310
1.1596	0.5773
1.0241	0.5375
1.1643	0.5845
1.0272	0.5405
1.1716	0.5815
1.0273	0.5417
1.1801	0.5625
1.0216	0.5425
1.1877	0.5557
1.0224	0.5393
1.1955	0.5467
1.0247	0.5422
1.2034	0.5400
1.0320	0.5448
1.2087	0.5597
1.0344	0.5505
1.2138	0.5620
1.0356	0.5508
1.2177	0.5582
1.0385	0.5533
1.2192	0.5602
1.0402	0.5615
1.2214	0.5483
1.2214	0.5445
1.2218	0.5588
1.2197	0.5663
1.2183	0.5750
1.2174	0.5807
1.2159	0.5697
1.2175	0.5788
1.2155	0.5905
1.2146	0.5977
1.2138	0.6018
1.2116	0.6090
1.2111	0.6128
1.2125	0.6165
1.2115	0.6195
1.2096	0.6277
1.2082	0.6335
1.2053	0.6330
1.2030	0.6355
1.2034	0.6360
1.2042	0.6337
1.2057	0.6350
1.2077	0.6283
1.2106	0.6307
1.2127	0.6390
1.2151	0.6470
1.2191	0.6563
1.2220	0.6667
1.2269	0.6745
1.2316	0.6910
1.2371	0.7022
1.2425	0.7065
1.2493	0.7167
0.9816	0.5030
1.2527	0.7110
0.9787	0.4938
1.2571	0.7053
0.9773	0.4853
1.2592	0.6917
0.9766	0.4730
1.2621	0.6707
0.9750	0.4623
1.2625	0.6522
0.9748	0.4613
1.2654	0.6350
0.9737	0.4587
1.2663	0.6125
0.9731	0.4675
1.2670	0.5935
0.9734	0.4770
1.2679	0.5783
0.9737	0.4862
1.2677	0.5558
0.9733	0.4930
1.2696	0.5368
0.9729	0.5015
1.2694	0.5120
0.9731	0.5133
1.2728	0.4950
0.9729	0.5273
1.2765	0.4860
0.9737	0.5395
1.2778	0.4797
0.9755	0.5445
1.2781	0.4707
0.9781	0.5483
1.2760	0.4630
0.9798	0.5490
1.2762	0.4625
0.9816	0.5495
1.2735	0.4547
0.9827	0.5452
0.9840	0.5425
0.9856	0.5383
0.9869	0.5327
0.9889	0.5267
0.9900	0.5257
0.9914	0.5260
0.9914	0.5292
0.9911	0.5305
0.9919	0.5255
1.1245	0.5300
0.9926	0.5325
1.1268	0.5367
0.9934	0.5415
1.1298	0.5460
0.9940	0.5445
1.1329	0.5582
0.9949	0.5520
1.1377	0.5720
0.9962	0.5520
1.1408	0.5812
0.9969	0.5465
1.1429	0.5952
0.9981	0.5462
1.1473	0.6072
0.9984	0.5405
1.1503	0.6183
0.9995	0.5322
1.1548	0.6260
1.0012	0.5273
1.1614	0.6272
1.0028	0.5185
1.1667	0.6235
1.0051	0.5095
1.1726	0.6178
1.0074	0.5070
1.1780	0.6115
1.0092	0.4953
1.1827	0.5988
1.0110	0.4908
1.1871	0.5865
1.0126	0.4885
1.1901	0.5705
1.0129	0.5007
1.1923	0.5558
1.0143	0.4967
1.1940	0.5405
1.0154	0.4990
1.1934	0.5290
1.0162	0.5152
1.1891	0.5262
1.0177	0.5218
1.1772	0.5270
1.0196	0.5307
1.1719	0.5280
1.0221	0.5345
1.1695	0.5285
1.0247	0.5517
1.1633	0.5373
1.1573	0.5470
1.1500	0.5580
1.1438	0.5672
1.1350	0.5750
1.1271	0.5818
1.1201	0.5855
1.1154	0.5885
1.1115	0.5900
1.1070	0.5888
1.1052	0.5822
1.1041	0.5765
1.1036	0.5723
1.1033	0.5668
1.1038	0.5623
1.1055	0.5567
1.1075	0.5527
1.1114	0.5483
1.2440	0.7150
1.1165	0.5445
1.2430	0.7590
1.1234	0.5427
1.2433	0.8135
1.1326	0.5423
1.2459	0.8612
1.1432	0.5395
1.2479	0.8913
1.1533	0.5347
1.2507	0.9002
1.1650	0.5272
1.2546	0.8925
1.1788	0.5192
1.2585	0.8730
1.1975	0.5108
1.2627	0.8477
1.2149	0.5033
1.2685	0.8188
1.2299	0.4950
1.2739	0.7870
1.2416	0.4877
1.2789	0.7480
1.2500	0.4813
1.2845	0.6977
1.2583	0.4772
1.2872	0.6502
1.2630	0.4768
1.2913	0.6148
1.2669	0.4790
1.2929	0.5930
1.2710	0.4875
1.2952	0.5807
1.2723	0.4975
1.2961	0.5738
1.2726	0.5092
1.2957	0.5705
1.2732	0.5215
1.2952	0.5733
1.2728	0.5350
1.2922	0.5765
1.2696	0.5493
1.2898	0.5820
1.2664	0.5630
1.2859	0.5845
1.2624	0.5762
1.2816	0.5857
1.2774	0.5887
1.2727	0.5902
1.2681	0.5860
1.2639	0.5802
1.2607	0.5715
1.2582	0.5550
1.1652	0.5242
1.2558	0.5383
1.1659	0.5343
1.2532	0.5220
1.1665	0.5440
1.2518	0.5055
1.1677	0.5527
1.2498	0.4928
1.1686	0.5590
1.2488	0.4783
1.1686	0.5658
1.2485	0.4670
1.1684	0.5717
1.2481	0.4598
1.1689	0.5713
1.2488	0.4580
1.1677	0.5770
1.2493	0.4568
1.1677	0.5795
1.2505	0.4628
1.1677	0.5812
1.2513	0.4702
1.1671	0.5820
1.2518	0.4788
1.1657	0.5825
1.2521	0.4895
1.1659	0.5832
1.2534	0.4970
1.1650	0.5870
1.2545	0.5060
1.1636	0.5897
1.2551	0.5125
1.1662	0.5925
1.2560	0.5220
1.1662	0.5940
1.2576	0.5270
1.1654	0.5880
1.2602	0.5330
1.1639	0.5817
1.2648	0.5343
1.1625	0.5718
1.2686	0.5345
1.1583	0.5602
1.2726	0.5337
1.1579	0.5488
1.2749	0.5348
1.1571	0.5358
1.2762	0.5365
1.1567	0.5190
1.2776	0.5365
1.1563	0.5050
1.2773	0.5400
1.1559	0.4923
1.2762	0.5375
1.1561	0.4838
1.2754	0.5388
1.1577	0.4842
1.2738	0.5417
1.1583	0.4828
1.2713	0.5505
1.1587	0.4872
1.2693	0.5628
1.1602	0.4965
1.2664	0.5753
1.1626	0.5038
1.2633	0.5872
1.1647	0.5130
1.2614	0.6007
1.1645	0.5245
1.2579	0.6145
1.4038	0.6363
1.1648	0.5338
1.2553	0.6290
1.4047	0.6387
1.1654	0.5455
1.2552	0.6438
1.4050	0.6302
1.1648	0.5525
1.2557	0.6550
1.4064	0.6148
1.1652	0.5547
1.2579	0.6583
1.4037	0.6010
1.1637	0.5607
1.2621	0.6530
1.4031	0.5795
1.1606	0.5600
1.2665	0.6390
1.4033	0.5525
1.1589	0.5518
1.4048	0.5255
1.1559	0.5440
1.4038	0.4942
1.1530	0.5320
1.4035	0.4700
1.1505	0.5220
1.4042	0.4475
1.1488	0.5100
1.4064	0.4232
1.1473	0.4945
1.4080	0.4035
1.1462	0.4855
1.4102	0.3878
1.1459	0.4725
1.4106	0.3742
1.1476	0.4595
1.4111	0.3612
1.1494	0.4485
1.4127	0.3565
1.1527	0.4433
1.4122	0.3460
1.1565	0.4330
1.4125	0.3277
1.1607	0.4312
1.4123	0.3220
1.1648	0.4250
1.4121	0.3200
1.1693	0.4202
1.4121	0.3195
1.1750	0.4187
1.4136	0.3235
1.1775	0.4172
1.7654	0.4128
1.4137	0.3377
1.1772	0.4183
1.7751	0.4070
1.4149	0.3268
1.1797	0.4190
1.7811	0.4088
1.4146	0.3208
1.1819	0.4240
1.7848	0.4050
1.4147	0.3132
1.1848	0.4287
1.7904	0.4038
1.4124	0.3175
1.1874	0.4375
1.7846	0.4010
1.4103	0.3282
1.1910	0.4393
1.7999	0.3960
1.4076	0.3297
1.1860	0.4410
1.8149	0.3970
1.4061	0.3325
1.1806	0.4415
1.8287	0.3947
1.4027	0.3368
1.1748	0.4375
1.8371	0.3987
1.4003	0.3410
1.1700	0.4298
1.8479	0.4053
1.3986	0.3380
1.1640	0.4255
1.8563	0.4130
1.3971	0.3545
1.1585	0.4213
1.8650	0.4215
1.3970	0.3678
1.1529	0.4150
1.8702	0.4330
1.3978	0.3802
1.1477	0.4053
1.8693	0.4462
1.4002	0.3868
1.1428	0.3963
1.8672	0.4597
1.4023	0.3978
1.1379	0.3887
1.8709	0.4722
1.4043	0.4090
1.1326	0.3822
1.8709	0.4860
1.4086	0.4267
1.8695	0.4958
1.4137	0.4475
1.8730	0.5047
1.4202	0.4690
1.8730	0.5105
1.4269	0.4847
1.8692	0.5165
1.4332	0.6030
1.8608	0.5115
1.4401	0.6250
1.8520	0.5045
1.4443	0.6530
1.8391	0.4933
1.4478	0.6855
1.8328	0.4803
1.4499	0.7215
1.7644	0.4725
1.4516	0.7515
1.7598	0.4605
1.4499	0.7653
1.7487	0.4525
1.4454	0.7643
1.7366	0.4423
1.4402	0.7575
1.7170	0.4345
1.4336	0.7595
1.6992	0.4210
1.4261	0.6700
1.6862	0.4115
1.4200	0.6793
1.6759	0.4040
1.4133	0.6845
1.6674	0.3970
1.4068	0.6790
1.6584	0.3918
1.4010	0.6468
1.6455	0.3870
1.3938	0.6198
1.6333	0.3823
1.3871	0.6010
1.6201	0.3828
1.3805	0.5650
1.6111	0.3837
1.3732	0.5490
1.6126	0.3818
1.3674	0.5342
1.6111	0.3860
1.3640	0.5170
1.6108	0.3935
1.3606	0.4992
1.6247	0.3975
1.3560	0.4785
1.6296	0.4047
1.3523	0.4675
1.6303	0.4117
1.3513	0.4757
1.6255	0.4172
1.3478	0.4812
1.5648	0.4645
1.6244	0.4273
1.3466	0.4845
1.5631	0.4500
1.6252	0.4320
1.3440	0.5207
1.5624	0.4333
1.6232	0.4370
1.3422	0.5435
1.5642	0.4132
1.6173	0.4483
1.3417	0.5523
1.5675	0.3955
1.6097	0.4590
1.3409	0.5365
1.5705	0.3625
1.6005	0.4678
1.3437	0.5240
1.5739	0.3213
1.5882	0.4825
1.3463	0.5102
1.5753	0.2832
1.5731	0.4892
1.3486	0.4988
1.5720	0.2515
1.5596	0.4950
1.3539	0.4843
1.5669	0.2247
1.5542	0.4990
1.3592	0.4723
1.5599	0.2045
1.5434	0.4980
1.3650	0.4580
1.5515	0.1822
1.5312	0.5028
1.3723	0.4357
1.5450	0.1670
1.5171	0.5080
1.3773	0.4133
1.5389	0.1603
1.5041	0.5062
1.3830	0.4042
1.5320	0.1642
1.4909	0.5023
1.3902	0.4210
1.5310	0.1800
1.4804	0.4960
1.3963	0.4328
1.5273	0.2008
1.4698	0.4853
1.4042	0.4453
1.5258	0.2278
1.4600	0.4835
1.4124	0.4600
1.5267	0.2580
1.4493	0.4848
1.4172	0.4797
1.5280	0.2923
1.4394	0.4828
1.4234	0.4992
1.5326	0.3248
1.4317	0.4847
1.4252	0.5168
1.5393	0.3650
1.4245	0.4835
1.4241	0.5373
1.5437	0.4028
1.4172	0.4790
1.4265	0.5537
1.5432	0.4373
1.4100	0.4793
1.4284	0.5653
1.5336	0.4635
1.4042	0.4807
1.5232	0.4792
1.4008	0.4855
1.5130	0.4910
1.3990	0.4915
1.5056	0.5027
1.3983	0.4997
1.5004	0.5147
1.3974	0.4975
1.4972	0.5228
1.3965	0.4983
1.4942	0.5302
1.3933	0.4945
1.4920	0.5300
1.3896	0.4845
1.4869	0.5260
1.3860	0.4820
1.4836	0.5242
1.3832	0.4810
1.4791	0.5268
1.3838	0.4765
1.4742	0.5340
1.3873	0.4783
1.4706	0.5425
1.3916	0.4775
1.4633	0.5428
1.3959	0.4745
1.4562	0.5438
1.4005	0.4765
1.4501	0.5447
1.4056	0.4757
1.4409	0.5465
1.4108	0.4818
1.3242	0.3705
1.4335	0.5567
1.4158	0.4917
1.3286	0.3972
1.4255	0.5725
1.4188	0.4978
1.3301	0.4208
1.4209	0.5930
1.4226	0.4997
1.3305	0.4462
1.4200	0.6117
1.4270	0.5090
1.3286	0.4715
1.4194	0.6225
1.4324	0.5078
1.3243	0.4962
1.4200	0.6270
1.4413	0.5090
1.3172	0.5190
1.4215	0.6317
1.4518	0.5075
1.3058	0.5355
1.4235	0.6315
1.4640	0.5068
1.2943	0.5430
1.4242	0.6243
1.4775	0.5080
1.2862	0.5450
1.4260	0.6133
1.4884	0.5117
1.2798	0.5408
1.4283	0.5910
1.4971	0.5178
1.2758	0.5310
1.4302	0.5650
1.5038	0.5190
1.2719	0.5175
1.4326	0.5310
1.5080	0.5325
1.2694	0.4965
1.4342	0.4992
1.2674	0.4753
1.4330	0.4748
1.2651	0.4523
1.4293	0.4603
1.2625	0.4265
1.4263	0.4500
1.2602	0.4060
1.4174	0.4442
1.2573	0.3885
1.4094	0.4455
1.2568	0.3755
1.3972	0.4508
1.2553	0.3698
1.3854	0.4593
1.2544	0.3710
1.3744	0.4712
1.2553	0.3832
1.3635	0.4868
1.2567	0.4035
1.3527	0.5028
1.2584	0.4275
1.3444	0.5207
1.2624	0.4570
1.3374	0.5357
1.2678	0.4878
1.3329	0.5493
1.2740	0.5165
1.3298	0.5583
1.2766	0.5437
1.3284	0.5615
1.2780	0.5647
1.3278	0.5610
1.2802	0.5830
1.3304	0.5583
1.2811	0.5923
1.3321	0.5510
1.2811	0.5910
1.3335	0.5427
1.2823	0.5847
1.3356	0.5327
1.2839	0.5695
1.3337	0.5192
1.2858	0.5505
1.3324	0.5042
1.2863	0.5297
1.3298	0.4880
1.2853	0.5070
1.3273	0.4725
1.2840	0.4825
1.3235	0.4602
1.2834	0.4603
1.3187	0.4523
1.2842	0.4360
1.3116	0.4455
1.3679	0.4458
1.2854	0.4167
1.3034	0.4445
1.3720	0.4417
1.2875	0.4010
1.2940	0.4438
1.3761	0.4390
1.2887	0.3895
1.2857	0.4440
1.3819	0.4370
1.2878	0.3855
1.2760	0.4460
1.3900	0.4290
1.2870	0.3830
1.2681	0.4470
1.3966	0.4248
1.2867	0.3865
1.2598	0.4495
1.4062	0.4232
1.2846	0.3897
1.4164	0.4225
1.2824	0.4032
1.4260	0.4292
1.2804	0.4225
1.4356	0.4373
1.2783	0.4450
1.4424	0.4347
1.2773	0.4658
1.4520	0.4360
1.2792	0.4867
1.4558	0.4375
1.2799	0.5060
1.4568	0.4372
1.2824	0.5207
1.4537	0.4367
1.2850	0.5330
1.4499	0.4368
1.2863	0.5393
1.4432	0.4320
1.2866	0.5435
1.4385	0.4312
1.2865	0.5390
1.4323	0.4285
1.2857	0.5303
1.4270	0.4215
1.2842	0.5188
1.4209	0.4165
1.2827	0.5110
1.4148	0.4090
1.2803	0.5042
1.4072	0.4010
1.2785	0.5020
1.3984	0.3953
1.2769	0.5040
1.3884	0.3915
1.2733	0.5065
1.3772	0.3852
1.2684	0.5163
1.5967	0.2740
1.3647	0.3805
1.2626	0.5277
1.6045	0.2733
1.3552	0.3745
1.2565	0.5420
1.6091	0.2762
1.3474	0.3740
1.2507	0.5580
1.6142	0.2910
1.3412	0.3785
1.2446	0.5748
1.6181	0.3028
1.3313	0.3835
1.2391	0.5883
1.6204	0.3223
1.3200	0.3915
1.2337	0.6005
1.6226	0.3327
1.3082	0.3997
1.2285	0.6115
1.6202	0.3365
1.2963	0.4047
1.2255	0.6202
1.6196	0.3390
1.2870	0.4115
1.2241	0.6305
1.6150	0.3498
1.2768	0.4197
1.2216	0.6335
1.6124	0.3667
1.2684	0.4210
1.2185	0.6380
1.6080	0.3778
1.2600	0.4300
1.2162	0.6327
1.6018	0.3850
1.2517	0.4345
1.2127	0.6220
1.5949	0.3840
1.2439	0.4418
1.2102	0.6098
1.5853	0.3910
1.2378	0.4550
1.5803	0.3923
1.2318	0.4695
1.5710	0.3985
1.2264	0.4867
1.5615	0.4088
1.2212	0.5080
1.5511	0.4190
1.2163	0.5235
1.5375	0.4260
1.2122	0.5363
1.5240	0.4325
1.2077	0.5535
1.5074	0.4437
1.2041	0.5638
1.4883	0.4583
1.2017	0.5720
1.4716	0.4763
1.2003	0.5750
1.4556	0.4963
1.1994	0.5680
1.4399	0.5145
1.1988	0.5665
1.4253	0.5275
1.1977	0.5605
1.4103	0.5330
1.1957	0.5565
1.3969	0.5367
1.1936	0.5575
1.3868	0.5372
1.1922	0.5575
1.3758	0.5358
1.1901	0.5630
1.3648	0.5363
1.1886	0.5672
1.3549	0.5372
1.1859	0.5717
1.3444	0.5347
1.1840	0.5790
1.3361	0.5307
1.1806	0.5830
1.3280	0.5377
1.1760	0.5872
1.3209	0.5472
1.1721	0.5945
1.3142	0.5635
1.1684	0.5907
1.3092	0.5775
1.1652	0.5950
1.3060	0.5957
1.1629	0.5968
1.3013	0.6188
1.1641	0.5902
1.2969	0.6372
1.1657	0.5905
1.2953	0.6530
1.1671	0.5880
1.2898	0.6685
1.1673	0.5873
1.2873	0.6765
1.1680	0.5930
1.2832	0.6720
1.1684	0.5978
1.2781	0.6605
1.1666	0.5925
1.2732	0.6495
1.1635	0.5988
1.2669	0.6407
1.2598	0.6335
1.2511	0.6205
1.2444	0.6138
1.2370	0.6070
1.2296	0.5990
1.2230	0.5897
1.2176	0.5847
1.2118	0.5857
1.2055	0.5830
1.1967	0.5833
1.1827	0.5850
1.1721	0.2517
1.1668	0.5867
1.1706	0.2520
1.1519	0.5840
1.1696	0.2595
1.1395	0.5802
1.1700	0.2780
1.1305	0.5770
1.1691	0.3168
1.1233	0.5780
1.1685	0.3718
1.1201	0.5797
1.1683	0.4360
1.1175	0.5797
1.1677	0.4997
1.1162	0.5820
1.1670	0.5543
1.1171	0.5852
1.1644	0.6048
1.1174	0.5903
1.1614	0.6443
1.1202	0.5955
1.1581	0.6848
1.1249	0.6007
1.1545	0.7255
1.1315	0.6067
1.1486	0.7602
1.1388	0.6167
1.1416	0.8020
1.1463	0.6262
1.1357	0.8365
1.1530	0.6370
1.1299	0.8630
1.1623	0.6430
1.1254	0.8885
1.1731	0.6473
1.1211	0.9065
1.1825	0.6420
1.1169	0.9135
1.1945	0.6300
1.1133	0.9123
1.2069	0.6135
1.1090	0.9048
1.2185	0.6000
1.1060	0.8865
1.2283	0.5848
1.1041	0.8677
1.2372	0.5690
1.1034	0.8328
1.2444	0.5555
1.1047	0.7947
1.2495	0.5413
1.1058	0.7553
1.1085	0.7103
1.1109	0.6703
1.1129	0.6362
1.1133	0.6070
1.1137	0.5812
1.1138	0.5570
1.1139	0.5353
1.1154	0.5188
1.1159	0.5033
1.1173	0.4970
1.1178	0.4925
1.1189	0.4900
1.1202	0.4913
1.1204	0.4970
1.1204	0.5020
1.1183	0.5122
1.1178	0.5295
1.1174	0.5493
1.1163	0.5798
1.1162	0.6060
1.1154	0.6317
1.1157	0.6653
1.1162	0.6985
0.9666	0.6820
1.1178	0.7208
0.9607	0.6748
1.1189	0.7355
0.9551	0.6615
1.1221	0.7425
0.9481	0.6440
1.1230	0.7355
0.9405	0.6185
1.1237	0.7247
0.9356	0.5822
1.1229	0.7050
0.9314	0.5560
1.1222	0.6807
0.9284	0.5290
1.1199	0.6575
0.9276	0.5147
1.1186	0.6227
0.9270	0.5075
1.1175	0.5832
0.9261	0.5100
1.1138	0.5530
0.9267	0.5162
1.1130	0.5237
0.9270	0.5300
0.9280	0.5507
0.9302	0.5740
0.9323	0.6015
0.9358	0.6258
0.9393	0.6480
0.9418	0.6612
0.9446	0.6715
0.9469	0.6727
0.9485	0.6705
0.9502	0.6580
0.9517	0.6400
0.9529	0.6168
0.9536	0.5943
0.9544	0.5722
0.9550	0.5470
1.1429	0.6440
0.9562	0.5288
1.1436	0.6670
0.9569	0.5128
1.1446	0.6863
0.9576	0.5018
1.1445	0.7057
0.9585	0.4958
1.1440	0.7208
0.9593	0.5000
1.1431	0.7278
0.9596	0.5095
1.1426	0.7280
0.9600	0.5305
1.1432	0.7225
0.9603	0.5552
1.1440	0.7135
0.9602	0.5815
1.1440	0.6970
0.9608	0.6130
1.1442	0.6742
0.9607	0.6360
1.1432	0.6477
0.9604	0.6535
1.1432	0.6202
0.9606	0.6673
1.1432	0.5915
0.9602	0.6730
1.1424	0.5697
0.9591	0.6732
1.1421	0.5510
0.9579	0.6630
1.1424	0.5367
1.1429	0.5287
1.1434	0.5260
1.1442	0.5290
1.1463	0.5375
1.1478	0.5488
1.1506	0.5633
1.1537	0.5805
1.1577	0.5930
1.1604	0.6060
1.1633	0.6157
1.1651	0.6183
1.1676	0.6175
1.1691	0.6138
1.4555	0.6460
1.1692	0.6100
1.4498	0.6348
1.1704	0.6000
1.4450	0.6278
1.1704	0.5902
1.4419	0.6148
1.1689	0.5762
1.4394	0.5977
1.1658	0.5643
1.4360	0.5822
1.1612	0.5565
1.4341	0.5645
1.1554	0.5518
1.4306	0.5520
1.1500	0.5528
1.4263	0.5403
1.1437	0.5580
1.4224	0.5310
1.1370	0.5660
1.4177	0.5255
1.1322	0.5757
1.4124	0.5283
1.1286	0.5910
1.4072	0.5327
1.1261	0.6043
1.4016	0.5407
1.1264	0.6190
1.3966	0.5515
1.1274	0.6317
1.3917	0.5607
1.1296	0.6455
1.3880	0.5697
1.1324	0.6567
1.3848	0.5705
1.1356	0.6610
1.3819	0.5722
1.1402	0.6598
1.3791	0.5698
1.1427	0.6593
1.3748	0.5653
1.1451	0.6505
1.3722	0.5590
1.1471	0.6380
1.3711	0.5488
1.1471	0.6242
1.3719	0.5375
1.1453	0.6065
1.3720	0.5265
1.1417	0.5898
1.3752	0.5215
1.1384	0.5710
1.3787	0.5140
1.1346	0.5570
1.3835	0.5205
1.1295	0.5502
1.3882	0.5270
1.1254	0.5490
1.3915	0.5362
1.3923	0.5532
1.3921	0.5702
1.3907	0.5913
1.3877	0.6133
1.3841	0.6330
1.3786	0.6420
1.3716	0.6543
1.2839	0.4975
1.3643	0.6578
1.2807	0.5012
1.3577	0.6580
1.2778	0.5112
1.3510	0.6535
1.2778	0.5238
1.3439	0.6407
1.2757	0.5417
1.3363	0.6295
1.2755	0.5595
1.3294	0.6140
1.2782	0.5740
1.3239	0.5987
1.2849	0.5870
1.3211	0.5860
1.2892	0.6008
1.3199	0.5810
1.2932	0.6170
1.3204	0.5735
1.2982	0.6327
1.3232	0.5705
1.3033	0.6450
1.3265	0.5720
1.3086	0.6500
1.3315	0.5765
1.3121	0.6535
1.3371	0.5860
1.3180	0.6558
1.3435	0.5952
1.3202	0.6557
1.3496	0.6040
1.3216	0.6587
1.3546	0.6100
1.3209	0.6598
1.3589	0.6105
1.3184	0.6622
1.3631	0.6088
1.3147	0.6648
1.3677	0.6045
1.3114	0.6640
1.3712	0.5935
1.3083	0.6662
1.3756	0.5830
1.3062	0.6705
1.3804	0.5703
1.3073	0.6767
1.3861	0.5558
1.3095	0.6845
1.3930	0.5388
1.3130	0.6885
1.3986	0.5240
1.3185	0.6945
1.4046	0.5133
1.3255	0.7035
1.4094	0.5110
1.3314	0.7080
1.4158	0.5095
1.3361	0.7065
1.4240	0.5150
1.3398	0.6967
1.4311	0.5255
1.3406	0.6762
1.4412	0.5370
1.3419	0.6502
1.4537	0.5537
1.2191	0.5240
1.3408	0.6180
1.4677	0.5672
1.2219	0.5153
1.3370	0.5840
1.4810	0.5878
1.2273	0.5085
1.3328	0.5555
1.4904	0.6027
1.2334	0.5050
1.3267	0.5258
1.4957	0.6135
1.2388	0.5023
1.3221	0.4915
1.4978	0.6168
1.2465	0.5037
1.3162	0.4600
1.4973	0.6155
1.2521	0.5033
1.3107	0.4348
1.4964	0.6130
1.2563	0.5065
1.3068	0.4225
1.4943	0.6033
1.2591	0.5195
1.3027	0.4200
1.4921	0.5880
1.2614	0.5272
1.3019	0.4237
1.2635	0.5397
1.3017	0.4330
1.2646	0.5425
1.2989	0.4450
1.2672	0.5508
1.2993	0.4553
1.2693	0.5622
1.3030	0.4620
1.2711	0.5660
1.3076	0.4692
1.2727	0.5740
1.3128	0.4770
1.2712	0.5832
1.3175	0.4855
1.2705	0.5915
1.3228	0.4967
1.2702	0.5902
1.3290	0.5008
1.2698	0.5888
1.3348	0.5005
1.2695	0.5862
1.3408	0.4957
1.2671	0.5893
1.3447	0.4865
1.2625	0.5850
1.3497	0.4765
1.2610	0.5830
1.3549	0.4675
1.2609	0.5867
1.3582	0.4678
1.2622	0.5893
1.3620	0.4587
1.2621	0.5995
1.3657	0.4522
1.2627	0.6120
1.3678	0.4375
1.2640	0.6243
1.3713	0.4375
1.2651	0.6330
1.3775	0.4362
1.2688	0.6415
1.3840	0.4410
1.2719	0.6402
1.3934	0.4437
1.2778	0.6380
1.4052	0.4517
1.2822	0.6295
1.4170	0.4573
1.2882	0.6140
1.4282	0.4578
1.2957	0.5950
1.4380	0.4683
1.3051	0.5705
1.4448	0.4668
1.3132	0.5422
1.4503	0.4768
1.3231	0.5187
1.4538	0.4748
1.1683	0.6615
1.3310	0.4952
1.4543	0.4818
1.1753	0.6430
1.3349	0.4790
1.4536	0.4863
1.1838	0.6222
1.3425	0.4665
1.4518	0.4968
1.1902	0.5947
1.3460	0.4590
1.1947	0.5738
1.3496	0.4555
1.1998	0.5583
1.3508	0.4530
1.2020	0.5472
1.3505	0.4585
1.2059	0.5397
1.3493	0.4617
1.2070	0.5360
1.3466	0.4688
1.2082	0.5338
1.3452	0.4690
1.2094	0.5357
1.3456	0.4782
1.2081	0.5435
1.3431	0.4792
1.2094	0.5498
1.3429	0.4840
1.2096	0.5658
1.3431	0.4857
1.2090	0.5688
1.3422	0.4900
1.2086	0.5725
1.3417	0.4942
1.2095	0.5757
1.3396	0.4913
1.2091	0.5708
1.3378	0.4910
1.2107	0.5710
1.3352	0.4843
1.2112	0.5617
1.3311	0.4855
1.2119	0.5503
1.3262	0.4825
1.2149	0.5362
1.3196	0.4750
1.2188	0.5200
1.3111	0.4718
1.2218	0.5042
1.3064	0.4707
1.2224	0.4890
1.2976	0.4690
1.2233	0.4753
1.2890	0.4635
1.2278	0.4685
1.2790	0.4660
1.2308	0.4672
1.2690	0.4758
1.2321	0.4570
1.2603	0.4850
1.2337	0.4610
1.2532	0.4943
1.2354	0.4677
1.2446	0.5112
1.2362	0.4758
1.2367	0.4852
1.2370	0.4938
1.2375	0.5050
1.2334	0.5088
1.2312	0.5110
1.2264	0.5028
1.2244	0.5020
1.1899	0.5465
1.2232	0.5010
1.1903	0.5360
1.2228	0.4955
1.1899	0.5220
1.2224	0.4905
1.1920	0.5057
1.2205	0.4838
1.1960	0.4883
1.2199	0.4722
1.1952	0.4652
1.2173	0.4640
1.1960	0.4415
1.2147	0.4627
1.1965	0.4240
1.2114	0.4660
1.1992	0.4112
1.2067	0.4865
1.2034	0.3955
1.2041	0.4990
1.2074	0.3830
1.1983	0.5210
1.2100	0.3800
1.1902	0.5443
1.2104	0.3818
1.1827	0.5685
1.2090	0.3853
1.1743	0.6007
1.2068	0.3940
1.1665	0.6377
1.2046	0.4095
1.1577	0.6780
1.2019	0.4285
1.1469	0.7062
1.1983	0.4475
1.1369	0.7277
1.1930	0.4668
1.1284	0.7355
1.1879	0.4880
1.1185	0.7438
1.1810	0.5117
1.1126	0.7385
1.1765	0.5333
1.1053	0.7320
1.1752	0.5550
1.1009	0.7178
1.1725	0.5740
1.0961	0.7012
1.1736	0.5868
1.1723	0.5950
1.1706	0.6048
1.1701	0.6118
1.1677	0.6138
1.1650	0.6155
1.1618	0.6190
1.1568	0.6223
1.1528	0.6222
1.1471	0.6245
1.1429	0.6245
1.1368	0.6322
1.1313	0.6348
1.1255	0.6398
1.1215	0.6490
1.1165	0.6610
1.1730	0.4790
1.1128	0.6740
1.1660	0.4733
1.1101	0.6842
1.1613	0.4727
1.1075	0.6955
1.1560	0.4735
1.1048	0.7028
1.1503	0.4760
1.1027	0.7145
1.1429	0.4740
1.0996	0.7177
1.1359	0.4690
1.0955	0.7220
1.1288	0.4708
1.0928	0.7245
1.1217	0.4665
1.0882	0.7303
1.1159	0.4710
1.0833	0.7333
1.1108	0.4772
1.0761	0.7357
1.1044	0.4885
1.0691	0.7390
1.0993	0.4955
1.0609	0.7410
1.0937	0.5055
1.0527	0.7488
1.0875	0.5157
1.0447	0.7550
1.0790	0.5315
1.0354	0.7690
1.0721	0.5470
1.0269	0.7850
1.0660	0.5597
1.0594	0.5803
1.0535	0.5920
1.0454	0.6028
1.0397	0.6122
1.0338	0.6188
1.0266	0.6163
1.0191	0.6150
1.0150	0.6105
1.0091	0.6035
1.0025	0.5970
0.9955	0.5902
0.9896	0.5820
0.9844	0.5833
0.9791	0.5823
0.9744	0.5877
0.9710	0.5980
0.9667	0.6073
0.9624	0.6235
0.9620	0.6422
1.1852	0.5885
0.9591	0.6643
1.1819	0.6000
0.9571	0.6810
1.1756	0.6105
0.9551	0.7015
1.1690	0.6188
0.9515	0.7120
1.1598	0.6230
0.9512	0.7182
1.1491	0.6215
0.9499	0.7140
1.1393	0.6175
0.9495	0.7135
1.1298	0.6105
0.9497	0.7067
1.1215	0.6107
0.9496	0.6907
1.1137	0.6045
0.9521	0.6763
1.1069	0.6037
0.9528	0.6478
1.0995	0.6015
0.9541	0.6267
1.0921	0.6050
1.0861	0.6063
1.0802	0.6035
1.0765	0.6130
1.0717	0.6270
1.0676	0.6365
1.0618	0.6443
1.0565	0.6445
1.0500	0.6408
1.0457	0.6395
1.0406	0.6325
1.0384	0.6277
1.0340	0.6120
1.0340	0.6038
1.0325	0.5867
1.0332	0.5835
1.0340	0.5768
1.0341	0.5745
1.0358	0.5842
1.0389	0.5855
1.0418	0.5872
1.0461	0.6000
1.0503	0.6148
1.0564	0.6215
1.0612	0.6298
1.0650	0.6302
1.0705	0.6325
1.0763	0.6330
1.0782	0.6248
1.0796	0.6312
1.0760	0.6480
1.0733	0.6473
1.0698	0.6435
1.0664	0.6450
1.0628	0.6428
1.0599	0.6378
1.0597	0.6375
1.0597	0.6407
1.0616	0.6400
1.0625	0.6355
1.0650	0.6215
1.0685	0.6173
1.0732	0.6175
1.0779	0.6117
0.9362	0.7382
1.0839	0.6135
0.9351	0.7298
0.9347	0.7120
0.9340	0.6888
0.9338	0.6672
0.9339	0.6462
0.9342	0.6360
0.9351	0.6338
0.9364	0.6420
0.9378	0.6490
0.9389	0.6570
0.9400	0.6745
0.9404	0.6962
0.9418	0.7120
0.9411	0.7208
0.9415	0.7162
0.9422	0.7025
0.9426	0.6882
0.9427	0.6593
0.9445	0.6325
0.9450	0.6037
0.9461	0.5690
0.9461	0.5425
0.9486	0.5212
0.9508	0.5117
0.9520	0.5170
0.9538	0.5230
0.9535	0.5343
0.9585	0.5555
0.9899	0.7480
0.9605	0.5745
0.9943	0.7345
0.9626	0.6000
0.9999	0.7172
0.9652	0.6263
1.0043	0.7042
0.9687	0.6375
1.0078	0.6910
0.9703	0.6555
1.0103	0.6822
0.9713	0.6668
1.0110	0.6753
0.9713	0.6612
1.0100	0.6653
0.9721	0.6645
1.0105	0.6565
0.9727	0.6558
1.0101	0.6487
0.9740	0.6400
1.0109	0.6425
1.0124	0.6343
1.0140	0.6265
1.0161	0.6210
1.0186	0.6168
1.0222	0.6118
1.0272	0.6048
1.0323	0.6015
1.0376	0.5948
1.0435	0.5907
1.0486	0.5895
1.0526	0.5925
1.0573	0.5965
1.0606	0.5965
1.0634	0.5960
1.0671	0.5935
1.0715	0.5937
1.0769	0.5933
1.0821	0.5943
1.0882	0.5928
1.0942	0.5873
1.2564	0.7465
1.0999	0.5805
1.2547	0.7555
1.1074	0.5700
1.2538	0.7635
1.1134	0.5605
1.2530	0.7685
1.1193	0.5490
1.2521	0.7687
1.1244	0.5377
1.2527	0.7602
1.1291	0.5273
1.2544	0.7452
1.1334	0.5180
1.2558	0.7303
1.1340	0.5100
1.2564	0.7138
1.1335	0.5042
1.2586	0.6965
1.1299	0.5015
1.2600	0.6760
1.1237	0.5035
1.2618	0.6510
1.1174	0.5118
1.2634	0.6270
1.1086	0.5192
1.2673	0.6055
1.0984	0.5310
1.2699	0.5920
1.2720	0.5860
1.2743	0.5728
1.2764	0.5670
1.2788	0.5627
1.2807	0.5515
1.2816	0.5500
1.2826	0.5510
1.2833	0.5570
1.2839	0.5615
1.2844	0.5635
1.2851	0.5667
1.2858	0.5802
1.2873	0.5805
1.2882	0.5810
1.2872	0.5835
1.2868	0.5777
1.2865	0.5693
1.2854	0.5622
1.2819	0.5540
1.2789	0.5393
1.1224	0.6032
1.2733	0.5242
1.1305	0.5927
1.2678	0.4985
1.1360	0.5875
1.2617	0.4840
1.1402	0.5845
1.2555	0.4707
1.1440	0.5847
1.2490	0.4610
1.1459	0.5903
1.2422	0.4520
1.1490	0.5945
1.2363	0.4490
1.1499	0.5965
1.2324	0.4415
1.1512	0.6045
1.2283	0.4408
1.1516	0.6113
1.2256	0.4438
1.1517	0.6160
1.2226	0.4537
1.1541	0.6160
1.2198	0.4673
1.1559	0.6095
1.2160	0.4835
1.1580	0.6010
1.2132	0.5020
1.1615	0.5852
1.2092	0.5205
1.1640	0.5722
1.2041	0.5502
1.1680	0.5563
1.1967	0.5823
1.1699	0.5435
1.1878	0.6225
1.1719	0.5230
1.1769	0.6573
1.1743	0.5085
1.1650	0.6927
1.1745	0.4962
1.1537	0.7173
1.1738	0.4835
1.1422	0.7393
1.1688	0.4755
1.1633	0.4745
1.1577	0.4765
1.1523	0.4755
1.1488	0.4815
1.3674	0.5273
1.1434	0.4855
1.3689	0.5090
1.1391	0.4962
1.3716	0.4965
1.1343	0.5045
1.3740	0.4878
1.1272	0.5063
1.3747	0.4827
1.1201	0.5130
1.3739	0.4842
1.1121	0.5205
1.3714	0.4945
1.1059	0.5255
1.3655	0.5075
1.1007	0.5297
1.3635	0.5233
1.0968	0.5343
1.3605	0.5443
1.0958	0.5318
1.3559	0.5635
1.0949	0.5343
1.3516	0.5780
1.0940	0.5338
1.3463	0.5865
1.0934	0.5320
1.3459	0.5905
1.0921	0.5422
1.3463	0.5863
1.0938	0.5495
1.3469	0.5817
1.0947	0.5572
1.3480	0.5695
1.0958	0.5655
1.3486	0.5605
1.0949	0.5783
1.3458	0.5560
1.0951	0.5917
1.3431	0.5478
1.0943	0.6197
1.3382	0.5418
1.0931	0.6448
1.3346	0.5410
1.0912	0.6712
1.3301	0.5440
1.0891	0.6950
1.3272	0.5543
1.0874	0.7107
1.3187	0.5695
1.0850	0.7270
1.3100	0.5860
1.0825	0.7348
1.3025	0.6052
1.0808	0.7415
1.2953	0.6263
1.0791	0.7480
1.2888	0.6467
1.0767	0.7522
1.5569	0.5932
1.2828	0.6712
1.5518	0.5977
1.2802	0.6890
1.5515	0.5935
1.2780	0.6993
1.5427	0.5913
1.2744	0.7090
1.5420	0.5930
1.2715	0.7140
1.5373	0.5930
1.2685	0.7190
1.5326	0.5880
1.2637	0.7240
1.5305	0.5795
1.2578	0.7255
1.5332	0.5720
1.2520	0.7230
1.5282	0.5658
1.2495	0.7198
1.5287	0.5650
1.2449	0.7095
1.5252	0.5682
1.2414	0.7070
1.5210	0.5737
1.2368	0.7070
1.5113	0.5780
1.2330	0.7062
1.5012	0.5810
1.2299	0.7072
1.4939	0.5855
1.2285	0.7030
1.4824	0.5927
1.2280	0.6933
1.4735	0.6040
1.2275	0.6853
1.4596	0.6100
1.2280	0.6783
1.4479	0.6172
1.2297	0.6675
1.4412	0.6193
1.2325	0.6522
1.4315	0.6255
1.2372	0.6302
1.4256	0.6320
1.2421	0.6143
1.4196	0.6395
1.2456	0.5993
1.4178	0.6448
1.2495	0.5863
1.4163	0.6525
1.2528	0.5750
1.4175	0.6600
1.2579	0.5695
1.4176	0.6645
1.2620	0.5645
1.4170	0.6760
1.2666	0.5600
1.4160	0.6810
1.2698	0.5640
1.4172	0.6862
1.2713	0.5785
1.4160	0.6845
1.2733	0.5983
1.4162	0.6855
1.2736	0.6135
1.4134	0.6870
1.2719	0.6288
1.4104	0.6868
1.2701	0.6457
1.4049	0.6830
1.2676	0.6668
1.3978	0.6773
1.2631	0.6883
1.3943	0.6725
1.2596	0.7103
1.3891	0.6680
1.3828	0.6682
1.3740	0.6707
1.2257	0.6137
1.3671	0.6753
1.2271	0.6242
1.3597	0.6792
1.2289	0.6445
1.3551	0.6807
1.2301	0.6642
1.3510	0.6852
1.2315	0.6857
1.3501	0.6890
1.2316	0.6932
1.3459	0.6920
1.2305	0.6995
1.3441	0.6945
1.2283	0.6975
1.3452	0.6915
1.2240	0.6945
1.3487	0.6920
1.2197	0.6807
1.3540	0.6888
1.2154	0.6710
1.3561	0.6832
1.2120	0.6555
1.3580	0.6743
1.2106	0.6367
1.3590	0.6685
1.2074	0.6148
1.3577	0.6593
1.2042	0.6018
1.3571	0.6525
1.2016	0.5930
1.3568	0.6507
1.1988	0.5950
1.3578	0.6490
1.1961	0.6032
1.3592	0.6517
1.1943	0.6135
1.3626	0.6533
1.1923	0.6313
1.3695	0.6565
1.1894	0.6465
1.3749	0.6638
1.1873	0.6645
1.3826	0.6695
1.1849	0.6807
1.3928	0.6712
1.1827	0.6938
1.4040	0.6743
1.1804	0.6972
1.4179	0.6745
1.1777	0.7022
1.4324	0.6658
1.1763	0.6995
1.4473	0.6595
1.1747	0.6925
1.4617	0.6538
1.1726	0.6875
1.4741	0.6442
1.1692	0.6703
1.4860	0.6288
1.1661	0.6557
1.4971	0.6150
1.1598	0.6415
1.5073	0.6035
1.1509	0.6223
1.5163	0.5953
1.1094	0.2877
1.1400	0.6085
1.5232	0.5882
1.1088	0.2802
1.1292	0.6025
1.1089	0.2852
1.1181	0.5948
1.1088	0.3143
1.1086	0.5950
1.1102	0.3615
1.1014	0.5977
1.1130	0.4183
1.0954	0.6030
1.1143	0.4805
1.0913	0.6170
1.1159	0.5397
1.0881	0.6343
1.1193	0.5917
1.0883	0.6450
1.1216	0.6353
1.0903	0.6565
1.1211	0.6730
1.0930	0.6647
1.1220	0.6972
1.0954	0.6640
1.1234	0.7138
1.0964	0.6700
1.1244	0.7127
1.0986	0.6570
1.1232	0.7020
1.0997	0.6488
1.1242	0.6890
1.1017	0.6383
1.1242	0.6750
1.1028	0.6268
1.1225	0.6612
1.1053	0.6145
1.1228	0.6473
1.1067	0.6128
1.1220	0.6345
1.1064	0.6180
1.1213	0.6252
1.1063	0.6305
1.1221	0.6193
1.1047	0.6442
1.1199	0.6160
1.1034	0.6535
1.1162	0.6180
1.1019	0.6807
1.1108	0.6215
1.1006	0.7000
1.1036	0.6295
1.0975	0.6402
1.0907	0.6563
1.0836	0.6780
1.0772	0.6963
1.0695	0.7122
1.0643	0.7275
1.0593	0.7387
1.0571	0.7505
1.0562	0.7612
1.0571	0.7647
1.0587	0.7665
1.0617	0.7605
1.1743	0.6880
1.0647	0.7483
1.1675	0.6977
1.0696	0.7350
1.1617	0.7092
1.0732	0.7227
1.1582	0.7190
1.0765	0.7098
1.1559	0.7190
1.0820	0.7023
1.1547	0.7212
1.0862	0.6945
1.1551	0.7125
1.0909	0.6840
1.1552	0.7007
1.0967	0.6832
1.1551	0.6903
1.1028	0.6840
1.1557	0.6740
1.1067	0.6857
1.1555	0.6543
1.1117	0.6885
1.1553	0.6367
1.1144	0.6905
1.1545	0.6168
1.1171	0.6895
1.1533	0.6007
1.1198	0.6895
1.1523	0.5892
1.1230	0.6865
1.1515	0.5795
1.1252	0.6815
1.1529	0.5752
1.1284	0.6760
1.1538	0.5760
1.1539	0.5755
1.1528	0.5767
1.1529	0.5755
1.1534	0.5760
1.1549	0.5742
1.1562	0.5757
1.1573	0.5760
1.1565	0.5755
1.1549	0.5735
1.2539	0.6457
1.1509	0.5685
1.2487	0.6590
1.1464	0.5650
1.2446	0.6750
1.1419	0.5640
1.2408	0.6885
1.1360	0.5715
1.2382	0.6945
1.1301	0.5742
1.2355	0.7055
1.1271	0.5847
1.2351	0.7153
1.1244	0.5915
1.2337	0.7158
1.1238	0.6012
1.2338	0.7110
1.1230	0.6095
1.2337	0.7070
1.1215	0.6193
1.2329	0.6868
1.1218	0.6240
1.2327	0.6665
1.1237	0.6302
1.2330	0.6412
1.1261	0.6305
1.2354	0.6222
1.1282	0.6277
1.2373	0.6090
1.1322	0.6230
1.2426	0.6000
1.1337	0.6108
1.2482	0.5900
1.1337	0.6005
1.2553	0.5885
1.1322	0.5878
1.2631	0.5907
1.1291	0.5798
1.2702	0.5830
1.1266	0.5733
1.2784	0.5777
1.1244	0.5758
1.2838	0.5752
1.1231	0.5765
1.2882	0.5750
1.1237	0.5852
1.2892	0.5765
1.1223	0.5973
1.2897	0.5813
1.1238	0.6122
1.2874	0.5785
1.1226	0.6325
1.2850	0.5760
1.2789	0.5715
1.2715	0.5690
1.2620	0.5757
1.2533	0.5857
1.2428	0.5950
1.2346	0.6058
1.2268	0.6162
1.2207	0.6280
1.2151	0.6372
1.2098	0.6380
1.2063	0.6338
1.2037	0.6342
1.2016	0.6302
1.1708	0.5562
1.2013	0.6245
1.1677	0.5652
1.1999	0.6188
1.1677	0.5685
1.1998	0.6065
1.1656	0.5758
1.1991	0.5923
1.1620	0.5785
1.1978	0.5747
1.1602	0.5793
1.1964	0.5623
1.1576	0.5777
1.1933	0.5552
1.1429	0.5708
1.1901	0.5497
1.1419	0.5685
1.1869	0.5435
1.1418	0.5655
1.1832	0.5368
1.1428	0.5608
1.1791	0.5373
1.1435	0.5590
1.1775	0.5408
1.1463	0.5597
1.1744	0.5595
1.1447	0.5575
1.1719	0.5800
1.1458	0.5605
1.1673	0.6080
1.1465	0.5622
1.1669	0.6330
1.1433	0.5645
1.1648	0.6570
1.1377	0.5652
1.1612	0.6760
1.1312	0.5635
1.1576	0.6867
1.1231	0.5623
1.1531	0.6942
1.1154	0.5600
1.1088	0.5590
1.1055	0.5580
1.1027	0.5535
1.1018	0.5472
1.1010	0.5410
1.1028	0.5355
1.1040	0.5315
1.1036	0.5257
1.1056	0.5210
1.1056	0.5200
1.1097	0.5210
1.1118	0.5228
1.1101	0.5328
1.1107	0.5483
1.1104	0.5637
1.1077	0.5827
1.1027	0.6015
1.0988	0.6207
1.0908	0.6407
1.0860	0.6570
1.0774	0.4235
1.0787	0.6735
1.0741	0.4150
1.0743	0.6867
1.0710	0.4070
1.0701	0.6947
1.0688	0.4212
1.0656	0.6962
1.0670	0.4210
1.0660	0.6945
1.0648	0.4290
1.0643	0.6887
1.0642	0.4352
1.0635	0.6795
1.0641	0.4450
1.0635	0.6707
1.0651	0.4503
1.0659	0.6618
1.0671	0.4490
1.0659	0.6500
1.0695	0.4497
1.0664	0.6365
1.0722	0.4493
1.0647	0.6248
1.0738	0.4480
1.0635	0.6178
1.0745	0.4373
1.0602	0.6107
1.0747	0.4305
1.0539	0.6080
1.0738	0.4315
1.0493	0.6098
1.0720	0.4240
1.0435	0.6143
1.0695	0.4192
1.0350	0.6193
1.0674	0.4233
1.0652	0.4205
1.0623	0.4285
1.0599	0.4365
1.0570	0.4550
1.0540	0.4825
1.0509	0.5165
1.0474	0.5370
1.4841	0.4940
1.0442	0.5768
1.4805	0.4867
1.0407	0.6168
1.4744	0.4810
1.0373	0.6493
1.4669	0.4745
1.0345	0.6930
1.4600	0.4665
1.0322	0.7265
1.4496	0.4547
1.0298	0.7598
1.4362	0.4440
1.0280	0.7775
1.4234	0.4335
1.0271	0.7795
1.4094	0.4230
1.0263	0.7785
1.3966	0.4153
1.0255	0.7687
1.3845	0.4125
1.0249	0.7555
1.3750	0.4128
1.0246	0.7372
1.3673	0.4142
1.0244	0.7143
1.3597	0.4190
1.0243	0.6842
1.3555	0.4283
1.0243	0.6532
1.3512	0.4430
1.0238	0.6233
1.3454	0.4585
1.0231	0.6098
1.3427	0.4773
1.0227	0.5940
1.3405	0.4990
1.0213	0.5812
1.3393	0.5242
1.0201	0.5933
1.3389	0.5508
1.0187	0.5965
1.3362	0.5770
1.0172	0.6052
1.3368	0.5995
1.0155	0.6178
1.3369	0.6168
1.0144	0.6363
1.3322	0.6310
1.0137	0.6552
1.3278	0.6375
1.0138	0.6715
1.3197	0.6378
1.0139	0.6767
1.3124	0.6285
1.0146	0.6933
1.3031	0.6155
1.2930	0.5962
1.2838	0.5727
1.2741	0.5527
1.2636	0.5332
1.2583	0.5235
1.5326	0.4320
1.2540	0.5192
1.5333	0.4410
1.2516	0.5215
1.5299	0.4528
1.2505	0.5335
1.5265	0.4662
1.2508	0.5547
1.5191	0.4752
1.2521	0.5815
1.5083	0.4825
1.2544	0.6095
1.4973	0.4788
1.2575	0.6388
1.4845	0.4833
1.2598	0.6640
1.4709	0.4810
1.2614	0.6880
1.4556	0.4808
1.2614	0.6980
1.4418	0.4758
1.2616	0.7028
1.4271	0.4635
1.2594	0.7045
1.4114	0.4535
1.2590	0.6953
1.3966	0.4430
1.2583	0.6815
1.3848	0.4373
1.2593	0.6610
1.3737	0.4353
1.2602	0.6390
1.3635	0.4455
1.2576	0.6128
1.3551	0.4498
1.2562	0.5883
1.3471	0.4603
1.2546	0.5670
1.3406	0.4737
1.2542	0.5505
1.3354	0.4930
1.2516	0.5365
1.3324	0.5205
1.2511	0.5235
1.3293	0.5462
1.2503	0.5142
1.3265	0.5697
1.2495	0.5057
1.3249	0.5877
1.2516	0.4980
1.3232	0.6020
1.2560	0.4887
1.3223	0.6078
1.2626	0.4830
1.3235	0.6102
1.2694	0.4760
1.3256	0.6052
1.2756	0.4683
1.3283	0.5928
1.2816	0.4670
1.3324	0.5728
1.2886	0.4583
1.3372	0.5505
1.2937	0.4530
1.3419	0.5270
1.2950	0.4473
1.3468	0.5060
1.2942	0.4390
1.3500	0.4910
1.2902	0.4268
1.3552	0.4778
1.2830	0.4170
1.4255	0.5775
1.3601	0.4725
1.2780	0.4035
1.4210	0.5685
1.3670	0.4697
1.2715	0.3875
1.4187	0.5605
1.3761	0.4735
1.2613	0.3710
1.4122	0.5545
1.3852	0.4825
1.2556	0.3523
1.4043	0.5517
1.3932	0.4957
1.2482	0.3390
1.3992	0.5450
1.4024	0.5092
1.2453	0.3282
1.3908	0.5362
1.4104	0.5225
1.2422	0.3187
1.3843	0.5242
1.4192	0.5347
1.3768	0.5175
1.4280	0.5433
1.3717	0.5115
1.4381	0.5528
1.3655	0.5105
1.4453	0.5532
1.3580	0.2590
1.4534	0.2805
1.3521	0.2593
1.4601	0.2820
1.3479	0.2595
1.4658	0.2820
1.3443	0.2540
1.4693	0.2825
1.3417	0.2547
1.4723	0.2775
