#rho	velocity
0.9419	0.0995
0.9381	0.1095
0.9347	0.1198
0.9318	0.1303
0.9296	0.1420
0.9273	0.2538
0.9254	0.2787
0.9240	0.3018
0.9221	0.3268
0.9219	0.3490
0.9214	0.3653
0.9217	0.3803
0.9220	0.3900
0.9237	0.3987
0.9254	0.4028
0.9278	0.4032
0.9307	0.4000
0.9341	0.3965
0.9371	0.3887
0.9424	0.3855
0.9465	0.3897
0.9533	0.3978
0.9602	0.4105
0.9663	0.4285
0.9735	0.4520
1.0043	0.7293
0.9805	0.4782
1.0036	0.7262
0.9883	0.5090
1.0023	0.7210
0.9998	0.7135
0.9966	0.7015
0.9932	0.6890
0.9886	0.6740
0.9836	0.6603
0.9790	0.6498
0.9748	0.6420
0.9722	0.6432
0.9704	0.6460
0.9695	0.6502
0.9699	0.6625
0.9720	0.6805
0.9748	0.7015
0.9787	0.7227
0.9833	0.7453
0.9885	0.7565
0.9945	0.7690
1.0010	0.7735
1.0076	0.7743
1.0141	0.7650
1.0217	0.7490
1.0297	0.7255
1.0371	0.6935
1.0433	0.6635
1.0489	0.6285
1.0540	0.5948
1.0588	0.5602
1.0631	0.5238
1.0676	0.4867
1.0719	0.4572
1.0771	0.4325
1.0828	0.4100
1.0902	0.3982
1.0990	0.3835
1.1087	0.3740
1.1194	0.3725
1.1313	0.3715
1.1442	0.3740
1.1583	0.3760
1.1734	0.3763
1.1886	0.3717
0.9415	0.6910
1.2037	0.3592
0.9476	0.6757
1.2177	0.3415
0.9545	0.6598
1.2325	0.3248
0.9627	0.6433
1.2470	0.3008
0.9716	0.6290
1.2587	0.2708
0.9822	0.6178
1.2696	0.2410
0.9940	0.6090
1.2801	0.2125
1.0064	0.6010
1.2901	0.1897
1.0205	0.5930
1.2995	0.1682
1.0358	0.5860
1.3076	0.1500
1.0506	0.5775
1.3142	0.1418
1.0645	0.5668
1.3214	0.1333
1.0787	0.5552
1.3280	0.1277
1.0949	0.5435
1.3334	0.1312
1.1115	0.5285
1.3382	0.1355
1.1272	0.5135
1.3405	0.1400
1.1425	0.4985
1.3420	0.1490
1.1575	0.4805
1.3424	0.1510
1.1711	0.4608
1.3422	0.1585
1.1859	0.4400
1.3424	0.1667
1.2006	0.4205
1.3422	0.1700
1.2138	0.4023
1.3430	0.1770
1.2288	0.3848
1.3432	0.1828
1.2435	0.3680
1.3434	0.1865
1.2568	0.3532
1.3436	0.1938
1.2724	0.3390
1.3441	0.2005
1.2876	0.3265
1.3447	0.2050
1.3029	0.3177
1.3450	0.2148
1.3168	0.3137
1.3463	0.2245
1.3301	0.3148
1.3485	0.2325
1.3438	0.3185
1.3513	0.2442
1.3553	0.3257
1.3666	0.3337
1.3760	0.3417
1.3853	0.3525
1.1600	0.5088
1.3933	0.3655
1.1667	0.4985
1.4011	0.3785
1.1723	0.4897
1.4066	0.3918
1.1765	0.4855
1.4131	0.4045
1.1793	0.4767
1.4191	0.4145
1.1820	0.4710
1.4247	0.4228
1.1844	0.4645
1.4299	0.4280
1.1867	0.4610
1.4347	0.4310
1.1882	0.4570
1.4398	0.4323
1.1898	0.4508
1.4424	0.4285
1.1917	0.4455
1.4457	0.4228
1.1941	0.4410
1.4489	0.4147
1.1974	0.4348
1.4515	0.4063
1.2009	0.4283
1.4544	0.3965
1.2045	0.4247
1.4580	0.3865
1.2079	0.4183
1.4619	0.3750
1.2114	0.4122
1.4655	0.3635
1.2151	0.4085
1.4703	0.3523
1.2191	0.4062
1.4757	0.3420
1.2229	0.4062
1.4810	0.3335
1.2262	0.4053
1.4857	0.3243
1.2283	0.4045
1.4903	0.3165
1.2294	0.4078
1.4961	0.3077
1.2296	0.4063
1.5014	0.3000
1.2290	0.4058
1.5078	0.2933
1.2287	0.4042
1.5142	0.2890
1.2287	0.4005
1.5208	0.2850
1.2293	0.3925
1.5278	0.2815
1.2299	0.3842
1.5347	0.2777
1.2305	0.3718
1.5401	0.2743
1.2309	0.3587
1.5437	0.2710
1.2310	0.3435
1.5450	0.2668
1.2309	0.3225
1.5451	0.2617
1.2305	0.3065
1.5438	0.2542
1.2296	0.2902
1.5406	0.2455
1.2288	0.2818
1.5363	0.2358
1.2275	0.2737
1.5295	0.2248
1.2267	0.2682
1.5220	0.2145
1.2268	0.2630
1.5170	0.2047
1.2269	0.2582
1.5090	0.1950
1.2270	0.2537
1.5043	0.1860
1.2270	0.2522
1.5000	0.1780
1.2264	0.2532
1.4973	0.1720
1.2254	0.2537
1.4937	0.1683
1.2243	0.2555
1.4894	0.1667
1.2235	0.2527
1.4840	0.1660
1.2234	0.2530
1.4797	0.1685
1.2233	0.2520
1.4754	0.1738
1.2233	0.2502
1.4709	0.1813
1.2229	0.2498
1.4669	0.1925
1.2224	0.2500
1.4621	0.2072
1.2214	0.2498
1.4582	0.2253
1.2194	0.2487
1.4530	0.2468
1.2167	0.2463
1.4453	0.2697
1.2127	0.2453
1.2076	0.2418
1.2014	0.2385
1.1942	0.2360
1.1869	0.2327
1.1790	0.2335
1.1715	0.2335
1.1639	0.2325
1.1569	0.2330
1.1504	0.2335
1.1452	0.2307
1.1416	0.2325
1.1392	0.2360
1.1379	0.2453
1.1378	0.2583
1.1383	0.2713
1.1395	0.2853
1.1412	0.2990
1.1429	0.3108
1.1448	0.3218
1.1467	0.3308
1.1485	0.3368
1.1496	0.3402
1.1505	0.3365
1.1511	0.3308
1.1515	0.3228
1.1520	0.3150
1.1522	0.3090
1.1517	0.3048
1.1510	0.3025
1.1504	0.3055
0.9565	0.3277
1.1498	0.3102
0.9582	0.3240
1.1492	0.3170
0.9610	0.3245
1.1483	0.3268
0.9641	0.3275
1.1473	0.3377
0.9672	0.3318
1.1465	0.3497
0.9730	0.3373
1.1460	0.3610
0.9753	0.3427
1.1462	0.3740
0.9798	0.3485
1.1471	0.3905
0.9849	0.3545
1.1479	0.4075
0.9896	0.3620
1.1488	0.4228
0.9942	0.3690
1.1497	0.4365
0.9974	0.3768
1.1503	0.4483
0.9997	0.3853
1.1507	0.4580
1.0001	0.3955
1.1505	0.4632
1.0014	0.4072
1.1499	0.4670
1.0017	0.4195
1.1486	0.4692
1.0032	0.4322
1.1470	0.4678
1.0033	0.4453
1.1455	0.4620
1.0044	0.4583
1.1439	0.4540
1.0057	0.4707
1.1423	0.4410
1.0073	0.4820
1.1404	0.4322
1.0087	0.4908
1.0109	0.4952
1.0134	0.4947
1.0163	0.4897
1.0174	0.4810
1.3482	0.4963
1.0211	0.4693
1.3438	0.4888
1.0227	0.4552
1.3404	0.4810
1.0231	0.4420
1.3379	0.4688
1.0245	0.4292
1.3365	0.4603
1.0238	0.4187
1.3360	0.4400
1.0219	0.4100
1.3365	0.4285
1.0192	0.4045
1.3378	0.4228
1.0164	0.4032
1.3395	0.4133
1.0127	0.4050
1.3418	0.4083
1.0088	0.4110
1.3446	0.4067
1.0046	0.4200
1.3473	0.4025
1.0005	0.4333
1.3496	0.3957
0.9966	0.4488
1.3521	0.4057
0.9937	0.4640
1.3538	0.4137
0.9907	0.4790
1.3561	0.4838
0.9889	0.4960
1.3579	0.4890
0.9866	0.5135
1.3582	0.4965
0.9841	0.5335
1.3579	0.5052
0.9826	0.5555
1.3564	0.5182
0.9809	0.5775
1.3528	0.5385
0.9903	0.5980
1.3483	0.5525
0.9878	0.6160
1.3423	0.5652
0.9853	0.6302
1.3350	0.5687
0.9827	0.6415
1.3265	0.5735
0.9805	0.6503
1.3185	0.5190
0.9799	0.6545
1.3102	0.5317
0.9767	0.6553
1.3028	0.5402
0.9727	0.6515
1.2970	0.5482
1.2922	0.5560
1.2882	0.5578
1.2849	0.5675
1.2824	0.5950
1.2808	0.6133
1.2790	0.6370
1.2768	0.6640
1.2749	0.6865
1.2736	0.7107
1.2715	0.7318
1.4658	0.5020
1.2682	0.7475
1.4495	0.4988
1.2628	0.7582
1.4331	0.4985
1.2550	0.7620
1.4153	0.4997
1.2455	0.7525
1.3987	0.5045
1.2351	0.7490
1.3837	0.5130
1.2238	0.7358
1.3694	0.5280
1.2129	0.7220
1.3567	0.5485
1.2044	0.7035
1.3427	0.5722
1.1974	0.6843
1.3294	0.5970
1.1930	0.6675
1.3181	0.6237
1.1903	0.6548
1.3057	0.6517
1.1897	0.6435
1.2947	0.6745
1.1912	0.6372
1.2853	0.6907
1.1948	0.6293
1.2765	0.7000
1.1989	0.6272
1.2686	0.7060
1.2039	0.6357
1.2617	0.7068
1.2107	0.6345
1.2565	0.7025
1.2178	0.6365
1.2527	0.6943
1.2239	0.6345
1.2488	0.6835
1.2288	0.6335
1.2446	0.6725
1.2318	0.6290
1.2437	0.6603
1.2351	0.6225
1.2435	0.6512
1.2381	0.6218
1.2455	0.6468
1.2400	0.6185
1.2487	0.6482
1.2399	0.6175
1.2527	0.6525
1.2382	0.6117
1.2574	0.6595
1.2363	0.6160
1.2599	0.6697
1.2342	0.6215
1.2626	0.6817
1.2332	0.6320
1.2636	0.6962
1.2336	0.6437
1.2641	0.7090
1.2357	0.6648
1.2625	0.7198
1.2379	0.6815
1.2956	0.6443
1.2600	0.7253
1.2889	0.6442
1.2572	0.7302
1.2825	0.6492
1.2541	0.7318
1.2769	0.6530
1.2491	0.7300
1.2716	0.6607
1.2466	0.7242
1.2682	0.6720
1.2437	0.7165
1.2651	0.6837
1.2406	0.7105
1.2631	0.6917
1.2382	0.7038
1.2611	0.6970
1.2382	0.6995
1.2598	0.7000
1.2362	0.6945
1.2579	0.7027
1.2353	0.6953
1.2544	0.7043
1.2359	0.6960
1.2504	0.6985
1.2353	0.6980
1.2454	0.6937
1.2354	0.7023
1.2407	0.6862
1.2360	0.7105
1.2353	0.6775
1.2327	0.7167
1.2297	0.6710
1.2325	0.7190
1.2247	0.6673
1.2324	0.7187
1.2203	0.6625
1.2293	0.7162
1.2160	0.6600
1.2277	0.7155
1.2119	0.6590
1.2256	0.7112
1.2081	0.6607
1.2244	0.7060
1.2049	0.6660
1.2239	0.7010
1.2012	0.6705
1.2245	0.6965
1.1975	0.6743
1.2277	0.6920
1.1949	0.6785
1.2287	0.6912
1.1930	0.6798
1.2312	0.6943
1.1919	0.6778
1.2318	0.6990
1.1912	0.6750
1.2319	0.7063
1.1908	0.6715
1.2312	0.7135
1.1906	0.6715
1.2306	0.7215
1.1905	0.6732
1.2296	0.7310
1.1911	0.6777
1.2269	0.7375
1.1920	0.6852
1.1929	0.6943
1.1933	0.7040
1.1918	0.7150
1.1899	0.7305
1.1869	0.7482
1.1815	0.6577
1.1840	0.7647
1.1752	0.6493
1.1818	0.7717
1.1690	0.6502
1.1802	0.7718
1.1626	0.6568
1.1794	0.7650
1.1574	0.6680
1.1789	0.7558
1.1525	0.6830
1.1777	0.7422
1.1502	0.7005
1.1754	0.7257
1.1485	0.7212
1.1732	0.7088
1.1490	0.7398
1.1710	0.6903
1.1507	0.7512
1.1686	0.6745
1.1543	0.7598
1.1663	0.6615
1.1574	0.7653
1.1643	0.6580
1.1589	0.7650
1.1630	0.6620
1.1596	0.7595
1.1612	0.6705
1.1587	0.7505
1.1592	0.6825
1.1575	0.7395
1.1582	0.6960
1.1553	0.7302
1.1527	0.7175
1.1506	0.7062
1.1474	0.6998
1.1456	0.6940
1.1446	0.6910
1.1450	0.6895
1.1461	0.6920
1.1471	0.6957
1.1483	0.6980
1.1501	0.6960
1.1521	0.6915
1.1543	0.6845
1.1554	0.6755
1.1549	0.6682
1.1529	0.6620
1.0731	0.6707
1.1494	0.6592
1.0730	0.6667
1.1445	0.6590
1.0735	0.6680
1.1387	0.6628
1.0743	0.6790
1.1321	0.6728
1.0747	0.6908
1.1264	0.6872
1.0751	0.7055
1.1216	0.7060
1.0749	0.7208
1.1185	0.7275
1.0736	0.7350
1.1169	0.7522
1.0711	0.7505
1.1176	0.7745
1.0676	0.7623
1.1191	0.7897
1.0637	0.7708
1.1219	0.8010
1.0593	0.7725
1.1243	0.8090
1.0542	0.7675
1.1271	0.8142
1.0494	0.7570
1.1294	0.8150
1.0458	0.7475
1.1316	0.8128
1.0431	0.7358
1.1331	0.8083
1.0409	0.7287
1.1342	0.8037
1.0396	0.7222
1.1355	0.7962
1.0389	0.7220
1.0392	0.7262
1.0402	0.7385
1.0420	0.7600
1.0444	0.7855
1.0478	0.8082
1.0511	0.8232
1.0536	0.8365
1.2252	0.7847
1.0537	0.8445
1.2129	0.7612
1.0523	0.8510
1.2023	0.7360
1.0499	0.8477
1.1932	0.7122
1.0477	0.8375
1.1869	0.6927
1.0458	0.8215
1.1806	0.6825
1.0448	0.8027
1.1763	0.6795
1.0442	0.7820
1.1756	0.6848
1.0444	0.7648
1.1765	0.6922
1.0449	0.7530
1.1786	0.7015
1.0458	0.7427
1.1792	0.7122
1.0464	0.7350
1.1805	0.7267
1.0468	0.7330
1.1812	0.7458
1.0472	0.7402
1.1827	0.7722
1.0475	0.7510
1.1848	0.8100
1.0478	0.7593
1.1854	0.8572
1.0484	0.7612
1.1842	0.9038
1.0500	0.7568
1.1804	0.9412
1.1765	0.9660
1.1734	0.9768
1.1709	0.9760
1.1710	0.9635
1.1715	0.9405
1.1726	0.9083
1.1745	0.8627
1.1763	0.8098
1.1769	0.7585
1.1771	0.7185
1.1773	0.6935
1.1763	0.6790
1.1736	0.6722
1.1690	0.6720
1.1633	0.6738
1.1152	0.6770
1.1567	0.6760
1.1131	0.6835
1.1490	0.6780
1.1117	0.6885
1.1413	0.6790
1.1087	0.6915
1.1355	0.6772
1.1079	0.6943
1.1315	0.6720
1.1071	0.6977
1.1285	0.6683
1.1058	0.7020
1.1270	0.6702
1.1034	0.7025
1.1261	0.6760
1.1011	0.6970
1.1252	0.6855
1.1004	0.6840
1.1245	0.6977
1.0984	0.6710
1.1242	0.7110
1.0955	0.6593
1.1229	0.7220
1.0927	0.6480
1.1209	0.7305
1.0910	0.6400
1.1183	0.7360
1.0897	0.6337
1.1150	0.7370
1.0890	0.6275
1.1125	0.7302
1.0898	0.6217
1.0914	0.6162
1.0940	0.6100
1.0979	0.6048
1.1034	0.6020
1.1105	0.6033
1.1204	0.6072
1.1315	0.6133
1.1401	0.6175
1.1466	0.6195
1.1536	0.6198
1.1604	0.6223
1.1673	0.6283
1.1752	0.6365
1.1835	0.6440
1.1797	0.5467
1.1915	0.6530
1.1783	0.5540
1.1987	0.6640
1.1771	0.5595
1.2039	0.6733
1.1758	0.5625
1.2071	0.6815
1.1745	0.5620
1.2096	0.6865
1.1715	0.5608
1.2120	0.6917
1.1678	0.5597
1.2139	0.6960
1.1648	0.5597
1.2142	0.7012
1.1616	0.5613
1.2120	0.7065
1.1594	0.5620
1.2066	0.7078
1.1567	0.5615
1.1990	0.6995
1.1532	0.5612
1.1894	0.6875
1.1494	0.5635
1.1786	0.6733
1.1457	0.5675
1.1663	0.6597
1.1426	0.5768
1.1523	0.6480
1.1412	0.5907
1.1371	0.6375
1.1403	0.6105
1.1226	0.6288
1.1399	0.6340
1.1109	0.6195
1.1399	0.6587
1.1022	0.6128
1.1406	0.6838
1.0966	0.6070
1.1408	0.7095
1.0937	0.6040
1.1403	0.7330
1.4814	0.5950
1.1393	0.7515
1.4675	0.5942
1.1385	0.7667
1.4519	0.5900
1.1382	0.7740
1.4352	0.5877
1.1380	0.7742
1.4184	0.5890
1.1369	0.7638
1.4031	0.5920
1.1360	0.7460
1.3891	0.5940
1.1337	0.7243
1.3767	0.5965
1.1299	0.6995
1.3646	0.6022
1.1258	0.6743
1.3542	0.6090
1.1211	0.6560
1.3448	0.6198
1.1163	0.6473
1.3368	0.6338
1.1114	0.6423
1.3311	0.6522
1.1069	0.6448
1.3265	0.6737
1.1019	0.6520
1.3214	0.6963
1.0976	0.6657
1.3154	0.7195
1.0933	0.6825
1.3106	0.7415
1.0894	0.7017
1.3054	0.7610
1.0865	0.7260
1.2990	0.7770
1.0845	0.7517
1.2918	0.7892
1.0837	0.7693
1.2850	0.7960
1.0842	0.7772
1.2781	0.7990
1.0847	0.7812
1.2703	0.8017
1.0861	0.7815
1.2617	0.7985
1.0871	0.7780
1.2542	0.7937
1.0879	0.7682
1.2480	0.7893
1.0896	0.7558
1.2432	0.7832
1.0921	0.7397
1.2401	0.7795
1.0954	0.7213
1.2385	0.7777
1.0985	0.7035
1.2395	0.7793
1.2419	0.7855
1.2466	0.7950
1.2523	0.8000
1.2582	0.8065
1.2642	0.8067
1.2716	0.8030
1.2800	0.7993
1.2882	0.7920
1.2940	0.7825
1.2974	0.7735
1.2981	0.7622
1.2966	0.7500
1.2943	0.7443
1.1231	0.6907
1.2920	0.7395
1.1168	0.6832
1.2910	0.7415
1.1148	0.6823
1.2899	0.7467
1.1122	0.6890
1.2885	0.7550
1.1106	0.7028
1.2872	0.7662
1.1067	0.7280
1.2870	0.7775
1.1046	0.7555
1.2882	0.7835
1.1021	0.7863
1.2897	0.7875
1.1008	0.8155
1.2917	0.7898
1.1005	0.8422
1.2942	0.7820
1.0994	0.8628
1.2982	0.7740
1.1009	0.8755
1.3036	0.7635
1.1005	0.8813
1.3095	0.7517
1.0992	0.8775
1.3137	0.7375
1.0975	0.8672
1.3166	0.7235
1.0964	0.8465
1.3179	0.7115
1.0944	0.8195
1.3167	0.7040
1.0911	0.7875
1.3143	0.6982
1.0870	0.7558
1.0821	0.7255
1.0784	0.6980
1.0752	0.6765
1.0739	0.6610
1.0730	0.6557
1.0738	0.6550
1.0764	0.6625
1.0806	0.6740
1.0856	0.6855
1.0920	0.6922
1.0974	0.6962
1.1017	0.6957
1.1053	0.6915
1.1100	0.6847
1.1144	0.6720
0.9813	0.8362
1.1171	0.6570
0.9800	0.8337
1.1189	0.6365
0.9794	0.8348
1.1195	0.6160
0.9795	0.8315
1.1202	0.6015
0.9813	0.8285
1.1201	0.5953
0.9835	0.8200
1.1213	0.5950
0.9869	0.8065
1.1208	0.6017
0.9903	0.7903
1.1209	0.6175
0.9935	0.7750
1.1215	0.6417
0.9969	0.7575
1.1223	0.6740
1.0001	0.7290
1.1214	0.7125
1.0034	0.7080
1.1193	0.7568
1.0055	0.6885
1.1230	0.8000
1.0071	0.6755
1.0078	0.6638
1.0061	0.6638
1.0019	0.6665
0.9960	0.6755
0.9893	0.6860
0.9828	0.6990
0.9763	0.7117
0.9703	0.7080
0.9653	0.7100
0.9614	0.7062
0.9585	0.6987
0.9563	0.6897
0.9544	0.6860
0.9529	0.6838
0.9519	0.6810
0.9515	0.6782
0.9513	0.6848
1.0683	0.7387
0.9514	0.7012
1.0700	0.7402
0.9521	0.7165
1.0719	0.7335
0.9534	0.7318
1.0700	0.7190
0.9541	0.7475
1.0712	0.7023
0.9538	0.7640
1.0712	0.6865
0.9536	0.7740
1.0683	0.6742
1.0650	0.6643
1.0620	0.6602
1.0594	0.6645
1.0577	0.6733
1.0561	0.6885
1.0546	0.7115
1.0555	0.7423
1.0573	0.7770
1.0599	0.8123
1.0628	0.8448
1.0656	0.8727
1.0664	0.8928
1.0640	0.9058
1.0633	0.9085
1.0598	0.9013
1.0578	0.8830
1.0504	0.8558
1.0461	0.8215
1.0407	0.7865
1.0359	0.7495
1.0305	0.7155
1.0260	0.6902
1.0219	0.6727
1.0180	0.6660
1.0175	0.6667
1.1039	0.6420
1.0168	0.6762
1.1004	0.6623
1.0148	0.6945
1.0961	0.6730
1.0143	0.7233
1.0913	0.6940
1.0151	0.7562
1.0864	0.6850
1.0161	0.7902
1.0815	0.6853
1.0183	0.8145
1.0757	0.6828
1.0209	0.8280
1.0685	0.6760
1.0235	0.8320
1.0599	0.6613
1.0275	0.8295
1.0507	0.6522
1.0293	0.8213
1.0429	0.6470
1.0301	0.8105
1.0365	0.6330
1.0317	0.7960
1.0316	0.6318
1.0329	0.7775
1.0282	0.6240
1.0263	0.6322
1.0254	0.6410
1.0252	0.6670
1.0250	0.6847
1.0246	0.6950
1.0233	0.7107
1.0219	0.7288
1.3950	0.6700
1.0203	0.7358
1.3842	0.6690
1.0187	0.7445
1.3791	0.6672
1.0168	0.7375
1.3712	0.6665
1.0149	0.7412
1.3617	0.6632
1.0124	0.7385
1.3586	0.6582
1.0098	0.7348
1.3536	0.6522
1.0070	0.7178
1.3530	0.6480
1.0049	0.7397
1.3474	0.6445
1.0030	0.7378
1.3435	0.6443
1.0012	0.7398
1.3351	0.6477
1.0003	0.7585
1.3345	0.6555
1.0005	0.7698
1.3237	0.6653
1.0019	0.7993
1.3183	0.6810
1.0036	0.8132
1.3079	0.7005
1.0053	0.8313
1.2964	0.7230
1.0073	0.8493
1.2849	0.7475
1.0092	0.8708
1.2723	0.7725
1.0104	0.8580
1.2610	0.7970
1.0123	0.8718
1.2511	0.8215
1.0135	0.8670
1.2378	0.8398
1.0145	0.8445
1.2299	0.8555
1.0143	0.8437
1.2253	0.8638
1.0133	0.8205
1.2165	0.8677
1.2111	0.8718
1.2098	0.8730
1.2026	0.8695
1.2003	0.8620
1.2011	0.8522
1.1959	0.8408
1.1919	0.8332
1.1864	0.8253
1.1833	0.8230
1.1796	0.8195
1.1770	0.8150
1.1714	0.8148
1.1676	0.8163
1.1636	0.8222
1.1590	0.8270
1.1577	0.8295
1.1559	0.8287
1.1553	0.8265
1.1209	0.7495
1.1572	0.8180
1.1163	0.7635
1.1603	0.8080
1.1122	0.7775
1.1634	0.7925
1.1078	0.7855
1.1653	0.7735
1.1029	0.7920
1.1690	0.7567
1.0979	0.7908
1.1731	0.7393
1.0931	0.7885
1.1754	0.7273
1.0896	0.7850
1.1780	0.7205
1.0862	0.7848
1.1797	0.7173
1.0825	0.7852
1.1799	0.7180
1.0785	0.7835
1.1794	0.7267
1.0737	0.7817
1.1802	0.7362
1.0690	0.7825
1.1811	0.7522
1.0644	0.7882
1.1841	0.7660
1.0598	0.7905
1.0556	0.7943
1.0515	0.7980
1.0480	0.8020
1.0455	0.8032
1.0435	0.8010
1.0428	0.7963
1.0419	0.7915
1.0406	0.7833
1.0394	0.7745
1.0391	0.7695
1.0394	0.7667
1.0401	0.7627
1.0406	0.7598
1.0413	0.7585
1.0424	0.7622
1.0441	0.7658
1.0458	0.7648
1.0481	0.7632
1.0511	0.7587
0.9675	0.8065
1.0553	0.7508
0.9663	0.8147
1.0599	0.7390
0.9664	0.8220
1.0654	0.7270
0.9670	0.8240
1.0712	0.7122
0.9681	0.8212
1.0769	0.6935
0.9706	0.8167
1.0820	0.6722
0.9735	0.8070
1.0857	0.6585
0.9766	0.7953
1.0894	0.6530
0.9808	0.7810
1.0922	0.6493
0.9857	0.7672
1.0940	0.6437
0.9911	0.7548
1.0957	0.6375
0.9963	0.7465
1.0966	0.6327
1.0003	0.7390
1.0966	0.6312
1.0036	0.7368
1.0063	0.7383
1.0095	0.7417
1.0122	0.7505
1.0139	0.7592
1.0153	0.7688
1.0160	0.7750
1.0170	0.7785
1.0182	0.7775
1.0197	0.7725
1.0215	0.7640
1.0227	0.7548
1.0238	0.7423
1.0249	0.7288
1.1544	0.6170
1.0262	0.7153
1.1513	0.6210
1.0270	0.7025
1.1487	0.6255
1.0284	0.6933
1.1469	0.6335
1.0294	0.6857
1.1453	0.6395
1.0300	0.6837
1.1442	0.6422
1.0297	0.6830
1.1432	0.6437
1.0298	0.6825
1.1423	0.6425
1.0276	0.6792
1.1412	0.6405
1.0264	0.6735
1.1395	0.6408
1.0245	0.6635
1.1382	0.6440
1.0219	0.6520
1.1378	0.6510
1.0193	0.6393
1.1388	0.6617
1.0179	0.6302
1.1404	0.6740
1.0178	0.6248
1.1422	0.6903
1.0189	0.6165
1.1436	0.7112
1.1444	0.7335
1.1432	0.7527
1.1411	0.7695
1.1393	0.7812
1.1376	0.7875
1.1361	0.7852
1.1348	0.7783
1.1335	0.7657
1.1321	0.7462
1.1309	0.7217
1.1294	0.6950
1.1271	0.6685
1.1250	0.6475
1.1224	0.6330
1.1203	0.6208
1.1180	0.6170
1.1150	0.6172
1.1110	0.6240
1.1578	0.6760
1.1075	0.6388
1.1563	0.6725
1.1052	0.6573
1.1541	0.6700
1.1036	0.6805
1.1522	0.6728
1.1028	0.7032
1.1488	0.6820
1.1023	0.7222
1.1442	0.6935
1.1030	0.7385
1.1396	0.7060
1.1042	0.7543
1.1349	0.7177
1.1060	0.7647
1.1306	0.7297
1.1081	0.7730
1.1271	0.7437
1.1105	0.7763
1.1250	0.7560
1.1126	0.7742
1.1237	0.7645
1.1155	0.7690
1.1235	0.7677
1.1183	0.7612
1.1240	0.7675
1.1212	0.7525
1.1258	0.7633
1.1252	0.7450
1.1283	0.7555
1.1293	0.7380
1.1298	0.7432
1.1337	0.7327
1.1301	0.7322
1.1379	0.7308
1.1313	0.7223
1.1316	0.7112
1.1310	0.7020
1.1298	0.6960
1.1281	0.6945
1.1260	0.6953
1.1240	0.7003
1.1218	0.7093
1.1203	0.7208
1.1181	0.7348
1.1180	0.7467
1.1191	0.7517
1.1212	0.7500
1.1228	0.7453
1.1249	0.7377
1.1282	0.7280
1.1316	0.7165
1.0732	0.7818
1.1360	0.7057
1.0769	0.7798
1.1388	0.6955
1.0817	0.7742
1.1404	0.6835
1.0867	0.7702
1.1403	0.6748
1.0913	0.7655
1.1406	0.6722
1.0943	0.7617
1.1394	0.6758
1.0963	0.7535
1.1373	0.6817
1.0971	0.7432
1.1338	0.6885
1.0966	0.7365
1.1301	0.6965
1.0952	0.7237
1.1257	0.7070
1.0929	0.7080
1.1224	0.7140
1.0904	0.6922
1.1182	0.7175
1.0879	0.6798
1.0861	0.6638
1.0843	0.6455
1.0834	0.6272
1.0832	0.6205
1.0830	0.6200
1.0828	0.6218
1.0838	0.6290
1.0860	0.6390
1.0887	0.6520
1.0915	0.6720
1.0931	0.6920
1.0939	0.7148
1.0935	0.7322
1.0921	0.7435
1.0899	0.7527
1.0867	0.7555
1.0828	0.7555
1.0781	0.7578
1.0725	0.7598
1.0668	0.7508
1.0620	0.7437
1.0589	0.7365
1.0567	0.7290
0.9937	0.6372
1.0547	0.7245
0.9914	0.6535
1.0535	0.7190
0.9894	0.6677
1.0531	0.7178
0.9878	0.6787
1.0539	0.7152
0.9862	0.6872
1.0557	0.7115
0.9848	0.6955
1.0581	0.7047
0.9834	0.7010
1.0607	0.7003
0.9810	0.7022
1.0632	0.6940
0.9792	0.6978
1.0656	0.6893
0.9773	0.6878
1.0686	0.6860
0.9757	0.6740
0.9735	0.6610
0.9713	0.6515
0.9706	0.6450
0.9701	0.6407
0.9687	0.6393
0.9681	0.6408
0.9670	0.6470
0.9661	0.6598
0.9649	0.6775
0.9828	0.7022
1.2792	0.7355
0.9798	0.7280
1.2744	0.7330
0.9764	0.7470
1.2681	0.7282
0.9735	0.7598
1.2601	0.7228
0.9704	0.7693
1.2500	0.6195
0.9678	0.7742
1.2397	0.6210
0.9656	0.7762
1.2307	0.6270
0.9636	0.7732
1.2234	0.6345
0.9625	0.7642
1.2164	0.6460
0.9620	0.7512
1.2098	0.6573
0.9632	0.7343
1.2038	0.6705
0.9644	0.7145
1.1991	0.6857
0.9667	0.6977
1.1957	0.6923
0.9694	0.6835
1.1932	0.6980
0.9725	0.6702
1.1906	0.6985
0.9757	0.6558
1.1888	0.7050
0.9800	0.6405
1.1881	0.7018
0.9845	0.6283
1.1886	0.6985
0.9888	0.6195
1.1893	0.6927
0.9930	0.6143
1.1911	0.7100
0.9977	0.6085
1.1930	0.6998
1.0036	0.6040
1.1945	0.6927
1.0091	0.6020
1.1947	0.6933
1.0153	0.6025
1.1936	0.6928
1.1918	0.6925
1.1893	0.6885
1.1862	0.6920
1.1829	0.6948
1.1805	0.6957
1.4801	0.5710
1.1793	0.6707
1.4705	0.5790
1.1797	0.6685
1.4603	0.5890
1.1806	0.6620
1.4491	0.5977
1.1819	0.6535
1.4383	0.6040
1.1839	0.6457
1.4284	0.6057
1.1871	0.6385
1.4206	0.6038
1.1902	0.6305
1.4127	0.5990
1.1924	0.6207
1.4055	0.5935
1.1931	0.6105
1.4004	0.5867
1.1925	0.6050
1.3968	0.5810
1.1904	0.6020
1.3937	0.5763
1.1876	0.6002
1.3931	0.5723
1.1836	0.5993
1.3940	0.5710
1.1785	0.5990
1.3949	0.5730
1.1726	0.6050
1.3961	0.5807
1.1658	0.6112
1.3990	0.5905
1.1599	0.6183
1.4017	0.6018
1.1550	0.6275
1.4036	0.6138
1.1518	0.6310
1.4024	0.6252
1.1500	0.6312
1.3998	0.6365
1.1495	0.6352
1.3960	0.6445
1.1505	0.6375
1.3901	0.6482
1.1527	0.6395
1.3867	0.6475
1.1562	0.6428
1.3846	0.6440
1.1609	0.6413
1.3813	0.6373
1.1667	0.6410
1.3795	0.6270
1.1729	0.6402
1.3787	0.6140
1.1786	0.6352
1.4972	0.6322
1.3777	0.6007
1.1839	0.6358
1.4953	0.6470
1.3785	0.5873
1.1899	0.6385
1.4947	0.6590
1.3795	0.5747
1.1960	0.6383
1.4941	0.6710
1.3805	0.5662
1.2018	0.6402
1.4940	0.6782
1.3824	0.5630
1.2072	0.6407
1.4930	0.6832
1.3853	0.5650
1.2126	0.6412
1.4914	0.6840
1.3878	0.5700
1.2179	0.6377
1.4879	0.6823
1.3893	0.5778
1.2236	0.6337
1.4843	0.6803
1.3913	0.5890
1.4805	0.6760
1.3931	0.6048
1.4760	0.6667
1.3938	0.6205
1.4705	0.6560
1.3963	0.6355
1.4641	0.6477
1.3982	0.6488
1.4574	0.6425
1.4007	0.6570
1.4495	0.6413
1.4031	0.6622
1.4420	0.6395
1.4060	0.6635
1.4356	0.6370
1.4088	0.6607
1.4310	0.6358
1.4106	0.6547
1.4289	0.6335
1.4156	0.6470
1.4285	0.6328
1.4220	0.6363
1.4296	0.6352
1.4262	0.6252
1.4320	0.6420
1.4315	0.6157
1.4341	0.6510
1.4352	0.6065
1.4362	0.6552
1.4373	0.6015
1.4387	0.6540
1.4378	0.5985
1.4416	0.6515
1.4392	0.5985
1.4453	0.6493
1.4405	0.6002
1.4498	0.6487
1.4440	0.6030
1.4540	0.6490
1.4478	0.6062
1.4586	0.6452
1.4500	0.6085
1.4626	0.6383
1.4518	0.6067
1.4682	0.6293
1.4533	0.6032
1.4742	0.6148
1.4574	0.5988
1.4787	0.5998
1.4604	0.5933
1.4832	0.5882
1.4617	0.5853
1.4890	0.5793
1.4621	0.5758
1.4945	0.5572
1.4643	0.5660
1.4994	0.5338
1.4626	0.5585
1.2686	0.6685
1.5044	0.5245
1.4638	0.5528
1.2744	0.6670
1.5090	0.5222
1.4645	0.5507
1.2790	0.6670
1.5146	0.5180
1.4651	0.5558
1.2883	0.6670
1.5206	0.5178
1.4593	0.5640
1.2964	0.6678
1.5264	0.5210
1.4559	0.5765
1.3010	0.6667
1.5312	0.5247
1.4574	0.5927
1.3045	0.6668
1.5362	0.5223
1.4595	0.6132
1.3090	0.6623
1.5400	0.5188
1.4615	0.6362
1.3108	0.6548
1.5420	0.5330
1.4636	0.6607
1.3114	0.6467
1.5415	0.5402
1.4680	0.6847
1.3107	0.6383
1.5387	0.5397
1.3122	0.6275
1.5337	0.5283
1.3156	0.6185
1.5266	0.5397
1.3183	0.6107
1.5178	0.5325
1.3234	0.6032
1.5089	0.5283
1.3284	0.5943
1.5006	0.5052
1.3346	0.5865
1.4947	0.4925
1.3352	0.5828
1.4916	0.5000
1.3417	0.5820
1.4904	0.5117
1.3493	0.5800
1.4906	0.5330
1.3632	0.5783
1.4910	0.5515
1.3758	0.5775
1.4915	0.5813
1.3812	0.5735
1.4929	0.5933
1.3848	0.5705
1.4940	0.5733
1.3871	0.5685
1.4942	0.5878
1.3860	0.5702
1.4935	0.6193
1.3817	0.5735
1.4933	0.6412
1.3756	0.5745
1.4924	0.6463
1.3847	0.5747
1.4921	0.6398
1.3805	0.5745
1.4913	0.6288
1.2008	0.5602
1.3787	0.5765
1.4905	0.6112
1.2044	0.5380
1.3791	0.5812
1.4894	0.5900
1.2066	0.5192
1.3789	0.5907
1.4874	0.5710
1.2079	0.5177
1.3763	0.6022
1.4864	0.5990
1.2088	0.5212
1.3716	0.6157
1.4864	0.5897
1.2089	0.5225
1.3667	0.6288
1.4881	0.5830
1.2079	0.5195
1.3621	0.6400
1.2058	0.5140
1.3563	0.6515
1.2036	0.5193
1.3542	0.6625
1.2011	0.5298
1.3549	0.6710
1.1990	0.5452
1.3561	0.6755
1.1975	0.5625
1.3554	0.6735
1.1961	0.5820
1.3528	0.6675
1.1952	0.5943
1.3511	0.6567
1.1955	0.5968
1.3493	0.6435
1.1966	0.6000
1.3479	0.6288
1.1988	0.6065
1.3483	0.6165
1.2009	0.6117
1.3497	0.6075
1.2025	0.6155
1.3509	0.6028
1.2039	0.6205
1.3522	0.5993
1.2060	0.6252
1.3553	0.5943
1.2072	0.6252
1.3574	0.5893
1.2079	0.6217
1.3579	0.5820
1.2079	0.6092
1.3549	0.5740
1.2082	0.5975
1.3520	0.5638
1.2097	0.5845
1.3478	0.5553
1.2122	0.5757
1.3436	0.5468
1.2154	0.5710
1.3385	0.5393
1.2194	0.5690
1.3314	0.5295
1.2244	0.5688
1.3256	0.5245
1.2294	0.5688
1.3200	0.5245
1.2347	0.5717
1.3175	0.5283
1.3110	0.6927
1.2398	0.5738
1.3146	0.5370
1.3084	0.6940
1.2453	0.5800
1.3120	0.5505
1.3056	0.6913
1.2509	0.5852
1.3109	0.5683
1.3032	0.6845
1.2563	0.5880
1.3110	0.5855
1.3012	0.6755
1.2608	0.5875
1.3005	0.6625
1.2632	0.5890
1.3005	0.6477
1.2636	0.5875
1.3012	0.6320
1.2624	0.5817
1.3021	0.6182
1.2601	0.5752
1.3023	0.6088
1.2575	0.5647
1.3012	0.6072
1.2545	0.5605
1.3006	0.6150
1.2526	0.5587
1.3008	0.6330
1.2523	0.5605
1.3017	0.6607
1.2533	0.5665
1.3054	0.6930
1.2556	0.5733
1.3080	0.7300
1.2592	0.5795
1.3100	0.7665
1.2641	0.5893
1.3102	0.7922
1.2716	0.6048
1.3087	0.8065
1.2812	0.6238
1.3068	0.8100
1.2931	0.6462
1.3040	0.8032
1.3068	0.6633
1.3006	0.7895
1.3214	0.6755
1.2966	0.7675
1.3334	0.6840
1.2918	0.7372
1.3427	0.6872
1.2876	0.7015
1.3495	0.6848
1.2847	0.6633
1.3545	0.6705
1.2840	0.6225
1.3584	0.6480
1.2844	0.5915
1.3620	0.6195
1.2859	0.5688
1.3651	0.5922
1.2885	0.5555
1.3685	0.5723
1.2253	0.6860
1.2940	0.5520
1.3722	0.5635
1.2256	0.6860
1.3017	0.5525
1.3753	0.5645
1.2257	0.6795
1.3105	0.5570
1.3781	0.5720
1.2246	0.6720
1.3182	0.5643
1.2221	0.6655
1.3240	0.5720
1.2179	0.6612
1.3264	0.5762
1.2121	0.6552
1.3254	0.5795
1.2048	0.6495
1.3209	0.5783
1.1967	0.6430
1.3160	0.5745
1.1887	0.6343
1.3114	0.5672
1.1813	0.6250
1.3080	0.5557
1.1754	0.6205
1.3044	0.5415
1.1710	0.6212
1.3017	0.5250
1.1689	0.6218
1.2984	0.5068
1.1675	0.6218
1.2950	0.4895
1.1654	0.6215
1.2923	0.4768
1.1634	0.6253
1.2908	0.4688
1.1610	0.6305
1.2898	0.4678
1.1592	0.6345
1.2897	0.4722
1.1575	0.6375
1.2905	0.4828
1.1558	0.6407
1.2922	0.4970
1.1552	0.6440
1.2941	0.5155
1.1556	0.6465
1.2967	0.5372
1.1575	0.6500
1.2974	0.5632
1.1603	0.6520
1.2971	0.5932
1.1643	0.6490
1.2954	0.6222
1.1675	0.6430
1.2930	0.6495
1.1697	0.6320
1.2886	0.6707
1.1703	0.6205
1.2832	0.6865
1.1688	0.6100
1.2753	0.6942
1.1679	0.5985
1.2638	0.6975
1.1669	0.5862
1.2498	0.6950
1.1660	0.5757
1.1659	0.5630
1.1660	0.5563
1.1654	0.5550
1.2377	0.5750
1.1647	0.5552
1.2372	0.5588
1.1627	0.5543
1.2371	0.5422
1.1611	0.5530
1.2362	0.5302
1.1595	0.5535
1.2349	0.5225
1.1581	0.5577
1.2330	0.5158
1.1573	0.5652
1.2333	0.5125
1.1572	0.5747
1.2353	0.5107
1.1571	0.5900
1.2369	0.5105
1.1565	0.6017
1.2388	0.5103
1.1525	0.6110
1.2396	0.5108
1.1491	0.6205
1.2389	0.5070
1.1449	0.6350
1.2363	0.5062
1.1417	0.6510
1.2330	0.5042
1.1381	0.6685
1.2286	0.5040
1.1366	0.6883
1.2228	0.5010
1.1355	0.7065
1.2160	0.5015
1.1345	0.7205
1.2093	0.4997
1.1344	0.7280
1.2020	0.4975
1.1355	0.7335
1.1930	0.4957
1.1374	0.7390
1.1833	0.4962
1.1367	0.7412
1.1743	0.4990
1.1342	0.7403
1.1659	0.5025
1.1312	0.7370
1.1585	0.5078
1.1265	0.7250
1.1513	0.5138
1.1235	0.7042
1.1447	0.5258
1.1220	0.6817
1.1391	0.5383
1.1186	0.6620
1.1347	0.5545
1.1163	0.6442
1.1323	0.5707
1.1131	0.6288
1.1315	0.5878
1.1308	0.5985
1.1291	0.6070
1.1269	0.6092
1.3917	0.4775
1.1240	0.6070
1.3794	0.4730
1.1211	0.6020
1.3684	0.4728
1.1177	0.5960
1.3590	0.4733
1.1141	0.5907
1.3516	0.4805
1.1114	0.5850
1.3467	0.4910
1.1090	0.5802
1.3434	0.5053
1.1064	0.5737
1.3413	0.5253
1.1044	0.5707
1.3406	0.5483
1.1014	0.5705
1.3405	0.5683
1.0990	0.5755
1.3417	0.5883
1.0966	0.5873
1.3445	0.6082
1.0941	0.6000
1.3478	0.6213
1.0922	0.6135
1.3523	0.6348
1.0909	0.6267
1.3569	0.6430
1.0899	0.6375
1.3601	0.6483
1.0894	0.6520
1.3634	0.6500
1.0893	0.6635
1.3648	0.6450
1.0884	0.6710
1.3645	0.6360
1.0871	0.6745
1.3638	0.6250
1.0856	0.6725
1.3600	0.6122
1.0835	0.6618
1.3559	0.6013
1.0810	0.6450
1.3513	0.5935
1.0775	0.6223
1.3466	0.5877
1.0741	0.5960
1.3429	0.5852
1.0706	0.5700
1.3410	0.5872
1.0680	0.5430
1.3410	0.5920
1.3430	0.6020
1.3460	0.6140
1.3494	0.6293
1.3516	0.6475
1.4426	0.5643
1.3540	0.6607
1.4409	0.5805
1.3560	0.6725
1.4356	0.5960
1.3580	0.6812
1.4278	0.6115
1.3605	0.6860
1.4184	0.6295
1.3628	0.6855
1.4063	0.6443
1.3649	0.6805
1.3941	0.6557
1.3668	0.6748
1.3843	0.6635
1.3678	0.6683
1.3745	0.6668
1.3686	0.6607
1.3653	0.6657
1.3697	0.6490
1.3591	0.6632
1.3705	0.6425
1.3527	0.6600
1.3712	0.6357
1.3471	0.6570
1.3724	0.6313
1.3424	0.6532
1.3732	0.6305
1.3397	0.6493
1.3735	0.6325
1.3377	0.6477
1.3730	0.6355
1.3373	0.6487
1.3716	0.6360
1.3396	0.6517
1.3702	0.6330
1.3430	0.6562
1.3689	0.6288
1.3439	0.6605
1.3679	0.6255
1.3464	0.6632
1.3670	0.6175
1.3473	0.6622
1.3644	0.6083
1.3471	0.6583
1.3597	0.5990
1.3458	0.6530
1.3542	0.5865
1.3428	0.6448
1.3466	0.5778
1.3381	0.6325
1.3371	0.5730
1.3315	0.6183
1.3256	0.5712
1.3255	0.6040
1.3124	0.5762
1.3202	0.5890
1.2990	0.5825
1.3156	0.5750
1.2872	0.5942
1.3108	0.5647
1.2770	0.6105
1.3059	0.5583
1.2692	0.6320
1.3018	0.5545
1.2633	0.6563
1.2964	0.5540
1.2583	0.6822
1.2879	0.5555
1.2806	0.4503
1.2784	0.5615
1.2850	0.4495
1.2673	0.5730
1.2912	0.4457
1.2559	0.5912
1.2963	0.4458
1.2444	0.6157
1.2992	0.4562
1.2325	0.6430
1.3011	0.4660
1.2209	0.6678
1.2984	0.4805
1.2105	0.6898
1.2927	0.4963
1.2014	0.7107
1.2781	0.5140
1.1930	0.7275
1.2606	0.5288
1.1874	0.7410
1.2437	0.5427
1.1818	0.7490
1.2287	0.5582
1.1770	0.7505
1.2155	0.5715
1.1738	0.7430
1.2044	0.5807
1.1702	0.7295
1.1955	0.5807
1.1654	0.7145
1.1882	0.5835
1.1604	0.7018
1.1822	0.5808
1.1568	0.6920
1.1767	0.5762
1.1530	0.6845
1.1715	0.5693
1.1481	0.6795
1.1658	0.5647
1.1430	0.6783
1.1593	0.5618
1.1375	0.6803
1.1528	0.5573
1.1308	0.6843
1.1468	0.5540
1.1250	0.6920
1.1395	0.5562
1.1176	0.7007
1.1319	0.5650
1.1210	0.7075
1.1235	0.5740
1.1163	0.7052
1.1171	0.5912
1.1123	0.6995
1.1107	0.6103
1.1081	0.6923
1.1044	0.6325
1.0987	0.6540
1.0953	0.6710
1.0937	0.6835
1.0930	0.6922
1.0939	0.6990
1.0958	0.6972
1.0993	0.6917
1.1031	0.6810
1.1064	0.6667
1.2495	0.7525
1.1096	0.6520
1.2466	0.7517
1.1117	0.6388
1.2410	0.7400
1.1123	0.6312
1.2346	0.7215
1.1116	0.6257
1.2275	0.6975
1.1085	0.6250
1.2212	0.6677
1.1024	0.6267
1.2142	0.6382
1.0946	0.6338
1.2088	0.6098
1.0848	0.6448
1.2053	0.5828
1.0738	0.6555
1.2040	0.5615
1.0634	0.6667
1.2027	0.5482
1.0541	0.6715
1.2037	0.5422
1.0463	0.6735
1.2049	0.5410
1.0405	0.6733
1.2028	0.5448
1.0363	0.6720
1.2038	0.5570
1.0338	0.6628
1.2056	0.5733
1.0325	0.6500
1.2069	0.5915
1.0320	0.6370
1.2085	0.6135
1.2083	0.6352
1.2118	0.6530
1.2149	0.6673
1.2190	0.6748
1.2241	0.6777
1.2262	0.6765
1.2286	0.6688
1.2293	0.6603
1.2301	0.6505
1.2311	0.6372
1.3324	0.6655
1.2253	0.6227
1.3368	0.6557
1.2185	0.6115
1.3405	0.6520
1.2098	0.6032
1.3438	0.6465
1.2003	0.6000
1.3470	0.6370
1.1857	0.6025
1.3493	0.6462
1.1783	0.6085
1.3514	0.6582
1.1661	0.6177
1.3536	0.6688
1.1589	0.6265
1.3554	0.6803
1.1527	0.6373
1.3556	0.7110
1.1452	0.6518
1.3558	0.7258
1.1336	0.6660
1.3557	0.7485
1.1244	0.6787
1.3550	0.7460
1.1157	0.6880
1.3513	0.7463
1.1106	0.6875
1.3445	0.7492
1.1104	0.6805
1.3383	0.7632
1.1119	0.6695
1.3323	0.7567
1.1140	0.6575
1.3267	0.7500
1.1119	0.6465
1.3256	0.7367
1.1109	0.6318
1.3259	0.7193
1.1125	0.6135
1.3286	0.7022
1.1158	0.5978
1.5625	0.5962
1.3311	0.6765
1.1194	0.5850
1.5608	0.5975
1.3327	0.6680
1.1209	0.5767
1.5601	0.5945
1.3353	0.6642
1.1216	0.5802
1.5569	0.5933
1.3365	0.6585
1.5547	0.5897
1.3373	0.6460
1.5569	0.5880
1.3363	0.6452
1.5586	0.5845
1.3340	0.6497
1.5542	0.5778
1.3306	0.6628
1.5474	0.5743
1.3265	0.6653
1.5393	0.5717
1.3217	0.6635
1.5295	0.5697
1.3165	0.6778
1.5176	0.5740
1.3089	0.6872
1.5039	0.5830
1.3002	0.6853
1.4857	0.5957
1.2919	0.6845
1.4624	0.6087
1.2859	0.6815
1.4328	0.6212
1.2811	0.6757
1.4071	0.6410
1.2789	0.6698
1.3864	0.6627
1.2792	0.6562
1.3731	0.6805
1.2821	0.6525
1.3630	0.6975
1.2867	0.6540
1.3587	0.7123
1.2917	0.6470
1.3549	0.7197
1.2977	0.6477
1.3519	0.7232
1.3034	0.6600
1.3514	0.7182
1.3077	0.6615
1.3510	0.7120
1.3126	0.6590
1.3482	0.7030
1.3159	0.6683
1.3447	0.6895
1.3180	0.6695
1.3397	0.6738
1.3207	0.6673
1.3372	0.6638
1.3217	0.6663
1.3358	0.6528
1.3221	0.6593
1.3308	0.6497
1.3214	0.6462
1.3273	0.6463
1.3199	0.6357
1.3261	0.6428
1.3176	0.6117
1.3246	0.6440
1.3160	0.5958
1.3249	0.6427
1.3154	0.5800
1.3269	0.6433
1.3177	0.5617
1.3281	0.6430
1.3214	0.5435
1.3312	0.6427
1.3268	0.5325
1.3344	0.6362
1.3338	0.5290
1.3386	0.6287
1.3403	0.5227
1.3416	0.6200
1.3460	0.5312
1.3467	0.6125
1.3501	0.5378
1.3513	0.6055
1.3534	0.5538
1.3515	0.5977
1.3548	0.5578
1.3558	0.5910
1.3552	0.5723
1.1884	0.6480
1.3576	0.5845
1.1892	0.6530
1.3586	0.5787
1.1905	0.6580
1.3589	0.5758
1.1922	0.6650
1.3632	0.5755
1.1950	0.6695
1.3647	0.5765
1.1980	0.6717
1.3699	0.5733
1.2011	0.6760
1.3733	0.5735
1.2034	0.6750
1.3708	0.5745
1.2051	0.6745
1.3764	0.5765
1.2063	0.6703
1.3781	0.5800
1.2078	0.6685
1.3798	0.5830
1.2089	0.6627
1.3823	0.5875
1.2096	0.6580
1.3831	0.5913
1.2099	0.6512
1.3818	0.5972
1.2106	0.6430
1.3716	0.6037
1.2119	0.6355
1.3711	0.6107
1.2134	0.6265
1.3626	0.6180
1.2151	0.6200
1.3566	0.6218
1.2167	0.6162
1.3513	0.6220
1.2182	0.6157
1.3470	0.6217
1.2201	0.6173
1.3447	0.6253
1.2217	0.6210
1.3411	0.6275
1.2240	0.6225
1.3382	0.6320
1.2272	0.6207
1.3408	0.6350
1.2311	0.6192
1.3441	0.6385
1.2339	0.6190
1.3435	0.6453
1.2363	0.6187
1.3473	0.6522
1.2370	0.6200
1.3504	0.6622
1.2369	0.6178
1.1962	0.6338
1.2351	0.6128
1.1975	0.6220
1.2318	0.6055
1.1961	0.6127
1.2279	0.6025
1.1931	0.6057
1.2231	0.6030
1.1901	0.6010
1.2191	0.6102
1.1865	0.6012
1.2149	0.6195
1.1828	0.6050
1.2104	0.6257
1.1778	0.6085
1.2071	0.6313
1.1717	0.6147
1.2040	0.6377
1.1643	0.6215
1.2016	0.6442
1.1571	0.6260
1.1999	0.6515
1.1496	0.6295
1.1999	0.6542
1.1429	0.6280
1.2014	0.6533
1.1362	0.6242
1.2031	0.6495
1.1303	0.6195
1.2048	0.6423
1.1253	0.6107
1.2055	0.6362
1.1215	0.6000
1.2058	0.6273
1.1187	0.5893
1.2037	0.6157
1.1169	0.5785
1.2008	0.6025
1.1160	0.5660
1.1964	0.5897
1.1153	0.5580
1.1920	0.5810
1.1153	0.5500
1.1860	0.5800
1.1164	0.5470
1.1810	0.5832
1.1181	0.5463
1.1747	0.5905
1.1193	0.5467
1.1686	0.6007
1.1201	0.5503
1.1636	0.6133
1.1202	0.5560
1.1592	0.6280
1.1194	0.5615
1.1560	0.6473
1.1181	0.5680
1.1163	0.5738
1.1141	0.5762
1.1122	0.5772
1.1106	0.5762
1.2992	0.6865
1.1082	0.5743
1.2976	0.7040
1.1074	0.5712
1.2972	0.7165
1.1069	0.5655
1.2985	0.7290
1.1077	0.5593
1.3005	0.7367
1.1089	0.5540
1.3032	0.7398
1.1109	0.5490
1.3057	0.7398
1.1143	0.5470
1.3086	0.7368
1.1175	0.5483
1.3102	0.7297
1.1210	0.5545
1.3108	0.7140
1.1244	0.5640
1.3115	0.6948
1.1274	0.5770
1.3117	0.6720
1.1287	0.5935
1.3099	0.6495
1.1288	0.6138
1.3051	0.6270
1.1278	0.6340
1.2999	0.6012
1.1269	0.6545
1.2955	0.5833
1.1225	0.6735
1.2913	0.5638
1.1197	0.6897
1.2877	0.5488
1.1153	0.7025
1.2841	0.5390
1.1116	0.7123
1.2808	0.5338
1.1071	0.7195
1.2781	0.5372
1.1031	0.7230
1.2762	0.5388
1.0959	0.7222
1.2752	0.5493
1.0912	0.7185
1.2747	0.5572
1.2743	0.5725
1.2748	0.5830
1.2757	0.5950
1.2772	0.6070
1.2793	0.6160
1.2809	0.6188
1.2810	0.6213
1.2802	0.6255
1.2780	0.6248
1.2853	0.6132
1.2749	0.6280
1.2864	0.5977
1.2711	0.6335
1.2865	0.5877
1.2658	0.6400
1.2875	0.5810
1.2608	0.6505
1.2886	0.5765
1.2558	0.6638
1.2901	0.5717
1.2519	0.6810
1.2906	0.5640
1.2489	0.7057
1.2911	0.5590
1.2463	0.7282
1.2892	0.5555
1.2435	0.7498
1.2865	0.5538
1.2401	0.7603
1.2815	0.5525
1.2356	0.7667
1.2752	0.5495
1.2289	0.7675
1.2668	0.5458
1.2214	0.7683
1.2583	0.5425
1.2143	0.7608
1.2520	0.5397
1.2073	0.7478
1.2460	0.5423
1.2011	0.7300
1.2405	0.5513
1.2032	0.7093
1.2356	0.5640
1.1970	0.6898
1.2321	0.5773
1.1908	0.6690
1.2294	0.5895
1.1845	0.6612
1.2270	0.6020
1.1783	0.6613
1.2253	0.6148
1.1720	0.6648
1.2228	0.6267
1.1662	0.6707
1.2207	0.6367
1.1611	0.6862
1.2172	0.6468
1.1571	0.7062
1.2118	0.6560
1.1547	0.7327
1.2063	0.6662
1.2015	0.6743
1.1957	0.6782
1.1901	0.6785
1.1829	0.6760
1.1767	0.6735
1.1725	0.6698
1.1686	0.6673
1.1659	0.6648
1.1650	0.6630
1.1660	0.6617
1.1687	0.6635
1.1714	0.6723
1.1743	0.6865
1.1184	0.7007
1.1781	0.7035
1.1147	0.6830
1.1821	0.7210
1.1104	0.6623
1.1843	0.7407
1.1056	0.6435
1.1857	0.7603
1.1011	0.6273
1.1869	0.7800
1.0969	0.6132
1.1879	0.7967
1.0928	0.6037
1.1881	0.8038
1.0886	0.5985
1.1877	0.8032
1.0844	0.5992
1.1867	0.7960
1.0797	0.6035
1.1869	0.7838
1.0753	0.6083
1.1874	0.7672
1.0726	0.6162
1.1885	0.7485
1.0704	0.6248
1.1918	0.7273
1.0689	0.6330
1.1951	0.7070
1.0676	0.6415
1.1991	0.6878
1.0671	0.6512
1.2037	0.6710
1.0673	0.6593
1.2094	0.6632
1.0679	0.6645
1.2115	0.6590
1.0683	0.6660
1.2146	0.6583
1.0684	0.6670
1.2191	0.6603
1.0684	0.6682
1.0685	0.6693
1.0697	0.6715
1.0714	0.6760
1.0734	0.6803
1.0758	0.6823
1.0778	0.6835
1.0799	0.6870
1.0824	0.6905
1.0847	0.6935
1.0862	0.6955
1.0871	0.6950
1.0844	0.6552
1.0881	0.6928
1.0801	0.6393
1.0893	0.6865
1.0761	0.6258
1.0904	0.6793
1.0726	0.6172
1.0912	0.6697
1.0697	0.6155
1.0912	0.6588
1.0674	0.6205
1.0905	0.6475
1.0660	0.6313
1.0894	0.6392
1.0648	0.6463
1.0878	0.6325
1.0643	0.6653
1.0860	0.6290
1.0643	0.6880
1.0842	0.6302
1.0641	0.7150
1.0832	0.6355
1.0632	0.7437
1.0823	0.6455
1.0615	0.7687
1.0821	0.6580
1.0593	0.7898
1.0821	0.6753
1.0567	0.8022
1.0823	0.6955
1.0540	0.8080
1.0844	0.7142
1.0512	0.8065
1.0488	0.7985
1.0466	0.7855
1.0447	0.7692
1.0432	0.7487
1.0425	0.7260
1.0424	0.7070
1.0432	0.6895
1.0449	0.6785
1.0473	0.6707
1.0512	0.6687
1.0550	0.6723
1.0575	0.6793
1.0587	0.6898
1.0595	0.7035
1.0599	0.7155
1.0599	0.7240
1.0597	0.7300
1.1064	0.7060
1.0597	0.7322
1.1031	0.7047
1.0603	0.7340
1.1007	0.7072
1.0617	0.7317
1.0993	0.7127
1.0629	0.7255
1.0990	0.7212
1.0642	0.7155
1.1002	0.7315
1.0662	0.7025
1.1022	0.7402
1.0689	0.6875
1.1049	0.7457
1.0729	0.6757
1.1086	0.7482
1.0776	0.6687
1.1128	0.7497
1.0826	0.6670
1.1174	0.7490
1.0880	0.6688
1.1224	0.7470
1.0927	0.6735
1.1269	0.7425
1.0961	0.6827
1.1305	0.7377
1.0981	0.6978
1.1318	0.7325
1.1070	0.7170
1.1320	0.7267
1.1311	0.6590
1.1292	0.6578
1.1257	0.6595
1.1214	0.6613
1.1159	0.6657
1.1106	0.6697
1.1058	0.6745
1.1026	0.6758
1.1002	0.6748
1.0986	0.6700
1.0987	0.7285
1.1001	0.7208
1.1028	0.7107
1.1069	0.6990
1.1428	0.7692
1.1119	0.6865
1.1434	0.7643
1.1169	0.6755
1.1442	0.7553
1.1214	0.6668
1.1454	0.7440
1.1245	0.6625
1.1464	0.7300
1.1268	0.6610
1.1476	0.7135
1.1283	0.6625
1.1488	0.6990
1.1286	0.6665
1.1498	0.6887
1.1270	0.6742
1.1505	0.6845
1.1250	0.6805
1.1504	0.6845
1.1228	0.6903
1.1500	0.6875
1.1206	0.6978
1.1494	0.6937
1.1189	0.7023
1.1488	0.7040
1.1187	0.7030
1.1499	0.7160
1.1200	0.6990
1.1512	0.7248
1.1228	0.6937
1.1534	0.7290
1.1266	0.6865
1.1570	0.7292
1.1312	0.6758
1.4383	0.7925
1.1610	0.7275
1.4374	0.7910
1.1658	0.7255
1.4385	0.7815
1.1700	0.7208
1.4425	0.7655
1.1745	0.7147
1.4473	0.7475
1.1797	0.7075
1.4529	0.7325
1.1839	0.6987
1.4570	0.7242
1.1872	0.6900
1.4601	0.7198
1.1893	0.6837
1.4632	0.7200
1.1890	0.6832
1.4640	0.7193
1.1891	0.6870
1.4632	0.7225
1.1896	0.6937
1.4617	0.7295
1.1920	0.7018
1.4600	0.7413
1.1947	0.7130
1.4575	0.7577
1.1985	0.7262
1.4539	0.7718
1.2024	0.7392
1.4500	0.7810
1.2065	0.7498
1.4456	0.7802
1.2109	0.7545
1.4405	0.7735
1.2158	0.7550
1.4351	0.7600
1.2203	0.7523
1.4313	0.7425
1.2253	0.7453
1.4294	0.7225
1.2293	0.7335
1.4281	0.7032
1.2325	0.7192
1.4273	0.6857
1.2347	0.7018
1.4259	0.6678
1.2349	0.6838
1.4243	0.6543
1.2348	0.6675
1.4236	0.6455
1.2346	0.6545
1.4230	0.6398
1.2333	0.6468
1.4228	0.6407
1.2321	0.6430
1.4221	0.6450
1.2310	0.6415
1.4216	0.6495
1.2306	0.6427
1.4215	0.6562
1.2287	0.6455
1.4222	0.6612
1.2282	0.6480
1.4236	0.6642
1.2308	0.6517
1.4246	0.6653
1.2277	0.6510
1.4263	0.6630
1.2245	0.6460
1.4283	0.6560
1.4305	0.6457
1.4343	0.6333
1.4388	0.6212
1.4437	0.6165
1.2276	0.6680
1.4486	0.6125
1.2344	0.6550
1.4526	0.6130
1.2397	0.6357
1.4555	0.6180
1.2435	0.6172
1.4579	0.6285
1.2442	0.5993
1.4589	0.6405
1.2442	0.5843
1.4589	0.6567
1.2435	0.5728
1.4592	0.6768
1.2426	0.5662
1.4584	0.6987
1.2407	0.5618
1.4565	0.7195
1.2389	0.5638
1.4532	0.7327
1.2366	0.5693
1.4491	0.7423
1.2348	0.5735
1.4443	0.7450
1.2348	0.5780
1.4390	0.7405
1.2363	0.5810
1.4330	0.7293
1.2379	0.5820
1.4270	0.7122
1.2399	0.5795
1.4212	0.6915
1.2425	0.5702
1.4150	0.6702
1.2457	0.5557
1.4098	0.6480
1.2498	0.5375
1.4061	0.6255
1.2556	0.5187
1.4020	0.6083
1.2606	0.4978
1.3977	0.5950
1.2661	0.4790
1.3928	0.5863
1.2702	0.4635
1.3881	0.5825
1.2748	0.4527
1.3841	0.5832
1.2789	0.4473
1.3813	0.5893
1.2830	0.4483
1.3789	0.5958
1.2869	0.4565
1.3767	0.6025
1.2917	0.4697
1.1697	0.7750
1.2979	0.4895
1.1809	0.7735
1.3047	0.5115
1.1898	0.7725
1.3120	0.5388
1.1955	0.7680
1.3198	0.5718
1.1985	0.7568
1.3249	0.6098
1.1994	0.7400
1.3311	0.6515
1.1984	0.7210
1.3347	0.6880
1.1957	0.7023
1.3392	0.7145
1.1913	0.6832
1.3439	0.7315
1.1853	0.6755
1.3479	0.7373
1.1785	0.6675
1.3509	0.7348
1.1734	0.6678
1.3530	0.7250
1.1715	0.6678
1.3549	0.7110
1.1734	0.6722
1.3561	0.6870
1.1801	0.6782
1.3567	0.6583
1.1896	0.6843
1.3569	0.6235
1.2015	0.6885
1.3566	0.5920
1.2145	0.6933
1.3565	0.5680
1.2277	0.6953
1.3568	0.5547
1.2398	0.6933
1.3561	0.5568
1.2505	0.6905
1.3555	0.5675
1.2599	0.6832
1.3546	0.5855
1.2679	0.6722
1.3549	0.6070
1.2734	0.6590
1.3557	0.6335
1.2758	0.6495
1.3563	0.6615
1.2760	0.6435
1.3597	0.6903
1.2744	0.6422
1.3628	0.7173
1.2707	0.6445
1.3651	0.7390
1.2648	0.6385
1.2659	0.6525
1.3680	0.7517
1.2668	0.6332
1.2593	0.6665
1.3716	0.7510
1.2673	0.6355
1.2521	0.6788
1.3747	0.7422
1.2633	0.6440
1.2455	0.6920
1.3792	0.7288
1.2569	0.6580
1.2404	0.7112
1.2495	0.6748
1.2377	0.7280
1.2438	0.6998
1.2386	0.7395
1.2405	0.7238
1.2422	0.7450
1.2387	0.7325
1.2474	0.7470
1.2355	0.7355
1.2535	0.7418
1.2330	0.7383
1.2597	0.7333
1.2311	0.7367
1.2670	0.7192
1.2293	0.7350
1.2736	0.7055
1.2277	0.7335
1.2745	0.6885
1.2278	0.7348
1.2734	0.6670
1.2273	0.7400
1.2730	0.6500
1.2277	0.7408
1.2721	0.6407
1.2284	0.7425
1.2718	0.6405
1.2300	0.7570
1.2728	0.6425
1.2311	0.7735
1.2764	0.6500
1.2315	0.7825
1.2821	0.6580
1.2311	0.7870
1.2886	0.6738
1.2288	0.7810
1.2954	0.6927
1.2265	0.7665
1.3023	0.7183
1.2235	0.7362
1.3093	0.7460
1.2212	0.6903
1.3154	0.7680
1.2185	0.6335
1.3206	0.7845
1.2146	0.6002
1.2106	0.5645
1.2055	0.5280
1.2014	0.4955
1.1708	0.6947
1.1975	0.4690
1.1738	0.6890
1.1950	0.4530
1.1797	0.6857
1.1935	0.4445
1.1881	0.6868
1.1952	0.4480
1.1977	0.6888
1.1965	0.4642
1.2066	0.6925
1.1993	0.4902
1.2146	0.6957
1.2011	0.4928
1.2204	0.6977
1.2037	0.4995
1.2237	0.6932
1.2071	0.5075
1.2247	0.6913
1.2103	0.5160
1.2242	0.6873
1.2141	0.5228
1.2239	0.6907
1.2194	0.5265
1.2238	0.6923
1.2241	0.5285
1.2241	0.6953
1.2285	0.5297
1.2242	0.6965
1.2323	0.5327
1.2242	0.6953
1.2359	0.5380
1.2256	0.6890
1.2406	0.5480
1.2264	0.6807
1.2459	0.5628
1.2265	0.6765
1.2523	0.5832
1.2262	0.6747
1.2598	0.6060
1.2255	0.6770
1.2686	0.6245
1.2251	0.6772
1.2781	0.6325
1.2247	0.6832
1.2863	0.6285
1.2229	0.6895
1.2954	0.6157
1.2190	0.7010
1.3036	0.5958
1.2171	0.7147
1.3121	0.5742
1.2173	0.7297
1.3201	0.5520
1.2189	0.7458
1.3296	0.5283
1.2226	0.7553
1.3387	0.5033
1.2281	0.7653
1.3479	0.4797
1.2345	0.7708
1.3559	0.4632
1.2400	0.7760
1.2446	0.7727
1.2485	0.7617
1.2512	0.7435
1.2523	0.7215
1.2527	0.7000
1.2527	0.6820
1.2517	0.6678
1.2508	0.6543
1.2493	0.6440
1.0204	0.5410
1.2469	0.6320
1.0213	0.5382
1.2446	0.6190
1.0221	0.5317
1.2411	0.6082
1.0223	0.5222
1.2350	0.5973
1.0224	0.5162
1.2278	0.5875
1.0227	0.5137
1.2196	0.5833
1.0238	0.5088
1.2102	0.5767
1.0259	0.5080
1.1990	0.5725
1.0286	0.5147
1.1874	0.5688
1.0322	0.5275
1.1776	0.5645
1.0353	0.5440
1.1699	0.5650
1.0389	0.5647
1.1632	0.5690
1.0420	0.5923
1.1579	0.5753
1.0453	0.6233
1.1535	0.5865
1.0484	0.6507
1.1500	0.5965
1.0509	0.6745
1.1464	0.6010
1.0534	0.6930
1.1422	0.6055
1.0562	0.7028
1.1377	0.6110
1.0595	0.7050
1.0640	0.6965
1.0687	0.6827
1.0731	0.6675
1.0765	0.6522
1.0787	0.6345
1.0799	0.6170
1.0805	0.6002
1.0810	0.5888
1.2362	0.7167
1.0819	0.5847
1.2443	0.7193
1.0830	0.5867
1.2527	0.7265
1.0841	0.5985
1.2617	0.7382
1.0854	0.6175
1.2714	0.7528
1.0875	0.6380
1.2811	0.7655
1.0902	0.6550
1.2902	0.7750
1.0940	0.6685
1.2975	0.7812
1.0987	0.6782
1.3011	0.7807
1.1052	0.6848
1.3021	0.7755
1.1125	0.6870
1.3028	0.7672
1.1193	0.6860
1.3040	0.7560
1.1249	0.6807
1.3051	0.7430
1.1301	0.6700
1.3057	0.7300
1.1330	0.6550
1.3065	0.6980
1.1358	0.6377
1.3068	0.6807
1.1378	0.6222
1.3081	0.6670
1.1399	0.6115
1.3095	0.6577
1.1426	0.6045
1.3104	0.6540
1.1459	0.6015
1.3111	0.6515
1.1444	0.6033
1.3118	0.6523
1.1455	0.6085
1.3133	0.6523
1.1459	0.6178
1.3150	0.6495
1.3182	0.6395
1.3217	0.6495
1.3263	0.6610
1.3307	0.6562
1.3332	0.6443
1.3356	0.6333
1.3374	0.6202
1.3397	0.6110
1.3434	0.6017
1.3479	0.5983
1.3525	0.6007
1.3563	0.6007
1.1660	0.6975
1.3592	0.5885
1.1714	0.6968
1.3618	0.5895
1.1755	0.7000
1.3662	0.6038
1.1800	0.7063
1.3713	0.6120
1.1834	0.7160
1.3761	0.6280
1.1846	0.7282
1.3802	0.6365
1.1851	0.7387
1.3832	0.6475
1.1840	0.7425
1.3851	0.6527
1.1822	0.7445
1.3863	0.6560
1.1792	0.7420
1.3868	0.6572
1.1761	0.7350
1.3900	0.6590
1.1726	0.7267
1.3922	0.6610
1.1696	0.7153
1.3908	0.6553
1.1660	0.7012
1.3883	0.6538
1.1642	0.6840
1.3858	0.6490
1.1613	0.6630
1.3834	0.6490
1.1596	0.6460
1.3813	0.6488
1.1582	0.6337
1.3787	0.6543
1.1581	0.6217
1.3761	0.6612
1.1587	0.6125
1.3741	0.6705
1.1587	0.6052
1.3732	0.6758
1.1583	0.5990
1.3748	0.6875
1.1567	0.5957
1.3778	0.7077
1.1565	0.5927
1.3807	0.7268
1.1557	0.5915
1.1555	0.5927
1.1555	0.5945
1.1545	0.5973
1.1540	0.5985
1.1546	0.5985
1.1582	0.5998
1.0802	0.8307
1.1640	0.6022
1.0782	0.8290
1.1716	0.6045
1.0766	0.8197
1.1791	0.6083
1.0758	0.8082
1.1858	0.6138
1.0758	0.7888
1.1912	0.6195
1.0756	0.7668
1.1956	0.6263
1.0752	0.7462
1.1977	0.6332
1.0743	0.7285
1.1969	0.6430
1.0728	0.7103
1.1944	0.6565
1.0708	0.6910
1.1896	0.6698
1.0676	0.6712
1.1836	0.6812
1.0640	0.6572
1.1770	0.6893
1.0604	0.6488
1.1697	0.6920
1.0566	0.6470
1.1628	0.6912
1.0534	0.6490
1.1560	0.6892
1.0508	0.6587
1.1498	0.6820
1.0494	0.6665
1.1447	0.6712
1.0493	0.6807
1.1420	0.6570
1.0501	0.6983
1.1416	0.6402
1.0513	0.7183
1.0538	0.7335
1.0579	0.7515
1.0627	0.7722
1.0685	0.7895
1.0750	0.8050
1.0809	0.8155
1.0854	0.8245
1.0719	0.8267
1.0712	0.8205
1.0687	0.8127
1.0643	0.8067
1.0586	0.7925
1.1047	0.5970
1.0531	0.7775
1.1012	0.6038
1.0489	0.7580
1.1019	0.6205
1.0453	0.7380
1.0999	0.6460
1.0431	0.7132
1.0973	0.6735
1.0420	0.6915
1.0954	0.7030
1.0425	0.6690
1.0947	0.7303
1.0452	0.6560
1.0946	0.7513
1.0492	0.6452
1.0933	0.7635
1.0547	0.6365
1.0946	0.7690
1.0606	0.6293
1.0952	0.7695
1.0674	0.6188
1.0979	0.7617
1.0752	0.6102
1.0937	0.7470
1.0824	0.6058
1.0921	0.7270
1.0887	0.6078
1.0918	0.7062
1.0950	0.6150
1.0909	0.6853
1.1009	0.6245
1.0903	0.6662
1.1054	0.6380
1.0909	0.6525
1.1096	0.6535
1.0909	0.6463
1.1143	0.6722
1.0890	0.6445
1.0885	0.6452
1.0872	0.6507
1.0865	0.6605
1.0848	0.6703
1.3471	0.7170
1.0837	0.6785
1.3378	0.7318
1.0820	0.6883
1.3293	0.7338
1.0847	0.6977
1.3207	0.7293
1.0841	0.7033
1.3133	0.7165
1.0916	0.7053
1.3063	0.7163
1.0915	0.7018
1.2981	0.7077
1.0988	0.6918
1.3057	0.7060
1.1039	0.6743
1.2961	0.7232
1.1094	0.6530
1.2881	0.7025
1.1120	0.6328
1.2823	0.7200
1.1191	0.6170
1.2783	0.7243
1.1218	0.6012
1.2751	0.7367
1.1308	0.5883
1.2738	0.7480
1.1391	0.5795
1.2749	0.7623
1.1445	0.5752
1.2763	0.7617
1.1513	0.5780
1.2774	0.7855
1.1620	0.5897
1.2757	0.7660
1.1714	0.6118
1.2731	0.7568
1.1793	0.6385
1.2704	0.7570
1.1849	0.6683
1.2674	0.7505
1.1892	0.6990
1.2645	0.7270
1.1948	0.7312
1.2602	0.7045
1.1944	0.7570
1.2560	0.6832
1.1950	0.7737
1.2531	0.6792
1.1933	0.7810
1.2509	0.6645
1.1894	0.7805
1.2485	0.6517
1.1857	0.7710
1.2469	0.6655
1.1827	0.7525
1.2479	0.6805
1.1810	0.7290
1.2508	0.6905
1.1823	0.7010
1.2539	0.6977
1.2583	0.7167
1.2644	0.7320
1.2702	0.7475
1.2749	0.7515
1.2767	0.7653
1.2767	0.7670
1.1892	0.6200
1.2755	0.7617
1.1834	0.6165
1.2754	0.7435
1.1786	0.6200
1.2742	0.7260
1.1761	0.6293
1.2740	0.7170
1.1751	0.6420
1.2738	0.6983
1.1750	0.6525
1.2739	0.6698
1.1768	0.6560
1.2745	0.6575
1.1797	0.6612
1.2753	0.6460
1.1836	0.6622
1.2754	0.6398
1.1891	0.6657
1.2749	0.6383
1.1974	0.6695
1.2734	0.6087
1.2013	0.6670
1.2723	0.6238
1.2040	0.6603
1.2721	0.6327
1.2050	0.6540
1.2729	0.6398
1.2037	0.6475
1.2759	0.6470
1.2112	0.6427
1.2805	0.6688
1.2065	0.6407
1.2835	0.6765
1.2050	0.6375
1.2853	0.6833
1.2043	0.6333
1.2858	0.6610
1.2032	0.6217
1.2855	0.6650
1.2021	0.6072
1.2840	0.6963
1.2011	0.5998
1.2814	0.6955
1.2008	0.5908
1.2772	0.7050
1.2077	0.5830
1.2719	0.7237
1.2061	0.5743
1.2641	0.7260
1.2058	0.5668
1.2546	0.7285
1.2024	0.5610
1.1993	0.5578
1.1932	0.5545
1.1913	0.5545
1.1889	0.5583
1.1793	0.5620
1.1741	0.5760
1.1633	0.5907
1.1646	0.6100
1.1615	0.6293
1.1249	0.6380
1.1632	0.6450
1.1218	0.6422
1.1656	0.6600
1.1186	0.6480
1.1650	0.6745
1.1159	0.6565
1.1701	0.6925
1.1125	0.6588
1.1737	0.7095
1.1101	0.6585
1.1791	0.7265
1.1085	0.6588
1.1846	0.7330
1.1094	0.6590
1.1876	0.7380
1.1095	0.6560
1.1923	0.7388
1.1099	0.6470
1.1962	0.7372
1.1099	0.6418
1.2015	0.7267
1.1107	0.6367
1.2026	0.7077
1.1120	0.6285
1.2068	0.6888
1.1133	0.6222
1.2059	0.6717
1.1136	0.6215
1.2067	0.6537
1.1147	0.6215
1.2047	0.6343
1.1166	0.6255
1.2045	0.6183
1.1175	0.6263
1.2007	0.6045
1.1176	0.6290
1.1984	0.5920
1.1173	0.6370
1.1988	0.5840
1.1174	0.6430
1.1183	0.6480
1.1188	0.6550
1.1195	0.6600
1.1197	0.6595
1.1204	0.6580
1.1215	0.6535
1.1238	0.6502
1.1261	0.6468
1.1279	0.6390
1.1291	0.6333
1.1282	0.6287
1.1275	0.6267
1.1278	0.6278
1.1294	0.6360
1.1313	0.6435
1.1328	0.6585
1.1330	0.6730
1.0270	0.6215
1.1326	0.6920
1.0277	0.6185
1.1312	0.7115
1.0291	0.6152
1.1303	0.7290
1.0299	0.6132
1.1298	0.7385
1.0311	0.6128
1.1306	0.7425
1.0309	0.6068
1.1309	0.7428
1.0309	0.5983
1.1305	0.7405
1.0304	0.5902
1.1290	0.7375
1.0311	0.5840
1.1276	0.7295
1.0704	0.5810
1.1257	0.7203
1.0705	0.5802
1.1230	0.7037
1.0696	0.5810
1.1189	0.6890
1.0691	0.5828
1.1156	0.6720
1.0673	0.5838
1.1128	0.6632
1.0647	0.5880
1.1128	0.6578
1.0626	0.5982
1.0600	0.6115
1.0578	0.6205
1.0552	0.6333
1.0524	0.6432
1.0505	0.6545
1.0484	0.6643
1.0472	0.6777
1.0452	0.6903
1.0452	0.6998
1.2378	0.6217
1.0431	0.7075
1.2340	0.6350
1.0424	0.7175
1.2293	0.6450
1.0425	0.7315
1.2262	0.6590
1.0429	0.7443
1.2243	0.6643
1.0424	0.7565
1.2223	0.6745
1.0433	0.7645
1.2183	0.6852
1.0435	0.7677
1.2126	0.6933
1.0433	0.7635
1.2063	0.7050
1.0443	0.7572
1.1997	0.7183
1.0454	0.7528
1.1933	0.7288
1.0448	0.7517
1.1874	0.7473
1.0456	0.7527
1.1825	0.7658
1.0459	0.7540
1.1781	0.7865
1.0476	0.7570
1.1743	0.8043
1.0481	0.7612
1.1699	0.8250
1.0498	0.7705
1.1647	0.8335
1.0530	0.7803
1.1585	0.8455
1.0567	0.7898
1.1509	0.8425
1.0629	0.7953
1.1426	0.8460
1.1331	0.8395
1.1240	0.8275
1.1153	0.8147
1.1084	0.7932
1.1026	0.7715
1.0979	0.7523
1.0951	0.7480
1.0933	0.7403
1.0923	0.7400
1.0925	0.7387
1.0927	0.7450
1.0933	0.7600
1.0948	0.7743
1.0969	0.7875
1.0994	0.8025
1.1034	0.8117
1.1082	0.8115
1.1140	0.8128
1.0652	0.7603
1.1215	0.8125
1.0586	0.7548
1.1287	0.8122
1.0542	0.7475
1.1357	0.8057
1.0498	0.7390
1.1410	0.7905
1.0462	0.7295
1.1450	0.7750
1.0432	0.7237
1.1478	0.7655
1.0862	0.7212
1.1496	0.7597
1.0844	0.7197
1.1513	0.7510
1.0835	0.7247
1.1532	0.7445
1.0837	0.7320
1.1551	0.7380
1.0832	0.7422
1.1582	0.7388
1.0817	0.7520
1.1618	0.7437
1.0813	0.7620
1.1654	0.7495
1.0800	0.7677
1.1693	0.7537
1.0784	0.7685
1.1741	0.7605
1.0746	0.7590
1.1788	0.7570
1.0695	0.7445
1.1823	0.7505
1.0647	0.7265
1.1855	0.7512
1.0603	0.7048
1.0558	0.6820
1.0528	0.6593
1.0504	0.6357
1.0477	0.6170
1.0461	0.5995
1.0459	0.5955
1.0454	0.5988
1.0444	0.6093
1.1863	0.6172
1.0443	0.6275
1.1857	0.6222
1.0439	0.6500
1.1825	0.6207
1.0418	0.6775
1.1790	0.6245
1.0404	0.7040
1.1753	0.6358
1.0378	0.7275
1.1720	0.6465
1.0359	0.7368
1.1688	0.6627
1.0330	0.7450
1.1656	0.6838
1.0292	0.7427
1.1619	0.7060
1.0242	0.7370
1.1600	0.7305
1.0220	0.7275
1.1606	0.7545
1.0204	0.7160
1.1619	0.7808
1.0218	0.7065
1.1628	0.8095
1.0227	0.6975
1.1631	0.8315
1.0246	0.6930
1.1644	0.8447
1.0271	0.6930
1.1660	0.8470
1.0312	0.6998
1.1660	0.8422
1.1636	0.8337
1.1592	0.8215
1.1542	0.8015
1.1491	0.7770
1.1448	0.7515
1.1396	0.7267
1.1339	0.7065
1.1271	0.6948
1.1213	0.6890
1.1174	0.6865
1.1151	0.6912
1.1139	0.7012
1.1134	0.7198
1.1141	0.7400
1.1152	0.7595
1.1165	0.7762
1.1178	0.7930
1.1198	0.8060
1.1230	0.8210
1.1268	0.8320
1.1291	0.8347
1.1328	0.8295
1.1356	0.8180
1.0238	0.7630
1.1413	0.8045
1.0194	0.7762
1.1495	0.7908
1.0146	0.8018
1.1581	0.7752
1.0114	0.8240
1.1662	0.7558
1.0085	0.8492
1.1737	0.7340
1.0078	0.8737
1.1817	0.7035
1.0070	0.9005
1.1908	0.6742
1.0074	0.9337
1.2011	0.6490
1.0093	0.9652
1.2118	0.6283
1.0117	0.9885
1.2233	0.6137
1.0167	0.9997
1.2355	0.5973
1.0228	1.0035
1.2491	0.5832
1.0292	1.0012
1.2644	0.5697
1.0365	0.9953
1.2799	0.5593
1.0411	0.9863
1.2940	0.5488
1.0471	0.9703
1.0525	0.9477
1.0579	0.9173
1.0625	0.8893
1.0681	0.8720
1.0737	0.8675
1.0774	0.8690
1.0816	0.8753
1.0833	0.8815
1.0838	0.8798
1.0855	0.8712
1.0861	0.8558
1.0874	0.8388
1.0886	0.8193
0.9506	0.9310
1.0903	0.7942
0.9499	0.9300
1.0934	0.7653
0.9503	0.9265
1.0967	0.7325
0.9520	0.9173
1.0991	0.6932
0.9542	0.9038
1.1016	0.6535
0.9564	0.8905
1.1049	0.6190
0.9595	0.8785
1.1083	0.5958
0.9632	0.8680
1.1128	0.5807
0.9679	0.8603
1.1185	0.5688
0.9738	0.8542
1.1252	0.5577
0.9809	0.8477
1.1317	0.5478
0.9884	0.8448
1.1391	0.5397
0.9961	0.8400
1.1482	0.5307
1.0030	0.8320
1.1583	0.5210
1.0087	0.8210
1.1697	0.5110
1.0141	0.8115
1.1826	0.5048
1.0191	0.7983
1.0247	0.7822
1.0318	0.7645
1.0394	0.7438
1.0474	0.7255
1.0551	0.7107
1.0630	0.7050
1.0703	0.7050
1.0787	0.7103
1.0884	0.7155
1.0988	0.7222
1.1090	0.7313
1.1171	0.7390
1.1233	0.7438
1.0642	0.7902
1.1279	0.7437
1.0631	0.7747
1.1309	0.7393
1.0613	0.7595
1.1330	0.7290
1.0597	0.7473
1.1344	0.7155
1.0590	0.7413
1.1348	0.6988
1.0590	0.7378
1.1338	0.6790
1.0595	0.7370
1.1312	0.6595
1.0606	0.7360
1.1284	0.6393
1.0625	0.7375
1.1258	0.6205
1.0651	0.7360
1.1250	0.6070
1.0686	0.7362
1.1249	0.6028
1.0723	0.7338
1.1264	0.6005
1.0768	0.7285
1.1284	0.5985
1.0814	0.7243
1.1325	0.5978
1.0861	0.7180
1.0896	0.7150
1.0927	0.7090
1.0959	0.7042
1.0991	0.6950
1.1027	0.6907
1.1049	0.6880
1.1072	0.6870
1.1102	0.6945
1.1128	0.7032
1.1169	0.7110
1.1208	0.7188
1.1250	0.7302
1.1292	0.7393
1.1346	0.7508
1.1095	0.7705
1.1399	0.7522
1.1036	0.7653
1.1452	0.7522
1.0978	0.7582
1.1515	0.7498
1.0945	0.7535
1.1548	0.7415
1.0905	0.7520
1.1579	0.7303
1.0880	0.7522
1.1604	0.7215
1.0880	0.7505
1.1598	0.7085
1.0892	0.7500
1.1581	0.6940
1.0927	0.7545
1.1588	0.6810
1.0969	0.7615
1.1640	0.6703
1.0997	0.7680
1.1719	0.6683
1.1008	0.7730
1.1733	0.6663
1.1013	0.7762
1.1869	0.6683
1.1019	0.7752
1.1866	0.6707
1.1010	0.7665
1.1978	0.6698
1.1002	0.7508
1.2106	0.6670
1.0992	0.7317
1.1941	0.6635
1.0986	0.7100
1.2052	0.6532
1.0982	0.6865
1.1950	0.6368
1.0993	0.6622
1.1991	0.6173
1.1007	0.6412
1.2014	0.5932
1.1030	0.6250
1.2149	0.5743
1.1082	0.6138
1.1140	0.6040
1.1212	0.5983
1.1276	0.5975
1.1340	0.6038
1.1414	0.6130
1.2259	0.7360
1.1489	0.6217
1.2244	0.7240
1.1541	0.6307
1.2220	0.7203
1.1594	0.6373
1.2192	0.7142
1.1627	0.6415
1.2162	0.7020
1.1658	0.6407
1.2141	0.6882
1.1682	0.6375
1.2121	0.6825
1.1692	0.6310
1.2103	0.6753
1.1694	0.6225
1.2082	0.6823
1.1695	0.6110
1.2055	0.6890
1.1687	0.6005
1.2026	0.7005
1.1674	0.5925
1.1996	0.7132
1.1665	0.5865
1.1968	0.7195
1.1665	0.5850
1.1950	0.7183
1.1685	0.5875
1.1942	0.7153
1.1718	0.5945
1.1937	0.7118
1.1763	0.6067
1.1943	0.7040
1.1801	0.6237
1.1937	0.6925
1.1834	0.6443
1.1909	0.6705
1.1862	0.6675
1.1865	0.6425
1.1892	0.6885
1.1815	0.6117
1.1930	0.7070
1.1772	0.5845
1.1956	0.7217
1.1733	0.5620
1.1979	0.7317
1.1705	0.5462
1.1990	0.7350
1.1698	0.5390
1.2000	0.7322
1.1708	0.5350
1.2016	0.7212
1.1742	0.5340
1.1799	0.5345
1.1878	0.5417
1.1964	0.5525
1.2051	0.5647
1.2584	0.8315
1.2135	0.5760
1.2540	0.8027
1.2210	0.5882
1.2487	0.7707
1.2274	0.5998
1.2439	0.7417
1.2330	0.6000
1.2381	0.7203
1.2374	0.5962
1.2330	0.7022
1.2404	0.5918
1.2284	0.6880
1.2418	0.5897
1.2244	0.6787
1.2435	0.5862
1.2235	0.6727
1.2459	0.5845
1.2249	0.6725
1.2494	0.5818
1.2287	0.6717
1.2526	0.5827
1.2343	0.6763
1.2556	0.5797
1.2414	0.6833
1.2593	0.5795
1.2490	0.6873
1.2639	0.5838
1.2575	0.6765
1.2690	0.5917
1.2674	0.6580
1.2737	0.5992
1.2797	0.6392
1.2783	0.6080
1.2869	0.6195
1.2839	0.6170
1.2935	0.6050
1.2891	0.6265
1.2991	0.5950
1.2906	0.6390
1.3057	0.5948
1.2884	0.6548
1.3113	0.5988
1.2853	0.6735
1.3148	0.6015
1.2817	0.6878
1.3187	0.6055
1.2790	0.6988
1.3187	0.6198
1.2778	0.7098
1.3173	0.6400
1.2775	0.7198
1.3141	0.6603
1.2778	0.7252
1.3135	0.6775
1.2774	0.7303
1.3145	0.6875
1.2773	0.7303
1.3141	0.6857
1.3139	0.6695
1.3122	0.6420
1.3088	0.6143
1.3059	0.5900
1.3043	0.5715
1.3014	0.5600
1.3004	0.5530
1.2995	0.5488
1.2995	0.5465
1.3000	0.5478
1.1061	0.6892
1.3011	0.5575
1.1097	0.7027
1.3057	0.5757
1.1135	0.7188
1.3098	0.5967
1.1169	0.7240
1.3154	0.6180
1.1216	0.7275
1.3212	0.6392
1.1257	0.7255
1.3286	0.6565
1.1299	0.7150
1.3350	0.6710
1.1328	0.7012
1.3417	0.6853
1.1342	0.6812
1.3454	0.7010
1.1342	0.6610
1.3484	0.7202
1.1333	0.6390
1.3493	0.7360
1.1320	0.6173
1.3497	0.7450
1.1306	0.5957
1.3504	0.7503
1.1294	0.5797
1.3505	0.7550
1.1282	0.5683
1.3500	0.7573
1.1285	0.5627
1.3494	0.7625
1.1299	0.5613
1.3467	0.7665
1.1319	0.5683
1.3435	0.7695
1.1328	0.5783
1.3408	0.7670
1.1324	0.5905
1.3392	0.7585
1.1311	0.6025
1.3390	0.7510
1.1301	0.6148
1.3401	0.7530
1.1291	0.6255
1.1284	0.6365
1.1294	0.6440
1.1306	0.6488
1.1308	0.6505
1.1300	0.6475
1.1286	0.6470
1.1289	0.6457
1.1295	0.6462
1.0635	0.7160
1.1307	0.6460
1.0613	0.7118
1.1321	0.6490
1.0586	0.7095
1.1336	0.6543
1.0564	0.7050
1.1350	0.6620
1.0545	0.7023
1.1372	0.6770
1.0528	0.6992
1.1385	0.6933
1.0506	0.6930
1.1404	0.7120
1.0473	0.6870
1.1418	0.7333
1.0442	0.6835
1.1425	0.7580
1.0408	0.6817
1.1430	0.7840
1.0384	0.6815
1.1434	0.8055
1.0365	0.6820
1.1434	0.8215
1.0335	0.6842
1.1419	0.8305
1.0298	0.6885
1.1397	0.8352
1.0260	0.6905
1.1374	0.8243
1.0239	0.6907
1.1557	0.8147
1.0231	0.6940
1.1609	0.8003
1.0237	0.6993
1.0249	0.7055
1.0284	0.7103
1.0315	0.7153
1.0354	0.7195
1.0397	0.7225
1.0449	0.7217
1.0496	0.7190
1.0544	0.7148
1.0590	0.7085
1.0629	0.6993
1.0661	0.6905
1.0670	0.6822
1.0683	0.6735
1.0682	0.6633
1.0975	0.7508
1.0692	0.6520
1.1007	0.7430
1.0707	0.6410
1.1036	0.7430
1.0730	0.6318
1.1067	0.7410
1.0747	0.6255
1.1093	0.7383
1.0778	0.6230
1.1114	0.7318
1.0803	0.6262
1.1136	0.7232
1.0833	0.6320
1.1161	0.7107
1.0861	0.6405
1.1184	0.7000
1.0881	0.6520
1.1206	0.6815
1.0891	0.6637
1.1213	0.6615
1.0887	0.6753
1.1210	0.6393
1.0875	0.6907
1.1204	0.6185
1.0840	0.7093
1.1193	0.6025
1.1185	0.5917
1.1184	0.5860
1.1186	0.5830
1.1188	0.5888
1.1184	0.6035
1.1176	0.6245
1.1156	0.6493
1.1128	0.6748
1.1094	0.6998
1.1053	0.7188
1.1011	0.7275
1.0968	0.7308
1.0931	0.7332
1.0903	0.7285
1.0880	0.7162
1.0874	0.7005
1.0882	0.6890
1.0896	0.6795
1.0913	0.6685
1.0930	0.6607
1.0734	0.7108
1.0940	0.6613
1.0772	0.7145
1.0948	0.6668
1.0803	0.7155
1.0960	0.6748
1.0844	0.7143
1.0988	0.6857
1.0878	0.7103
1.1025	0.6988
1.0903	0.7063
1.1067	0.7137
1.0915	0.7025
1.1103	0.7247
1.0909	0.7000
1.1136	0.7353
1.0886	0.6982
1.1165	0.7475
1.0857	0.6995
1.1193	0.7620
1.0818	0.7057
1.1221	0.7747
1.0780	0.7160
1.1249	0.7815
1.0736	0.7297
1.1281	0.7790
1.0688	0.7467
1.1312	0.7705
1.0630	0.7655
1.0578	0.7832
1.0536	0.7983
1.0511	0.8085
1.0495	0.8140
1.0487	0.8153
1.0482	0.8130
1.0474	0.8070
1.0465	0.7983
1.0466	0.7863
1.0470	0.7720
1.0486	0.7575
1.0505	0.7445
1.0530	0.7350
1.1020	0.6980
1.0552	0.7295
1.1045	0.6893
1.0570	0.7267
1.1057	0.6798
1.0590	0.7260
1.1083	0.6753
1.0617	0.7280
1.1107	0.6730
1.0643	0.7320
1.1132	0.6770
1.0667	0.7372
1.1162	0.6868
1.0692	0.7423
1.1194	0.7022
1.0712	0.7455
1.1233	0.7182
1.0739	0.7480
1.1283	0.7345
1.0778	0.7475
1.1306	0.7515
1.0831	0.7440
1.1335	0.7632
1.0890	0.7388
1.1335	0.7775
1.0952	0.7315
1.1336	0.7867
1.1008	0.7240
1.1321	0.7930
1.1058	0.7165
1.1294	0.7933
1.1104	0.7100
1.1266	0.7882
1.1133	0.7057
1.1233	0.7793
1.1176	0.7040
1.1204	0.7685
1.1205	0.7037
1.1168	0.7585
1.1228	0.7060
1.1132	0.7453
1.1106	0.7338
1.1081	0.7190
1.1063	0.7065
1.1055	0.6963
1.1052	0.6900
1.1045	0.6903
1.1033	0.6942
1.1030	0.7065
1.1038	0.7215
1.1068	0.7445
1.1107	0.7698
1.1151	0.7955
1.1199	0.8180
1.1247	0.8355
1.1296	0.8473
1.1349	0.8515
1.0715	0.7737
1.1428	0.8495
1.0711	0.7850
1.1510	0.8393
1.0715	0.7968
1.1589	0.8227
1.0723	0.8047
1.1687	0.7975
1.0740	0.8048
1.1786	0.7697
1.0754	0.7913
1.1906	0.7405
1.0758	0.7717
1.2032	0.7130
1.0756	0.7517
1.2154	0.6905
1.0742	0.7217
1.2265	0.6712
1.0710	0.6903
1.2355	0.6560
1.0673	0.6533
1.2422	0.6450
1.0643	0.6165
1.2468	0.6362
1.0616	0.5852
1.2501	0.6313
1.0604	0.5635
1.2513	0.6302
1.0588	0.5502
1.2507	0.6310
1.0575	0.5532
1.2506	0.6345
1.0562	0.5743
1.0554	0.6045
1.0549	0.6478
1.0536	0.7020
1.0519	0.7565
1.0508	0.8010
1.0501	0.8335
1.0500	0.8575
1.0509	0.8737
1.0522	0.8768
1.0534	0.8603
1.0546	0.8380
1.0423	0.6565
1.0556	0.7987
1.0370	0.6545
1.0565	0.7515
1.0326	0.6550
1.0570	0.7015
1.0302	0.6575
1.0566	0.6528
1.0279	0.6625
1.0553	0.6117
1.0279	0.6740
1.0542	0.5793
1.0275	0.6883
1.0531	0.5550
1.0284	0.7095
1.0525	0.5370
1.0301	0.7367
1.0516	0.5330
1.0330	0.7655
1.0508	0.5260
1.0347	0.7880
1.0509	0.5273
1.0348	0.8072
1.0516	0.5265
1.0389	0.8190
1.0535	0.5263
1.0394	0.8225
1.0564	0.5295
1.0386	0.8145
1.0599	0.5330
1.0410	0.7970
1.0635	0.5302
1.0418	0.7712
1.0681	0.5255
1.0431	0.7385
1.0726	0.5218
1.0448	0.7030
1.0765	0.5140
1.0465	0.6700
1.0513	0.6420
1.0540	0.6198
1.0576	0.6035
1.0599	0.5983
1.0632	0.6068
1.0678	0.6272
1.0708	0.6570
1.0744	0.6930
1.0770	0.7325
1.0785	0.7685
1.0806	0.7980
1.0811	0.8172
1.0850	0.8293
1.0867	0.8317
1.0880	0.8247
1.0894	0.8065
1.0900	0.7822
1.0922	0.7518
1.0935	0.7185
1.0969	0.6878
1.1013	0.6632
1.1060	0.6463
1.1130	0.6352
1.1202	0.6310
1.0084	0.8340
1.1268	0.6325
1.0078	0.8345
1.1357	0.6410
1.0071	0.8360
1.1456	0.6500
1.0065	0.8258
1.1540	0.6593
1.0058	0.8100
1.1604	0.6638
1.0050	0.8060
1.1648	0.6657
1.0036	0.7910
1.1692	0.6653
1.0024	0.7615
1.1745	0.6622
1.0011	0.7445
1.1771	0.6570
1.0001	0.7445
0.9992	0.7335
0.9989	0.7270
0.9992	0.7162
1.0008	0.7165
1.0035	0.7183
1.0078	0.7068
1.0130	0.7098
1.0186	0.7198
1.0241	0.7255
1.0291	0.7117
1.0333	0.7153
1.0366	0.7127
1.0387	0.7210
1.0398	0.7103
1.0607	0.7305
1.0397	0.7075
1.0588	0.7195
1.0389	0.7030
1.0578	0.7082
1.0373	0.6920
1.0557	0.6977
1.0349	0.6912
1.0564	0.6897
1.0315	0.6782
1.0562	0.6800
1.0277	0.6755
1.0573	0.6707
1.0234	0.6622
1.0572	0.6627
1.0199	0.6555
1.0549	0.6562
1.0178	0.6518
1.0551	0.6510
1.0177	0.6565
1.0549	0.6457
1.0191	0.6537
1.0561	0.6390
1.0218	0.6605
1.0562	0.6335
1.0255	0.6552
1.0544	0.6285
1.0303	0.6488
1.0532	0.6253
1.0347	0.6475
1.0526	0.6268
1.0385	0.6383
1.0522	0.6318
1.0413	0.6410
1.0537	0.6372
1.0441	0.6365
1.0537	0.6425
1.0467	0.6195
1.0551	0.6495
1.0500	0.6070
1.0578	0.6598
1.0537	0.5937
1.0592	0.6725
1.0584	0.5805
1.0615	0.6853
1.0633	0.5668
1.0637	0.6983
1.0663	0.7087
1.0695	0.7160
1.0716	0.7187
1.0762	0.7212
1.0793	0.7217
1.0834	0.7187
1.0859	0.7135
1.0893	0.7060
1.3023	0.6158
1.0917	0.7012
1.2974	0.6195
1.0952	0.7027
1.2932	0.6255
1.0979	0.7088
1.2897	0.6355
1.1000	0.7150
1.2866	0.6433
1.1041	0.7203
1.2824	0.6555
1.1085	0.7223
1.2762	0.6695
1.1114	0.7243
1.2697	0.6848
1.1161	0.7293
1.2645	0.6960
1.1213	0.7323
1.2609	0.7010
1.1267	0.7373
1.2589	0.7062
1.1319	0.7380
1.2579	0.7117
1.1382	0.7322
1.2565	0.7200
1.1452	0.7210
1.2553	0.7285
1.1530	0.7122
1.2544	0.7412
1.1573	0.7033
1.2538	0.7522
1.1623	0.6957
1.2532	0.7662
1.1684	0.6883
1.2533	0.7810
1.1758	0.6780
1.2516	0.7910
1.1833	0.6670
1.2505	0.7992
1.1913	0.6568
1.2501	0.7972
1.2034	0.6485
1.2500	0.7898
1.2190	0.6388
1.2508	0.7750
1.2320	0.6270
1.2520	0.7555
1.2429	0.6110
1.2519	0.7305
1.2526	0.5962
1.2510	0.6957
1.2507	0.6527
1.2513	0.6070
1.2531	0.5668
1.2562	0.5380
1.2598	0.5188
1.2654	0.5075
1.2719	0.4995
1.2801	0.4983
1.2895	0.5005
1.3001	0.5100
1.3109	0.5245
1.1140	0.6877
1.3207	0.5378
1.1155	0.6798
1.3293	0.5493
1.1168	0.6690
1.3386	0.5512
1.1193	0.6603
1.3489	0.5518
1.1212	0.6538
1.3591	0.5505
1.1245	0.6505
1.3676	0.5475
1.1592	0.6500
1.3732	0.5418
1.1656	0.6455
1.3767	0.5343
1.1736	0.6407
1.3805	0.5260
1.1802	0.6350
1.3853	0.5153
1.1895	0.6330
1.3897	0.5095
1.1988	0.6312
1.3934	0.5055
1.2084	0.6302
1.3945	0.5062
1.2198	0.6272
1.3938	0.5063
1.2314	0.6267
1.3919	0.5097
1.2414	0.6268
1.3898	0.5137
1.2531	0.6260
1.3859	0.5195
1.2610	0.6295
1.3817	0.5265
1.2689	0.6323
1.3769	0.5343
1.2739	0.6368
1.3732	0.5437
1.2784	0.6385
1.3702	0.5505
1.2806	0.6420
1.3668	0.5580
1.2810	0.6452
1.3647	0.5640
1.2824	0.6488
1.3632	0.5700
1.2828	0.6467
1.3618	0.5748
1.2839	0.6435
1.3605	0.5808
1.2428	0.5980
1.2845	0.6407
1.3587	0.5850
1.2380	0.6063
1.2846	0.6370
1.3581	0.5893
1.2337	0.6052
1.2851	0.6340
1.2315	0.6083
1.2852	0.6312
1.2300	0.6132
1.2857	0.6272
1.2280	0.6162
1.2849	0.6202
1.2271	0.6227
1.2866	0.6113
1.2259	0.6288
1.2859	0.6012
1.2233	0.6285
1.2864	0.5943
1.2197	0.6322
1.2883	0.5885
1.2172	0.6343
1.2883	0.5802
1.2157	0.6268
1.2892	0.5702
1.2154	0.6270
1.2915	0.5585
1.2140	0.6243
1.2921	0.5472
1.2115	0.6233
1.2951	0.5378
1.2093	0.6253
1.2958	0.5325
1.2074	0.6305
1.2963	0.5310
1.2076	0.6317
1.2974	0.5330
1.2088	0.6350
1.2984	0.5343
1.2112	0.6383
1.3013	0.5345
1.2137	0.6407
1.3032	0.5365
1.2162	0.6425
1.3059	0.5407
1.2186	0.6372
1.3067	0.5473
1.2195	0.6332
1.3066	0.5538
1.2207	0.6205
1.3087	0.5583
1.2214	0.6080
1.3089	0.5627
1.2232	0.5918
1.3087	0.5668
1.2242	0.5758
1.3068	0.5697
1.2253	0.5593
1.3062	0.5742
1.2271	0.5405
1.3034	0.5765
1.2291	0.5273
1.3009	0.5788
1.2325	0.5165
1.2989	0.5788
1.2368	0.5155
1.2408	0.5065
1.2455	0.5017
1.2504	0.5030
1.2562	0.5007
1.2635	0.5050
1.2702	0.5138
1.2773	0.5222
1.2828	0.5297
1.2891	0.5332
1.2942	0.5330
1.3003	0.5378
1.3064	0.5468
1.3108	0.5478
1.3117	0.5528
1.3105	0.5552
1.3094	0.5563
1.3081	0.5570
1.3072	0.5615
1.3063	0.5715
1.3049	0.5850
1.3044	0.6025
1.3046	0.6178
1.3059	0.6350
1.3080	0.6500
1.3111	0.6650
1.3148	0.6770
1.3182	0.6842
1.3216	0.6915
1.3255	0.6912
1.3297	0.6850
1.3346	0.6760
1.3413	0.6635
1.3477	0.6495
1.3535	0.6375
