#rho	velocity
0.3099	1.0110
0.3216	1.2522
0.2349	1.3910
0.2285	1.1890
0.3092	0.9847
0.3219	1.2690
0.2352	1.3698
0.2284	1.1765
0.3086	0.9713
0.3222	1.2800
0.2356	1.3857
0.2282	1.1823
0.3079	0.9640
0.3223	1.2718
0.2360	1.3945
0.2282	1.1798
0.3069	0.9623
0.3224	1.2520
0.2366	1.3952
0.2281	1.1583
0.3064	0.9763
0.3226	1.2490
0.2369	1.4070
0.2280	1.1485
0.3054	0.9885
0.3231	1.2248
0.2375	1.4080
0.2278	1.1210
0.3043	0.9947
0.3231	1.1920
0.2381	1.4003
0.2278	1.1012
0.2278	1.0767
0.3033	1.0028
0.3230	1.1662
0.2388	1.3920
0.2277	1.0563
0.3025	1.0242
0.3234	1.1517
0.2393	1.3777
0.2275	1.0410
0.3018	1.0255
0.3237	1.1380
0.2397	1.3718
0.2273	1.0465
0.3014	1.0515
0.3240	1.1145
0.2400	1.3465
0.2273	1.0368
0.3010	1.0740
0.3241	1.1117
0.2402	1.3220
0.2273	1.0433
0.3007	1.0708
0.3242	1.1102
0.2404	1.3030
0.2271	1.0642
0.3004	1.0845
0.3244	1.1125
0.2406	1.2770
0.2270	1.1000
0.3000	1.0807
0.3247	1.1005
0.2409	1.2280
0.2271	1.1175
0.3000	1.0672
0.3245	1.0805
0.2409	1.2350
0.2270	1.1382
0.2998	1.0760
0.3246	1.0845
0.2410	1.2320
0.2272	1.1512
0.2991	1.0825
0.3244	1.0645
0.2415	1.2167
0.2272	1.1610
0.2990	1.0970
0.3244	1.0392
0.2415	1.2110
0.2275	1.1572
0.2991	1.1098
0.3237	1.0137
0.2414	1.2100
0.2277	1.1673
0.2984	1.1233
0.3233	0.9992
0.2419	1.2185
0.2279	1.1567
0.2982	1.1255
0.3230	0.9860
0.2420	1.1710
0.2282	1.1435
0.2983	1.1433
0.3224	0.9797
0.2420	1.1770
0.2284	1.1205
0.2984	1.1320
0.3219	0.9675
0.2419	1.1740
0.2285	1.0855
0.2982	1.1268
0.3217	0.9675
0.2420	1.2185
0.2288	1.0595
0.2983	1.1280
0.3210	0.9808
0.2420	1.1765
0.2288	1.0510
0.2990	1.1027
0.3211	0.9942
0.2415	1.1557
0.2289	1.0347
0.2985	1.0865
0.3210	1.0185
0.2419	1.1770
0.2287	1.0335
0.2983	1.0567
0.3212	1.0530
0.2420	1.1567
0.2287	1.0358
0.2975	1.0375
0.3212	1.0890
0.2425	1.1187
0.2285	1.0485
0.2975	1.0128
0.3216	1.1268
0.2425	1.1153
0.2284	1.0620
0.2973	1.0085
0.3218	1.1475
0.2426	1.1565
0.2283	1.0753
0.2967	1.0128
0.3220	1.1728
0.2430	1.1248
0.2282	1.0892
0.2966	1.0197
0.3223	1.1800
0.2431	1.1065
0.2279	1.0985
0.2968	1.0383
0.3228	1.1857
0.2430	1.0688
0.2280	1.1192
0.2965	1.0465
0.3226	1.1747
0.2432	1.0700
0.2279	1.1147
0.2964	1.0590
0.3229	1.1558
0.2433	1.0643
0.2278	1.1135
0.2965	1.0688
0.3230	1.1385
0.2432	1.0352
0.2278	1.1115
0.2967	1.0757
0.3231	1.1095
0.2430	1.0090
0.2278	1.0970
0.2970	1.0828
0.3231	1.0702
0.2429	1.0453
0.2279	1.0365
0.2971	1.0795
0.3228	1.0502
0.2428	1.0300
0.2280	1.0400
0.2972	1.0652
0.3227	1.0355
0.2427	1.0358
0.2281	1.0350
0.2973	1.0557
0.3225	1.0160
0.2426	1.0157
0.2282	1.0272
0.2978	1.0265
0.3222	1.0120
0.2423	1.0248
0.2282	1.0080
0.2974	1.0117
0.3222	0.9970
0.2425	1.0063
0.2279	1.0030
0.2974	1.0033
0.3229	1.0115
0.2426	1.0085
0.2280	1.0495
0.2969	0.9950
0.3228	1.0315
0.2429	1.0165
0.2427	1.0168
0.2280	1.0468
0.2972	0.9947
0.3226	1.0317
0.2430	1.0765
0.2280	1.0668
0.2968	1.0050
0.3228	1.0365
0.2428	1.0680
0.2279	1.0895
0.2971	1.0075
0.3228	1.0473
0.2428	1.0640
0.2279	1.1168
0.2970	1.0265
0.3230	1.0457
0.2429	1.0215
0.2282	1.1240
0.2968	1.0347
0.3223	1.0420
0.2429	1.0405
0.2282	1.1178
0.2969	1.0343
0.3222	1.0410
0.2432	1.0468
0.2285	1.1050
0.2965	1.0533
0.3216	1.0540
0.2433	1.0705
0.2287	1.0745
0.2964	1.0530
0.3214	1.0643
0.2430	1.0673
0.2286	1.0673
0.2967	1.0530
0.3214	1.0838
0.2428	1.0700
0.2288	1.0077
0.2971	1.0498
0.3211	1.0915
0.2428	1.0728
0.2288	0.9915
0.2971	1.0375
0.3210	1.1188
0.2429	1.0545
0.2285	0.9752
0.2969	1.0213
0.3217	1.1452
0.2430	1.0628
0.2280	0.9550
0.2968	1.0017
0.3226	1.1777
0.2430	1.0860
0.2277	0.9450
0.2968	0.9952
0.3233	1.2083
0.2432	1.1247
0.2273	0.9405
0.2965	0.9768
0.3240	1.2243
0.2433	1.1338
0.2269	0.9375
0.2963	0.9727
0.3249	1.2440
0.2435	1.1457
0.2268	1.0035
0.2959	0.9765
0.3252	1.2325
0.2440	1.1562
0.2264	1.0525
0.2953	0.9768
0.3260	1.2312
0.2441	1.1722
0.2259	1.0347
0.2951	0.9760
0.3270	1.1952
0.2445	1.1842
0.2259	1.0657
0.2945	0.9830
0.3270	1.1590
0.2447	1.1883
0.2257	1.0870
0.2943	0.9768
0.3275	1.1302
0.2449	1.1867
0.2261	1.0690
0.2939	0.9855
0.3265	1.1128
0.2451	1.1700
0.2262	1.0740
0.2936	0.9945
0.3264	1.0898
0.2453	1.1600
0.2260	1.0892
0.2933	0.9718
0.3267	1.0577
0.2456	1.1492
0.2264	1.0590
0.2930	0.9780
0.3260	1.0507
0.2458	1.1562
0.2265	1.0497
0.2926	0.9600
0.3258	1.0528
0.2460	1.1565
0.2263	1.0020
0.2925	0.9443
0.3261	1.0680
0.2461	1.1515
0.2262	0.9620
0.2923	0.9320
0.3264	1.0823
0.2464	1.1485
0.2262	0.9820
0.2919	0.9155
0.3263	1.1003
0.2466	1.1348
0.2260	0.9500
0.2916	0.9110
0.3268	1.1293
0.2471	1.1380
0.2256	0.9552
0.2909	0.9167
0.3275	1.1422
0.2475	1.1392
0.2255	0.9652
0.2903	0.9120
0.3279	1.1550
0.2478	1.1328
0.2250	1.0062
0.2899	0.9125
0.3290	1.1463
0.2482	1.1330
0.2248	1.0203
0.2894	0.9395
0.3292	1.1540
0.2483	1.1230
0.2246	1.0352
0.2892	0.9455
0.3299	1.1547
0.2486	1.1003
0.2246	1.0480
0.2889	0.9810
0.3298	1.1468
0.2487	1.0740
0.2244	1.0457
0.2886	0.9935
0.3302	1.1335
0.2488	1.0777
0.2248	1.0860
0.2886	1.0232
0.3294	1.1425
0.2487	1.0685
0.2249	1.0848
0.2886	1.0435
0.3292	1.1557
0.2488	1.0765
0.2248	1.0848
0.2886	1.0455
0.3294	1.1707
0.2485	1.0815
0.2246	1.0558
0.2889	1.0608
0.3297	1.1943
0.2485	1.0680
0.2246	1.0318
0.2889	1.0623
0.3298	1.1965
0.2485	1.0873
0.2244	0.9737
0.2890	1.0755
0.3302	1.2332
0.2485	1.0905
0.2241	0.9445
0.2890	1.0475
0.3308	1.2510
0.2487	1.1102
0.2237	0.9288
0.2887	1.0503
0.3317	1.2562
0.2488	1.1187
0.2232	0.9173
0.2885	1.0332
0.3329	1.2670
0.2488	1.1250
0.2228	0.9085
0.2885	1.0550
0.3338	1.2672
0.2489	1.1085
0.2222	0.9067
0.2884	1.0377
0.3351	1.2545
0.2493	1.1070
0.2218	0.9350
0.2879	1.0372
0.3359	1.2310
0.2495	1.0850
0.2215	0.9867
0.2876	1.0473
0.3367	1.1858
0.2496	1.0500
0.2212	0.9945
0.2875	1.0370
0.3374	1.1492
0.2494	1.0857
0.2210	1.0100
0.2878	1.0423
0.3378	1.1295
0.2493	1.0600
0.2209	1.0160
0.2878	1.0560
0.3380	1.0902
0.2493	1.0737
0.2212	1.0282
0.2878	1.0780
0.3374	1.0668
0.2492	1.0613
0.2217	1.0365
0.2880	1.0593
0.3362	1.0438
0.2490	1.0525
0.2216	1.0442
0.2883	1.0560
0.3363	1.0183
0.2494	1.0652
0.2216	1.0477
0.2878	1.0405
0.3365	1.0105
0.2490	1.0713
0.2215	1.0445
0.2883	1.0393
0.3368	1.0040
0.2492	1.0555
0.2214	1.0035
0.2880	1.0410
0.3368	1.0150
0.2495	1.0535
0.2214	0.9400
0.2876	1.0362
0.3368	1.0372
0.2495	1.0792
0.2214	0.9390
0.2876	1.0473
0.3369	1.0640
0.2497	1.0413
0.2214	0.9545
0.2874	1.0533
0.3370	1.0792
0.2497	1.0218
0.2213	0.9535
0.2873	1.0475
0.3370	1.1048
0.2495	1.0008
0.2211	0.9662
0.2876	1.0585
0.3377	1.1215
0.2494	0.9918
0.2208	0.9797
0.2878	1.0990
0.3384	1.1472
0.2494	1.0340
0.2204	1.0052
0.2878	1.1365
0.3392	1.1755
0.2492	1.0350
0.2204	1.0253
0.2880	1.1545
0.3393	1.2080
0.2487	1.0320
0.2200	1.0265
0.2887	1.1882
0.3402	1.2398
0.2485	1.0708
0.2199	1.0430
0.2889	1.2030
0.3404	1.2458
0.2482	1.0823
0.2198	1.0562
0.2894	1.2198
0.3407	1.2755
0.2483	1.0633
0.2198	1.0677
0.2893	1.2130
0.3408	1.2845
0.2482	1.0823
0.2196	1.0345
0.2894	1.2395
0.3412	1.2908
0.2478	1.1065
0.2193	1.0320
0.2899	1.2330
0.3419	1.3177
0.2479	1.0870
0.2191	1.0210
0.2898	1.2133
0.3423	1.3325
0.2477	1.0757
0.2186	0.9910
0.2901	1.1950
0.3435	1.3315
0.2475	1.0175
0.2183	0.9345
0.2903	1.1755
0.3443	1.3370
0.2473	0.9855
0.2179	0.9152
0.2906	1.1442
0.3453	1.3387
0.2471	0.9895
0.2172	0.8830
0.2908	1.1330
0.3470	1.3465
0.2470	0.9650
0.2169	0.8705
0.2911	1.1542
0.3478	1.3580
0.2467	0.9690
0.2165	0.8848
0.2914	1.1680
0.3488	1.3508
0.2463	0.9837
0.2159	0.8863
0.2919	1.1730
0.3504	1.3435
0.2463	0.9647
0.2156	0.9040
0.2920	1.1748
0.3513	1.3367
0.2461	0.9737
0.2149	0.9070
0.2923	1.2045
0.3531	1.3065
0.2456	0.9913
0.2145	0.9027
0.2930	1.2195
0.3542	1.2840
0.2453	0.9993
0.2143	0.9145
0.2934	1.2418
0.3548	1.2755
0.2452	1.0132
0.2141	0.9327
0.2935	1.2443
0.3554	1.2610
0.2447	1.0222
0.2139	0.9242
0.2942	1.2785
0.3560	1.2233
0.2443	1.0055
0.2135	0.9415
0.2948	1.2792
0.3569	1.1845
0.2442	0.9925
0.2134	0.9415
0.2950	1.2670
0.3572	1.1643
0.2438	0.9775
0.2132	0.9215
0.2955	1.2660
0.3578	1.1490
0.2436	0.9618
0.2129	0.9365
0.2959	1.2777
0.3586	1.1400
0.2432	0.9805
0.2128	0.9105
0.2965	1.2685
0.3589	1.1485
0.2428	0.9778
0.2127	0.9120
0.2971	1.2587
0.3593	1.1420
0.2423	0.9655
0.2125	0.8898
0.2978	1.2805
0.3598	1.1400
0.2418	0.9412
0.2122	0.9150
0.2985	1.2957
0.3607	1.1280
0.2415	0.9315
0.2122	0.9270
0.2991	1.3140
0.3607	1.1263
0.3621	1.1338
0.2413	0.9245
0.2117	0.9415
0.2993	1.3288
0.3628	1.1298
0.2410	0.9588
0.2115	0.9555
0.2998	1.3535
0.3637	1.1188
0.2405	0.9227
0.2112	0.9690
0.3006	1.3660
0.3633	1.1048
0.2397	0.9147
0.2113	0.9885
0.3019	1.3667
0.3638	1.1013
0.2391	0.9127
0.2111	0.9662
0.3028	1.3723
0.3639	1.0785
0.2385	0.8712
0.2111	0.9988
0.3038	1.3745
0.3639	1.0673
0.2382	0.8617
0.2111	1.0082
0.3042	1.3740
0.3638	1.0712
0.2372	0.8793
0.2111	1.0208
0.3059	1.3647
0.3637	1.0825
0.2367	0.8985
0.2112	0.9882
0.3068	1.3423
0.3642	1.0868
0.2362	0.9343
0.2110	0.9680
0.3075	1.3250
0.3642	1.0990
0.2356	0.9285
0.2110	0.9680
0.3086	1.3148
0.3644	1.1300
0.2352	0.8997
0.2109	0.9403
0.3093	1.2830
0.3651	1.1552
0.2350	0.9398
0.2107	0.9405
0.3096	1.2755
0.3658	1.1622
0.2347	0.9567
0.2105	0.9090
0.3102	1.2732
0.3670	1.1630
0.2347	0.9765
0.2101	0.9265
0.3101	1.2650
0.3674	1.1655
0.2342	0.9965
0.2099	0.9092
0.3111	1.2620
0.3690	1.1827
0.2340	1.0015
0.2094	0.9290
0.3115	1.2550
0.3695	1.1675
0.2335	0.9800
0.2093	0.9227
0.3123	1.2695
0.3705	1.1585
0.2332	0.9798
0.2089	0.9482
0.3128	1.2697
0.3706	1.1405
0.2331	0.9477
0.2089	0.9678
0.3131	1.2868
0.3711	1.1380
0.2327	0.9452
0.2087	0.9547
0.3137	1.2895
0.3713	1.1285
0.2324	0.9728
0.2087	0.9795
0.3142	1.3100
0.3717	1.1217
0.2319	0.9698
0.2086	0.9547
0.3153	1.3112
0.3716	1.1240
0.2315	0.9613
0.2086	0.9912
0.3159	1.3098
0.3717	1.1583
0.2310	0.9480
0.2086	0.9615
0.3168	1.3218
0.3724	1.1830
0.2305	0.9632
0.2083	0.9805
0.3179	1.3183
0.3731	1.2037
0.2303	0.9540
0.2081	0.9492
0.3181	1.3305
0.3742	1.2273
0.2298	0.9590
0.2078	0.9705
0.3191	1.3195
0.3742	1.2462
0.2294	0.9730
0.2078	0.9540
0.3198	1.3413
0.3761	1.2527
0.2291	0.9550
0.2072	0.9665
0.3206	1.3387
0.3768	1.2535
0.2289	0.9590
0.2070	0.9905
0.3209	1.3450
0.3784	1.2402
0.2284	0.9137
0.2065	1.0048
0.3218	1.3408
0.3789	1.2248
0.2280	0.8997
0.2064	1.0398
0.3226	1.3402
0.3798	1.2082
0.2277	0.8943
0.2061	1.0425
0.3234	1.3405
0.3798	1.1670
0.2270	0.8898
0.2061	1.0708
0.3247	1.3497
0.3798	1.1335
0.2264	0.8607
0.2061	1.0672
0.3259	1.3475
0.3797	1.0888
0.2259	0.8585
0.2061	1.0890
0.3270	1.3385
0.3794	1.0775
0.2253	0.8540
0.2062	1.0715
0.3283	1.3413
0.3789	1.0695
0.2248	0.8458
0.2064	1.0747
0.3292	1.3170
0.3788	1.0895
0.2243	0.8700
0.2064	1.0638
0.3303	1.3092
0.3787	1.1107
0.2239	0.8850
0.2064	1.0413
0.3312	1.2938
0.3784	1.1080
0.2235	0.9062
0.2065	1.0245
0.3321	1.2780
0.3791	1.1240
0.2231	0.9370
0.2063	1.0040
0.3331	1.2515
0.3797	1.1540
0.2229	0.9510
0.2061	0.9793
0.3335	1.2370
0.3805	1.1388
0.2226	0.9550
0.2059	0.9810
0.3342	1.1990
0.3819	1.1275
0.2223	0.9773
0.2055	0.9768
0.3348	1.1958
0.3822	1.1590
0.2221	0.9918
0.2054	0.9760
0.3352	1.1685
0.3829	1.1370
0.2221	1.0115
0.2052	1.0062
0.3352	1.1380
0.3840	1.1160
0.2220	1.0130
0.2049	1.0250
0.3355	1.1348
0.3834	1.1033
0.2219	1.0420
0.2051	1.0352
0.3357	1.1110
0.3361	1.1163
0.3831	1.0400
0.2217	1.0232
0.2051	1.0468
0.3360	1.1015
0.3837	1.0290
0.2218	1.0232
0.2050	1.0282
0.3359	1.0965
0.3829	1.0220
0.2218	1.0298
0.2052	1.0290
0.3363	1.0913
0.3823	1.0185
0.2217	1.0023
0.2054	1.0500
0.3357	1.0888
0.3825	1.0607
0.2219	1.0090
0.2053	1.0302
0.3369	1.0857
0.3817	1.1030
0.2214	1.0318
0.2056	1.0405
0.3369	1.1020
0.3822	1.1055
0.2214	1.0345
0.2054	1.0390
0.3367	1.1050
0.3827	1.1280
0.2215	1.0268
0.2053	1.0147
0.3376	1.0852
0.3831	1.1590
0.2211	1.0235
0.2051	1.0203
0.3375	1.0850
0.3843	1.1680
0.2211	0.9962
0.2048	1.0147
0.3373	1.0635
0.3849	1.1955
0.2212	1.0137
0.2046	1.0032
0.3375	1.0645
0.3857	1.2245
0.2211	1.0110
0.2044	1.0470
0.3377	1.0763
0.3863	1.2178
0.2211	1.0013
0.2042	1.0567
0.3377	1.0828
0.3864	1.2060
0.2211	1.0140
0.2042	1.0575
0.3378	1.0995
0.3870	1.1773
0.2210	1.0095
0.2040	1.0988
0.3380	1.0990
0.3873	1.1350
0.2209	0.9865
0.2039	1.1018
0.3382	1.1020
0.3874	1.1142
0.2209	0.9723
0.2039	1.1145
0.3384	1.1077
0.3875	1.1038
0.2207	0.9642
0.2039	1.1315
0.3391	1.1215
0.3875	1.0853
0.2204	0.9688
0.2039	1.1183
0.3396	1.1145
0.3866	1.0800
0.2203	0.9642
0.2041	1.1025
0.3399	1.1150
0.3859	1.1045
0.2201	0.9778
0.2043	1.1410
0.3405	1.1225
0.3857	1.0998
0.2199	0.9890
0.2044	1.1397
0.3410	1.0925
0.3854	1.0947
0.2197	0.9662
0.2045	1.1157
0.3412	1.0667
0.3854	1.1145
0.2196	0.9863
0.2045	1.1068
0.3412	1.0583
0.3864	1.1270
0.2196	1.0085
0.2042	1.0780
0.3412	1.0375
0.3862	1.1280
0.2196	0.9847
0.2042	1.0745
0.3413	1.0148
0.3862	1.1235
0.2196	0.9888
0.2043	1.0650
0.3414	0.9698
0.3868	1.1353
0.2195	0.9668
0.2041	1.0678
0.3410	1.0072
0.3877	1.1070
0.2197	0.9537
0.2038	1.0688
0.3407	1.0275
0.3881	1.0795
0.2198	0.9478
0.2037	1.0875
0.3411	1.0280
0.3875	1.0380
0.2196	0.9450
0.2039	1.0677
0.3411	1.0340
0.3874	1.0145
0.2196	0.9150
0.2039	1.0600
0.3410	1.0700
0.3875	1.0150
0.2196	0.9098
0.2039	1.1008
0.3424	1.0737
0.3865	0.9925
0.2191	0.9112
0.2042	1.1002
0.3431	1.0442
0.3861	0.9908
0.2188	0.8995
0.2043	1.1020
0.3431	1.1225
0.3854	1.0492
0.2188	0.9125
0.2045	1.1005
0.3440	1.0855
0.3849	1.0605
0.2184	0.9312
0.2046	1.0982
0.3451	1.1432
0.3843	1.0790
0.2180	0.9455
0.2048	1.0972
0.3448	1.0915
0.3845	1.1272
0.2181	0.9767
0.2047	1.0960
0.3441	1.0285
0.3848	1.1362
0.2184	0.9900
0.2047	1.0865
0.3461	1.0255
0.3860	1.1847
0.2176	0.9733
0.2043	1.0800
0.3448	1.0050
0.3863	1.2120
0.2181	0.9752
0.2042	1.0707
0.3457	0.9868
0.3869	1.1972
0.2178	1.0133
0.2041	1.0515
0.3452	1.0115
0.3875	1.2040
0.2180	1.0030
0.2039	1.0593
0.3440	1.0453
0.3876	1.1990
0.2184	0.9880
0.2039	1.0640
0.3444	0.9850
0.3885	1.1495
0.2183	1.0003
0.2036	1.0728
0.3448	1.0437
0.3891	1.1462
0.2181	0.9787
0.2035	1.0747
0.3445	1.0373
0.3886	1.1047
0.2182	1.0157
0.2036	1.0845
0.3450	1.0450
0.3888	1.1045
0.2180	1.0165
0.2035	1.0882
0.3455	1.1092
0.3888	1.1258
0.2178	1.0292
0.2035	1.1013
0.3457	1.1282
0.3883	1.1303
0.2177	1.0545
0.2037	1.1085
0.3463	1.1502
0.3884	1.1335
0.2175	1.0942
0.2036	1.1075
0.3462	1.1325
0.3875	1.1765
0.2176	1.0885
0.2039	1.1345
0.3458	1.1138
0.3880	1.1872
0.2177	1.0892
0.2038	1.1145
0.3459	1.1005
0.3884	1.2038
0.2177	1.0985
0.2037	1.1068
0.3461	1.0910
0.3892	1.2115
0.2176	1.1010
0.2034	1.0885
0.3461	1.0595
0.3899	1.2065
0.2176	1.0973
0.2032	1.0808
0.3456	1.0580
0.3899	1.2400
0.2178	1.0780
0.2032	1.0707
0.3456	1.0747
0.3911	1.2157
0.2178	1.0513
0.2029	1.0613
0.3455	1.0890
0.3918	1.2138
0.2178	1.0380
0.2027	1.0695
0.3455	1.0977
0.3920	1.1750
0.2178	1.0277
0.2027	1.0615
0.3454	1.1135
0.3923	1.1442
0.2179	1.0073
0.2026	1.0537
0.3457	1.1590
0.3927	1.1093
0.2177	1.0165
0.2025	1.0375
0.3464	1.1840
0.3927	1.0875
0.2175	1.0245
0.2025	1.0588
0.3471	1.2192
0.3928	1.0807
0.2172	1.0302
0.2025	1.0787
0.3478	1.2407
0.3926	1.0928
0.2169	1.0355
0.2025	1.0977
0.3487	1.2795
0.3927	1.0987
0.2166	1.0557
0.2025	1.1013
0.3490	1.2923
0.3921	1.0980
0.2165	1.0510
0.2026	1.0685
0.3494	1.3057
0.3919	1.1057
0.2163	1.0582
0.2027	1.0703
0.3501	1.2652
0.3918	1.0852
0.2160	1.0590
0.2027	1.0507
0.3504	1.2562
0.3919	1.0932
0.2159	1.0573
0.2027	1.0832
0.3508	1.2420
0.3922	1.1045
0.2158	1.0518
0.2026	1.0662
0.3516	1.2257
0.3936	1.1240
0.2155	1.0315
0.2023	1.0562
0.3524	1.2382
0.3938	1.1088
0.2152	1.0235
0.2022	1.0620
0.3522	1.2390
0.3938	1.1025
0.2153	1.0135
0.2022	1.0648
0.3527	1.2448
0.3929	1.0852
0.2151	1.0078
0.2024	1.0643
0.3533	1.2557
0.3939	1.0915
0.2148	1.0000
0.2022	1.0737
0.3538	1.2520
0.3942	1.0828
0.2147	1.0280
0.2021	1.1125
0.3548	1.2452
0.3934	1.0882
0.2143	1.0308
0.2023	1.1333
0.3557	1.2700
0.3930	1.0830
0.2140	1.0347
0.2024	1.1775
0.3564	1.2655
0.3925	1.0947
0.2137	1.0390
0.2025	1.1733
0.3572	1.2548
0.3927	1.1332
0.2134	1.0493
0.2025	1.2278
0.3572	1.2375
0.3927	1.1410
0.2134	1.0590
0.2025	1.2540
0.3579	1.1952
0.3924	1.1555
0.2132	1.0570
0.2026	1.2540
0.3581	1.1560
0.3909	1.1478
0.2131	1.0630
0.2030	1.2490
0.3584	1.1200
0.3905	1.1545
0.2130	1.0570
0.2031	1.2533
0.3585	1.0925
0.3909	1.1355
0.2129	1.0553
0.2030	1.2478
0.3583	1.0785
0.3907	1.1245
0.2130	1.0317
0.2030	1.2398
0.3583	1.0767
0.3904	1.1175
0.2130	1.0128
0.2031	1.2095
0.3581	1.0765
0.3899	1.1295
0.2131	1.0185
0.2032	1.1523
0.3580	1.0780
0.3895	1.1033
0.2132	1.0150
0.2034	1.1270
0.3582	1.0927
0.3893	1.0737
0.2131	1.0177
0.2034	1.0915
0.3584	1.1285
0.3891	1.0695
0.2130	1.0180
0.2035	1.0798
0.3595	1.1625
0.3896	1.0650
0.2126	1.0317
0.2033	1.0765
0.3596	1.1773
0.3902	1.0787
0.2126	1.0150
0.2032	1.0773
0.3600	1.1930
0.3898	1.0908
0.2124	1.0147
0.2033	1.0805
0.3605	1.2013
0.3904	1.0950
0.2123	1.0195
0.2031	1.0922
0.3612	1.2092
0.3904	1.0975
0.2120	1.0220
0.2031	1.1052
0.3617	1.1928
0.3900	1.0968
0.2119	1.0482
0.2032	1.1233
0.3623	1.1788
0.3899	1.0850
0.2116	1.0490
0.2032	1.1377
0.3626	1.1550
0.3898	1.0883
0.2115	1.0458
0.2033	1.1448
0.3629	1.1442
0.3894	1.0795
0.2114	1.0777
0.2034	1.1575
0.3633	1.1288
0.3889	1.0723
0.2113	1.0717
0.2035	1.1420
0.3633	1.1197
0.3888	1.0747
0.2113	1.0860
0.2035	1.1330
0.3630	1.1383
0.3886	1.0797
0.2114	1.1485
0.2036	1.1275
0.3629	1.1468
0.3881	1.0740
0.2114	1.1840
0.2037	1.1128
0.3622	1.1520
0.3880	1.0793
0.2117	1.2038
0.2038	1.1008
0.3627	1.1330
0.3883	1.1100
0.2115	1.1995
0.2037	1.0952
0.3626	1.1377
0.3882	1.1105
0.2116	1.2230
0.2037	1.1017
0.3620	1.1342
0.3885	1.1320
0.2117	1.2175
0.2036	1.1172
0.3616	1.1475
0.3886	1.1487
0.2119	1.2292
0.2036	1.1310
0.3616	1.1373
0.3887	1.1500
0.2119	1.1790
0.2036	1.1488
0.3616	1.1177
0.3893	1.1262
0.2119	1.2103
0.2034	1.1852
0.3610	1.0930
0.3890	1.1100
0.2121	1.1885
0.2035	1.2122
0.3608	1.0645
0.3891	1.0913
0.2122	1.1572
0.2035	1.2248
0.3607	1.0475
0.3886	1.0577
0.2122	1.1275
0.2036	1.2325
0.3611	1.0198
0.3881	1.0335
0.2120	1.1252
0.2037	1.2557
0.3603	1.0295
0.3865	1.0003
0.2124	1.1255
0.2042	1.2583
0.3601	1.0328
0.3852	0.9930
0.2124	1.1288
0.2045	1.2672
0.3596	1.0448
0.3845	0.9658
0.2126	1.1385
0.2047	1.2787
0.3595	1.0363
0.3834	0.9670
0.2126	1.1410
0.2050	1.2562
0.3588	1.0400
0.3821	0.9575
0.2128	1.1483
0.2054	1.2390
0.3591	1.0528
0.3817	0.9832
0.2128	1.1407
0.2055	1.2213
0.3586	1.0603
0.3809	1.0160
0.2129	1.1400
0.2058	1.2062
0.3584	1.0652
0.3798	1.0155
0.2130	1.1382
0.2061	1.1890
0.3580	1.0493
0.3801	1.0645
0.2131	1.1478
0.2060	1.2018
0.3583	1.0627
0.3798	1.0908
0.2130	1.1285
0.2061	1.1820
0.3580	1.0695
0.3795	1.0898
0.2131	1.1520
0.2062	1.1860
0.3580	1.0783
0.3796	1.0985
0.2131	1.1387
0.2062	1.1773
0.3577	1.0722
0.3794	1.1002
0.2132	1.1515
0.2062	1.1685
0.3570	1.0767
0.3794	1.0942
0.2135	1.1712
0.2062	1.1825
0.3571	1.0915
0.3795	1.0938
0.2134	1.2135
0.2062	1.1980
0.3569	1.0825
0.3789	1.0742
0.2135	1.2038
0.2064	1.2038
0.3570	1.0918
0.3786	1.0587
0.2135	1.2380
0.2064	1.1975
0.3564	1.0898
0.3779	1.0542
0.2137	1.2430
0.2067	1.2175
0.3556	1.1060
0.3776	1.0478
0.2140	1.2350
0.2068	1.2130
0.3552	1.0947
0.3768	1.0390
0.2141	1.2472
0.2070	1.2197
0.3549	1.0815
0.3758	1.0545
0.2143	1.2230
0.2073	1.2245
0.3543	1.0565
0.3757	1.0647
0.2145	1.2260
0.2073	1.2277
0.3539	1.0623
0.3748	1.0898
0.2146	1.1930
0.2076	1.2282
0.3538	1.0310
0.3747	1.1015
0.2147	1.1795
0.2076	1.2443
0.3533	1.0105
0.3744	1.1167
0.2148	1.1597
0.2077	1.2310
0.3534	1.0005
0.3741	1.1393
0.2148	1.1567
0.2078	1.2295
0.3527	0.9882
0.3740	1.1483
0.2151	1.1390
0.2078	1.2573
0.3531	0.9967
0.3740	1.1525
0.2149	1.1462
0.2079	1.2743
0.3519	1.0192
0.3735	1.1205
0.2154	1.1780
0.2080	1.2617
0.3515	1.0175
0.3736	1.1123
0.2155	1.1750
0.2080	1.2790
0.3510	1.0195
0.3733	1.1110
0.2157	1.2033
0.2081	1.2950
0.3506	1.0353
0.3726	1.0853
0.2159	1.2007
0.2083	1.2968
0.3502	1.0265
0.3714	1.0620
0.2160	1.2270
0.2087	1.3148
0.3498	1.0557
0.3708	1.0370
0.2161	1.2220
0.2088	1.3103
0.3494	1.0640
0.3697	1.0310
0.2163	1.2312
0.2092	1.3230
0.3488	1.0842
0.3690	1.0228
0.2165	1.2452
0.2094	1.3375
0.3487	1.0790
0.3682	1.0147
0.2166	1.2455
0.2097	1.3063
0.3481	1.0603
0.3670	1.0180
0.2168	1.2447
0.2101	1.2712
0.3478	1.0375
0.3661	1.0332
0.2169	1.2525
0.2104	1.2820
0.3474	1.0580
0.3656	1.0362
0.2171	1.2600
0.2105	1.2498
0.3471	1.0613
0.3647	1.0235
0.2172	1.2770
0.2108	1.2238
0.3465	1.0577
0.3647	1.0308
0.2174	1.2988
0.2108	1.2135
0.3457	1.0777
0.3646	1.0465
0.2178	1.3012
0.2109	1.1773
0.3446	1.0855
0.3641	1.0322
0.2182	1.3465
0.2110	1.1450
0.3445	1.0932
0.3640	1.0202
0.2182	1.3768
0.2111	1.1183
0.3437	1.0887
0.3636	1.0045
0.2186	1.3800
0.2112	1.0863
0.2113	1.0898
0.3429	1.1007
0.3633	1.0008
0.2189	1.4205
0.2112	1.1005
0.3428	1.1007
0.3635	0.9963
0.2189	1.4163
0.2114	1.0947
0.3416	1.0923
0.3631	0.9958
0.2194	1.4060
0.2114	1.1033
0.3407	1.0680
0.3630	1.0000
0.2198	1.4200
0.2116	1.1058
0.3402	1.0605
0.3626	1.0208
0.2200	1.4062
0.2116	1.0925
0.3390	1.0437
0.3623	1.0328
0.2205	1.3875
0.2118	1.1022
0.3383	1.0165
0.3618	1.0633
0.2208	1.4138
0.2119	1.1157
0.3373	1.0000
0.3615	1.1003
0.2212	1.3853
0.2120	1.1162
0.3364	0.9842
0.3613	1.1320
0.2216	1.3707
0.2120	1.1138
0.3357	0.9763
0.3614	1.1725
0.2219	1.3800
0.2118	1.1077
0.3350	0.9700
0.3617	1.2193
0.2222	1.3475
0.2116	1.0833
0.3337	0.9895
0.3625	1.2250
0.2228	1.3712
0.2115	1.0700
0.3329	1.0135
0.3626	1.2450
0.2232	1.3843
0.2113	1.0523
0.3320	1.0315
0.3634	1.2473
0.2236	1.3780
0.2110	1.0435
0.3311	1.0402
0.3641	1.2350
0.2240	1.3897
0.2106	1.0502
0.3305	1.0430
0.3653	1.2027
0.2242	1.3955
0.2106	1.0597
0.3298	1.0563
0.3656	1.1762
0.2246	1.3935
0.2104	1.0657
0.3291	1.0598
0.3661	1.1620
0.2249	1.3983
0.2103	1.0970
0.3287	1.0640
0.3664	1.1558
0.2251	1.4027
0.2103	1.1115
0.3280	1.0645
0.3665	1.1348
0.2254	1.3855
0.2105	1.1402
0.3273	1.0663
0.3658	1.1090
0.2258	1.3965
0.2105	1.1597
0.3264	1.0550
0.3656	1.1365
0.2262	1.3855
0.2107	1.1625
0.3255	1.0348
0.3652	1.1283
0.2266	1.3592
0.2107	1.1960
0.3247	1.0173
0.3650	1.1468
0.2270	1.3565
0.2108	1.1975
0.3242	1.0238
0.3648	1.1360
0.2272	1.3573
0.2109	1.1983
0.3235	1.0390
0.3645	1.1528
0.2276	1.3108
0.2108	1.1783
0.3228	1.0512
0.3649	1.1525
0.2280	1.2742
0.2107	1.1407
0.3222	1.0605
0.3652	1.1500
0.2282	1.2470
0.2107	1.1185
0.3215	1.0770
0.3651	1.1497
0.2286	1.2198
0.2108	1.0800
0.3210	1.0855
0.3648	1.1485
0.2289	1.2228
0.2109	1.0637
0.3216	1.0795
0.3646	1.1482
0.2286	1.2040
0.2108	1.0500
0.3217	1.0847
0.3649	1.1400
0.2285	1.2063
0.2106	1.0690
0.3216	1.0890
0.3654	1.1520
0.2285	1.1663
0.2105	1.0705
0.3217	1.0935
0.3658	1.1552
0.2285	1.1558
0.2102	1.0850
0.3214	1.0917
0.3666	1.2280
0.2287	1.1110
0.2102	1.0982
0.3209	1.1050
0.3667	1.2790
0.2289	1.1288
0.2292	1.1250
0.2100	1.1225
0.3203	1.0367
0.3673	1.3195
0.2290	1.1095
0.2099	1.2160
0.3206	1.0260
0.3674	1.3805
0.2292	1.1107
0.2099	1.1862
0.3203	1.0055
0.3674	1.4180
0.2291	1.0890
0.2095	1.2087
0.3206	0.9983
0.3687	1.4560
0.2288	1.0840
0.2093	1.2133
0.3211	0.9995
0.3694	1.4930
0.2294	1.0645
0.2090	1.2145
0.3199	0.9977
0.3702	1.5180
0.2294	1.1007
0.2091	1.1915
0.3199	1.0003
0.3699	1.5037
0.2296	1.1053
0.2084	1.1873
0.3195	1.0133
0.3721	1.5103
0.2296	1.1292
0.2080	1.1350
0.3195	0.9998
0.3734	1.4745
0.2298	1.1300
0.2077	1.1100
0.3192	0.9805
0.3744	1.4505
0.2299	1.1262
0.2073	1.0895
0.3189	1.0205
0.3757	1.4095
0.2301	1.1370
0.2072	1.0318
0.3186	1.0215
0.3761	1.3772
0.2302	1.1235
0.2071	1.0685
0.3184	1.0200
0.3763	1.3328
0.2304	1.1245
0.2066	1.0995
0.3179	1.0115
0.3781	1.3150
0.2304	1.1055
0.2063	1.1135
0.3180	1.0047
0.3790	1.2970
0.2305	1.0940
0.2063	1.1177
0.3177	0.9948
0.3792	1.2882
0.2306	1.0780
0.2062	1.1387
0.3176	0.9817
0.3796	1.3180
0.2307	1.0772
0.2062	1.1337
0.3174	0.9742
0.3796	1.3217
0.2308	1.0715
0.2062	1.1813
0.3172	0.9735
0.3795	1.3290
0.2309	1.0875
0.2062	1.1963
0.3171	0.9828
0.3796	1.3500
0.2310	1.1035
0.2059	1.1902
0.3169	0.9817
0.3806	1.3840
0.2311	1.1300
0.2057	1.1935
0.3166	0.9877
0.3812	1.4045
0.2313	1.1477
0.2055	1.1847
0.3163	1.0075
0.3817	1.4302
0.2315	1.1617
0.2053	1.1173
0.3160	1.0335
0.3824	1.4355
0.2315	1.1870
0.2050	1.0660
0.3159	1.0515
0.3834	1.4305
0.2318	1.1867
0.2046	1.0445
0.3153	1.0725
0.3849	1.4197
0.2321	1.1868
0.2044	1.0010
0.3147	1.0940
0.3858	1.4007
0.2322	1.1760
0.2041	0.9820
0.3146	1.1105
0.3868	1.3805
0.2322	1.1652
0.2035	0.9702
0.3146	1.1300
0.3888	1.3845
0.2323	1.1502
0.2031	0.9800
0.3144	1.1150
0.3904	1.3795
0.2322	1.1457
0.2027	1.0228
0.3146	1.1375
0.3918	1.3653
0.2321	1.1218
0.2024	1.0178
0.3148	1.1555
0.3932	1.3548
0.2320	1.1128
0.2022	1.0283
0.3150	1.1715
0.3937	1.3538
0.2319	1.1013
0.2019	1.0790
0.3153	1.1558
0.3949	1.3643
0.2319	1.1022
0.2017	1.1345
0.3152	1.1645
0.3955	1.3662
0.2319	1.1185
0.2018	1.1340
0.3151	1.1705
0.3953	1.3803
0.2318	1.1233
0.2016	1.1590
0.3154	1.1865
0.3961	1.3940
0.2316	1.1315
0.2014	1.1643
0.3158	1.1937
0.3968	1.4145
0.2316	1.1445
0.2012	1.1595
0.3157	1.1925
0.3977	1.3928
0.2316	1.1438
0.2012	1.1342
0.3157	1.2185
0.3976	1.3760
0.2317	1.1273
0.2007	1.1015
0.3156	1.2150
0.3995	1.3742
0.2314	1.1322
0.2005	1.0730
0.3161	1.2072
0.4006	1.3497
0.2313	1.1085
0.2002	1.0592
0.3163	1.1842
0.4016	1.3320
0.2313	1.1317
0.2000	1.0408
0.3162	1.2093
0.4023	1.3123
0.2311	1.1410
0.1998	1.0167
0.3167	1.1920
0.4033	1.3040
0.2310	1.1258
0.1996	1.0535
0.3169	1.1942
0.4040	1.2930
0.2310	1.1373
0.1994	1.0855
0.3169	1.1892
0.4049	1.2847
0.2308	1.1670
0.1992	1.1038
0.3173	1.1928
0.4056	1.2588
0.2308	1.1595
0.1990	1.1188
0.3173	1.1985
0.4064	1.2760
0.2311	1.1595
0.1989	1.1352
0.3167	1.2190
0.4069	1.2712
0.2309	1.1875
0.1988	1.1415
0.3170	1.2462
0.4073	1.2798
0.2309	1.1883
0.1989	1.1750
0.3171	1.2778
0.4071	1.3042
0.2310	1.1997
0.1990	1.1585
0.3168	1.2983
0.4067	1.3252
0.2309	1.1490
0.1988	1.1610
0.3170	1.3057
0.4075	1.3325
0.2304	1.1315
0.1987	1.1442
0.3179	1.3372
0.4077	1.3318
0.2304	1.1065
0.1985	1.1185
0.3181	1.3373
0.4086	1.3248
0.2300	1.1200
0.1984	1.0670
0.3187	1.3428
0.4092	1.3167
0.2297	1.1100
0.1979	1.0318
0.3193	1.3287
0.4111	1.3240
0.2291	1.1012
0.1977	0.9945
0.3205	1.3235
0.4122	1.2995
0.2289	1.1155
0.1974	0.9870
0.3209	1.2888
0.4132	1.2970
0.2285	1.1072
0.1972	0.9708
0.3217	1.2775
0.4143	1.2748
0.2285	1.1095
0.1969	0.9513
0.3216	1.2487
0.4155	1.2443
0.2287	1.1210
0.1967	0.9867
0.3212	1.2410
0.4166	1.2120
0.2286	1.1418
0.1964	1.0068
0.3215	1.2348
0.4179	1.1923
0.2286	1.1247
0.1963	1.0190
0.3214	1.2498
0.4183	1.1743
0.2286	1.1458
0.1961	1.0208
0.3215	1.2493
0.4190	1.1590
0.2286	1.1102
0.1961	1.0363
0.3216	1.2595
0.4193	1.1520
0.2285	1.0652
0.1962	1.0500
0.3218	1.2648
0.4189	1.1503
0.2281	1.0710
0.1962	1.0713
0.3224	1.2788
0.4186	1.1508
0.2276	1.0670
0.1962	1.0523
0.3235	1.2905
0.4186	1.1420
0.2274	1.0393
0.1961	1.0633
0.3239	1.3008
0.4191	1.1295
0.2270	1.0400
0.1960	1.0522
0.3248	1.2962
0.4196	1.1330
0.2267	1.0275
0.1959	1.0190
0.3254	1.2993
0.4201	1.1228
0.4207	1.1165
0.2264	1.0420
0.1958	0.9945
0.3259	1.3092
0.4215	1.1062
0.2263	1.0560
0.1956	0.9650
0.3261	1.2950
0.4213	1.0990
0.2259	1.0480
0.1956	0.9715
0.3270	1.2987
0.4221	1.0890
0.2259	1.0488
0.1955	0.9640
0.3269	1.3040
0.4226	1.0750
0.2257	1.0523
0.1954	0.9682
0.3275	1.3280
0.4229	1.0620
0.2254	1.0447
0.1953	0.9630
0.3280	1.3453
0.4236	1.0692
0.2252	1.0280
0.1952	0.9997
0.3285	1.3675
0.4236	1.0742
0.2248	1.0312
0.1952	1.0055
0.3292	1.3800
0.4240	1.0863
0.2244	1.0472
0.1951	1.0060
0.3302	1.4143
0.4239	1.1073
0.2239	1.0280
0.1951	1.0160
0.3313	1.4445
0.4242	1.1312
0.2234	1.0315
0.1950	1.0083
0.3324	1.4460
0.4240	1.1512
0.2229	1.0250
0.1951	1.0390
0.3335	1.4570
0.4238	1.1677
0.2224	1.0357
0.1951	1.0223
0.3347	1.4683
0.4250	1.1795
0.2222	1.0490
0.1948	1.0108
0.3350	1.4638
0.4258	1.1905
0.2215	1.0642
0.1947	0.9908
0.3367	1.4348
0.4274	1.2040
0.2213	1.0680
0.1944	0.9780
0.3372	1.4295
0.4277	1.1985
0.2209	1.0760
0.1943	0.9442
0.3381	1.4095
0.4289	1.1955
0.2206	1.0852
0.1941	0.9175
0.3389	1.4010
0.4302	1.1843
0.2203	1.0490
0.1938	0.9110
0.3395	1.3805
0.4312	1.1682
0.2202	1.0652
0.1936	0.8975
0.3397	1.3467
0.4325	1.1463
0.2198	1.0490
0.1933	0.8982
0.3406	1.3425
0.4333	1.1412
0.2196	1.0440
0.1932	0.8790
0.3411	1.3350
0.4340	1.1270
0.2193	1.0527
0.1930	0.8888
0.3419	1.3262
0.4351	1.1330
0.2190	1.0420
0.1928	0.8842
0.3426	1.3212
0.4359	1.1510
0.2188	1.0482
0.1926	0.9035
0.3432	1.3520
0.4366	1.1607
0.2184	1.0575
0.1925	0.9115
0.3440	1.3467
0.4375	1.1735
0.2181	1.0650
0.1923	0.9273
0.3449	1.3483
0.4378	1.1902
0.2179	1.0700
0.1923	0.9267
0.3453	1.3495
0.4396	1.1882
0.2176	1.0840
0.1919	0.9380
0.3461	1.3545
0.4406	1.1930
0.2173	1.0773
0.1917	0.9337
0.3468	1.3648
0.4420	1.1990
0.2171	1.0757
0.1915	0.9590
0.3474	1.3583
0.4427	1.1755
0.2169	1.0737
0.1913	0.9547
0.3478	1.3543
0.4441	1.1755
0.2166	1.0580
0.1911	0.9490
0.3486	1.3472
0.4448	1.1497
0.2164	1.0590
0.1910	0.9800
0.3491	1.3557
0.4460	1.1092
0.2161	1.0380
0.1907	0.9860
0.3501	1.3435
0.4460	1.0773
0.2158	1.0420
0.1907	1.0045
0.3508	1.3423
0.4461	1.0533
0.2154	1.0467
0.1907	1.0320
0.3517	1.3422
0.4467	1.0418
0.2152	1.0413
0.1906	1.0525
0.3523	1.3317
0.4462	1.0555
0.2148	1.0292
0.1907	1.0587
0.3534	1.3275
0.4455	1.0568
0.2145	1.0468
0.1908	1.0918
0.3543	1.3237
0.4449	1.0560
0.2143	1.0568
0.1909	1.0708
0.3548	1.3190
0.4436	1.0847
0.2142	1.0628
0.1912	1.0862
0.3551	1.3227
0.4437	1.0930
0.2139	1.0675
0.1912	1.1042
0.3558	1.3180
0.4447	1.1010
0.2137	1.0627
0.1910	1.0878
0.3565	1.3078
0.4446	1.1103
0.2135	1.0762
0.1910	1.0668
0.3570	1.2875
0.4454	1.1218
0.2133	1.0670
0.1909	1.0627
0.3574	1.2745
0.4460	1.1260
0.2130	1.0455
0.1907	1.0182
0.3583	1.2520
0.4462	1.0897
0.2129	1.0458
0.1907	1.0095
0.3586	1.2370
0.4468	1.0735
0.2126	1.0583
0.1906	1.0072
0.3596	1.2227
0.4472	1.0560
0.2125	1.0637
0.1905	0.9765
0.3597	1.2063
0.4472	1.0433
0.2124	1.0487
0.1905	0.9932
0.3601	1.1798
0.4479	1.0342
0.2123	1.0612
0.1904	1.0060
0.3604	1.1410
0.4469	1.0123
0.2122	1.0635
0.1906	1.0073
0.3607	1.1318
0.4473	1.0232
0.2122	1.0655
0.1905	1.0048
0.3607	1.1030
0.3607	1.1065
0.4477	1.0315
0.2122	1.0668
0.1904	1.0575
0.3608	1.0953
0.4474	1.0618
0.2122	1.0533
0.1905	1.0460
0.3603	1.1020
0.4471	1.0815
0.2123	1.0590
0.1905	1.0565
0.3604	1.1060
0.4464	1.1062
0.2123	1.0583
0.1907	1.0552
0.3605	1.1063
0.4475	1.1142
0.2122	1.0498
0.1905	1.0595
0.3608	1.1040
0.4461	1.0945
0.2122	1.0340
0.1907	1.0747
0.3612	1.1117
0.4479	1.1093
0.2120	1.0460
0.1904	1.0695
0.3615	1.1350
0.4489	1.0742
0.2119	1.0400
0.1902	1.0570
0.3619	1.1270
0.4489	1.0707
0.2118	1.0342
0.1902	1.0460
0.3622	1.1365
0.4495	1.0257
0.2117	1.0465
0.1901	1.0657
0.3625	1.1185
0.4485	1.0013
0.2116	1.0452
0.1903	1.0195
0.3625	1.1082
0.4490	0.9423
0.2116	1.0655
0.1902	1.0335
0.3628	1.1138
0.4478	0.8748
0.2115	1.0600
0.1904	1.0508
0.3628	1.1020
0.4474	0.8630
0.2115	1.0705
0.1905	1.0890
0.3629	1.1082
0.4459	0.8417
0.2114	1.0830
0.1908	1.0968
0.3627	1.1050
0.4454	0.8660
0.2115	1.0927
0.1908	1.1445
0.3624	1.1112
0.4442	0.8618
0.2116	1.0998
0.1911	1.1482
0.3629	1.1095
0.4419	0.8910
0.2114	1.1058
0.1915	1.1525
0.3627	1.1145
0.4400	0.9080
0.2115	1.1205
0.1919	1.1630
0.3629	1.1273
0.4395	0.9410
0.2115	1.1310
0.1920	1.1610
0.3628	1.1440
0.4376	0.9555
0.2115	1.1383
0.1923	1.1888
0.3628	1.0768
0.4377	0.9680
0.2115	1.1383
0.1923	1.1712
0.3629	1.0652
0.4376	1.0037
0.2114	1.1423
0.1923	1.1815
0.3627	1.0945
0.4374	1.0113
0.2115	1.1360
0.1923	1.1443
0.3628	1.0923
0.4373	1.0262
0.2115	1.1305
0.1924	1.1150
0.3628	1.0238
0.4364	1.0042
0.2115	1.1483
0.1926	1.0692
0.3607	1.0653
0.4363	0.9937
0.2122	1.1195
0.1926	1.0720
0.3609	1.0547
0.4350	0.9848
0.2121	1.1087
0.1928	1.0785
0.3617	0.9950
0.4349	0.9605
0.2119	1.1058
0.1928	1.0730
0.3619	1.0272
0.4361	0.9375
0.2118	1.1013
0.1926	1.0742
0.3596	1.0197
0.4351	0.9315
0.2126	1.1070
0.1928	1.0690
0.3614	1.1007
0.4347	0.9427
0.2120	1.1210
0.1929	1.1030
0.3615	1.0623
0.4340	0.9620
0.2119	1.1413
0.1930	1.0895
0.3598	1.0430
0.4332	0.9823
0.2125	1.1682
0.1932	1.1057
0.3609	1.0405
0.4322	0.9923
0.2121	1.1730
0.1934	1.1262
0.3605	1.1557
0.4312	0.9973
0.2123	1.1560
0.1936	1.1483
0.3602	1.1160
0.4303	0.9960
0.2124	1.1787
0.1938	1.1365
0.3589	1.0635
0.4303	0.9862
0.2128	1.1793
0.1938	1.1308
0.3584	1.1255
0.4303	0.9775
0.2130	1.1740
0.1938	1.1305
0.3584	1.0682
0.4310	1.0178
0.2130	1.1625
0.1936	1.1285
0.3596	1.0597
0.4295	0.9975
0.2126	1.1452
0.1939	1.1143
0.3598	1.0713
0.4295	0.9637
0.2125	1.1295
0.1939	1.0887
0.3585	1.1182
0.4287	0.9375
0.2130	1.1195
0.1941	1.0902
0.3585	1.1098
0.4275	0.8832
0.2130	1.0983
0.1943	1.0850
0.3584	1.1080
0.4281	0.8428
0.2130	1.1030
0.1942	1.0913
0.3583	1.0533
0.4269	0.8440
0.2130	1.1070
0.1945	1.0778
0.3587	1.0433
0.4257	0.8245
0.2129	1.1125
0.1947	1.1050
0.3588	1.1058
0.4247	0.8345
0.2128	1.1095
0.1949	1.1180
0.3587	1.1155
0.4230	0.8773
0.2129	1.0985
0.1953	1.1288
0.3585	1.1365
0.4220	0.8615
0.2129	1.0928
0.1955	1.1405
0.3582	1.1285
0.4210	0.8972
0.2131	1.0870
0.1957	1.1462
0.3580	1.1118
0.4194	0.9225
0.2131	1.0835
0.1961	1.1603
0.3584	1.0948
0.4185	0.9400
0.2130	1.0645
0.1963	1.1715
0.3590	1.0890
0.4185	0.9710
0.2128	1.0547
0.1963	1.1563
0.3596	1.0880
0.4181	0.9795
0.2126	1.0513
0.1963	1.1840
0.3594	1.0765
0.4180	0.9932
0.2126	1.0450
0.1964	1.1670
0.3594	1.0757
0.4173	1.0200
0.2126	1.0467
0.1965	1.1463
0.3596	1.0695
0.4165	1.0088
0.2126	1.0640
0.1967	1.1270
0.3596	1.0665
0.4164	0.9857
0.2126	1.0810
0.1967	1.1068
0.3595	1.0763
0.4148	0.9695
0.2126	1.0907
0.1971	1.0922
0.3590	1.1055
0.4150	0.9508
0.2128	1.1230
0.1970	1.0850
0.3587	1.1452
0.4150	0.9532
0.2129	1.1255
0.1970	1.0730
0.3585	1.1705
0.4144	0.9423
0.2129	1.1260
0.1972	1.0520
0.3586	1.1807
0.4143	0.9535
0.2129	1.1353
0.1972	1.0625
0.3592	1.2115
0.4138	0.9787
0.2127	1.1305
0.1973	1.0370
0.3590	1.2273
0.4134	0.9830
0.2128	1.1282
0.1974	1.0540
0.3600	1.2388
0.4132	0.9780
0.2125	1.1175
0.1974	1.0637
0.3608	1.2433
0.4127	0.9878
0.2122	1.1147
0.1975	1.0605
0.3608	1.2423
0.4127	0.9855
0.2122	1.1140
0.1976	1.0582
0.3616	1.2330
0.4128	0.9840
0.2119	1.1305
0.1975	1.0670
0.3616	1.2067
0.4125	0.9790
0.2119	1.1135
0.1976	1.0755
0.3619	1.1810
0.4120	0.9632
0.2118	1.1135
0.1977	1.0983
0.3619	1.1828
0.4119	0.9490
0.2118	1.1420
0.1977	1.0950
0.3619	1.1978
0.4118	0.9312
0.2118	1.1357
0.1978	1.1022
0.3618	1.1988
0.4110	0.8983
0.2118	1.1262
0.1979	1.1108
0.3614	1.2027
0.4101	0.8767
0.2120	1.1230
0.1982	1.1435
0.3617	1.2107
0.4086	0.8675
0.2118	1.1210
0.1985	1.1350
0.3618	1.2180
0.4078	0.8585
0.2118	1.1102
0.1987	1.1897
0.3624	1.2280
0.4069	0.8702
0.2116	1.1003
0.1989	1.2053
0.3635	1.2290
0.4057	0.8695
0.2112	1.0795
0.1992	1.2585
0.3637	1.2392
0.4036	0.8905
0.2112	1.0775
0.1997	1.2593
0.3642	1.2192
0.4032	0.9155
0.2110	1.0847
0.1998	1.2680
0.3647	1.1987
0.4010	0.9187
0.2108	1.0747
0.2004	1.3033
0.3653	1.1823
0.4008	0.9448
0.2106	1.0835
0.2004	1.3233
0.3658	1.1000
0.3983	0.9742
0.2105	1.1050
0.2010	1.3298
0.3656	1.0830
0.3980	0.9947
0.2105	1.1088
0.2011	1.3145
0.3653	1.0550
0.3972	0.9990
0.2106	1.1152
0.2013	1.3282
0.3651	1.0305
0.3954	1.0195
0.2107	1.1175
0.2018	1.2770
0.3650	1.0200
0.3948	1.0255
0.2107	1.1155
0.2019	1.2980
0.3634	1.0003
0.3943	1.0328
0.2113	1.1115
0.2021	1.2297
0.3630	1.0088
0.3935	1.0505
0.2114	1.1015
0.2023	1.2277
0.3626	1.0118
0.3927	1.0555
0.2115	1.0823
0.2025	1.2105
0.3624	1.0262
0.3928	1.0750
0.2116	1.0818
0.2025	1.1852
0.3628	1.0172
0.3922	1.0850
0.2115	1.0778
0.2026	1.1632
0.3629	1.0822
0.3921	1.0928
0.2115	1.0630
0.2026	1.1577
0.3632	1.0940
0.3925	1.1040
0.2113	1.0800
0.2025	1.1643
0.3634	1.1190
0.3923	1.1220
0.2113	1.0935
0.2026	1.1647
0.3636	1.1183
0.3920	1.1245
0.2112	1.0987
0.2027	1.1970
0.3634	1.1265
0.3924	1.1052
0.2113	1.1155
0.2026	1.1620
0.3639	1.1207
0.3923	1.1128
0.2111	1.1415
0.2026	1.1870
0.3634	1.1128
0.3916	1.0803
0.2113	1.1505
0.2028	1.1945
0.3633	1.1140
0.3914	1.0682
0.2113	1.1670
0.2028	1.1790
0.3629	1.0918
0.3906	1.0668
0.2114	1.1605
0.2030	1.1937
0.3631	1.1120
0.3905	1.0415
0.2114	1.1528
0.2031	1.1970
0.3623	1.1060
0.3898	1.0208
0.2116	1.1490
0.2033	1.1952
0.3622	1.1100
0.3890	1.0140
0.2117	1.1393
0.2035	1.1738
0.3620	1.1013
0.3890	1.0072
0.2118	1.1345
0.2035	1.1643
0.3618	1.1080
0.3881	1.0105
0.2118	1.1263
0.2037	1.1428
0.3623	1.0973
0.3876	1.0223
0.2116	1.1338
0.2039	1.1667
0.3627	1.1072
0.3870	1.0325
0.2115	1.1285
0.2040	1.1632
0.3626	1.0900
0.3868	1.0567
0.2116	1.1430
0.2041	1.1788
0.3624	1.0747
0.3867	1.0618
0.2116	1.1485
0.2041	1.2075
0.3625	1.0675
0.3866	1.0610
0.2116	1.1722
0.2041	1.2087
0.3621	1.0265
0.3861	1.0623
0.2117	1.1785
0.2043	1.2305
0.3617	0.9875
0.3859	1.0687
0.2118	1.1930
0.2043	1.2415
0.3608	0.9635
0.3854	1.0750
0.2122	1.1908
0.2045	1.2595
0.3601	0.9403
0.3846	1.0583
0.2124	1.1918
0.2047	1.2678
0.3591	0.9140
0.3837	1.0340
0.2128	1.1972
0.2050	1.2783
0.3584	0.9040
0.3826	1.0403
0.2130	1.1865
0.2053	1.2792
0.3574	0.8933
0.3819	1.0203
0.2133	1.1835
0.2055	1.2770
0.3567	0.9082
0.3814	1.0013
0.2136	1.1885
0.2056	1.2633
0.3560	0.9093
0.3805	1.0265
0.2139	1.1925
0.2059	1.2432
0.3552	0.9335
0.3795	1.0320
0.2142	1.1975
0.2062	1.2358
0.3548	0.9612
0.3791	1.0455
0.2143	1.2210
0.2063	1.2078
0.3543	0.9805
0.3784	1.0228
0.2145	1.2343
0.2065	1.1947
0.3537	1.0062
0.3777	1.0362
0.2147	1.2700
0.2067	1.1857
0.3529	1.0150
0.3783	1.0557
0.2150	1.2748
0.2065	1.1775
0.3524	1.0405
0.3778	1.0275
0.2152	1.2835
0.2067	1.1877
0.3518	1.0347
0.3779	1.0308
0.2154	1.2910
0.2066	1.1750
0.3510	1.0650
0.3770	1.0305
0.2157	1.2827
0.2069	1.1820
0.3501	1.0500
0.3771	1.0197
0.2160	1.2743
0.2069	1.1967
0.3495	1.0617
0.3770	0.9850
0.2163	1.2668
0.2069	1.2060
0.3491	1.0503
0.3749	0.9770
0.2164	1.2475
0.2076	1.2093
0.3485	1.0395
0.3750	0.9383
0.2167	1.2243
0.2075	1.2182
0.3489	1.0410
0.3741	0.9665
0.2165	1.2280
0.2078	1.2190
0.3481	1.0513
0.3728	0.9703
0.2168	1.2195
0.2082	1.2308
0.3478	1.0372
0.3721	0.9235
0.2169	1.2220
0.2084	1.2397
0.3476	1.0287
0.3713	1.0020
0.2170	1.2575
0.2087	1.2348
0.3473	1.0305
0.3701	1.0097
0.2171	1.2657
0.2091	1.2390
0.3465	1.0017
0.3699	1.0185
0.2174	1.2820
0.2091	1.2515
0.3460	1.0042
0.3698	1.0495
0.2176	1.2830
0.2092	1.2252
0.3450	0.9840
0.3682	1.1048
0.2180	1.2845
0.2097	1.2363
0.3436	0.9757
0.3685	1.0760
0.2186	1.3015
0.2096	1.2372
0.3429	0.9640
0.3687	1.1038
0.2189	1.3117
0.2095	1.2425
0.3422	0.9510
0.3677	1.0738
0.2192	1.3075
0.2098	1.2512
0.3415	0.9170
0.3679	1.0577
0.2195	1.2948
0.2098	1.2425
0.3407	0.9308
0.3685	1.0940
0.2198	1.2918
0.2096	1.2553
0.3399	0.9280
0.3669	1.0637
0.2201	1.2760
0.2101	1.2425
0.3391	0.9180
0.3663	1.0365
0.2205	1.2865
0.2103	1.2622
0.3381	0.9327
0.3651	1.0447
0.2209	1.3037
0.2107	1.2530
0.3372	0.9405
0.3648	1.0383
0.2213	1.3365
0.2108	1.2645
0.3366	0.9380
0.3639	0.9972
0.2215	1.3587
0.2111	1.2525
0.3356	0.9492
0.3637	1.0553
0.2220	1.3715
0.2112	1.2573
0.3344	0.9520
0.3626	1.0652
0.2225	1.3925
0.2115	1.2430
0.3338	0.9582
0.3622	1.1075
0.2228	1.3980
0.2117	1.2468
0.3325	0.9692
0.3619	1.1050
0.2233	1.4308
0.2118	1.2330
0.3312	0.9660
0.3617	1.1315
0.2239	1.4007
0.2119	1.2145
0.3304	0.9678
0.3616	1.1345
0.2243	1.3780
0.2119	1.1975
0.3293	0.9790
0.3616	1.1290
0.2248	1.3710
0.2119	1.1743
0.3284	0.9587
0.3614	1.1350
0.2252	1.3460
0.2119	1.1463
0.3270	0.9652
0.3614	1.0957
0.2259	1.3290
0.2119	1.1333
0.3271	0.9822
0.3617	1.0745
0.2259	1.3085
0.2118	1.1180
0.3266	0.9957
0.3620	1.0548
0.2261	1.2982
0.2117	1.0975
0.3259	1.0122
0.3614	1.0365
0.2264	1.2952
0.2119	1.0935
0.3253	1.0145
0.3619	1.0102
0.2267	1.2982
0.2118	1.0800
0.3247	1.0208
0.3609	0.9748
0.2270	1.2777
0.2121	1.0888
0.3242	1.0217
0.3605	0.9610
0.2272	1.3190
0.2123	1.0943
0.3239	1.0153
0.3604	0.9600
0.2274	1.3342
0.2123	1.1167
0.3233	1.0095
0.3602	0.9785
0.2277	1.3275
0.2124	1.1240
0.3224	1.0085
0.3596	0.9640
0.2282	1.3390
0.2126	1.1433
0.3216	0.9835
0.3585	1.0012
0.2285	1.3325
0.2130	1.1335
0.3208	0.9803
0.3583	1.0082
0.2289	1.3370
0.2130	1.1290
0.3200	0.9545
0.3580	0.9997
0.2294	1.3355
0.2132	1.1282
0.3193	0.9460
0.3577	1.0075
0.2297	1.3253
0.2133	1.1252
0.2134	1.1075
0.3185	0.9545
0.3572	1.0027
0.2301	1.3213
0.2133	1.0855
0.3175	0.9527
0.3575	1.0310
0.2307	1.3218
0.2133	1.0612
0.3169	0.9655
0.3574	1.0157
0.2310	1.3105
0.2135	1.0513
0.3161	0.9785
0.3571	1.0220
0.2314	1.3248
0.2135	1.0215
0.3155	0.9928
0.3571	1.0028
0.2317	1.3195
0.2135	1.0028
0.3149	1.0155
0.3569	1.0165
0.2320	1.3187
0.2135	1.0147
0.3142	1.0370
0.3571	1.0145
0.2324	1.3020
0.2135	1.0280
0.3139	1.0380
0.3571	1.0352
0.2326	1.3050
0.2134	1.0433
0.3130	1.0400
0.3572	1.0520
0.2331	1.3240
0.2134	1.0620
0.3127	1.0480
0.3572	1.0760
0.2332	1.2805
0.2133	1.0725
0.3125	1.0455
0.3576	1.1078
0.2334	1.2567
0.2133	1.0972
0.3122	1.0425
0.3575	1.1342
0.2335	1.2317
0.2133	1.1147
0.3116	1.0377
0.3576	1.1738
0.2339	1.2430
0.2134	1.1087
0.3106	1.0410
0.3574	1.1743
0.2345	1.1857
0.2133	1.1367
0.3110	1.0377
0.3575	1.2078
0.2342	1.1563
0.2132	1.1412
0.3108	1.0300
0.3578	1.2043
0.2343	1.1377
0.2131	1.1322
0.3105	1.0395
0.3580	1.2027
0.2345	1.1345
0.2129	1.1205
0.3099	1.0550
0.3586	1.1883
0.2348	1.1005
0.2128	1.1040
0.3102	1.0740
0.3589	1.1773
0.2347	1.0735
0.2128	1.0805
0.3104	1.0815
0.3590	1.1570
0.2345	1.0910
0.2127	1.0795
0.3104	1.0970
0.3592	1.1367
0.2346	1.0835
0.2127	1.0587
0.3104	1.0953
0.3593	1.1080
0.2346	1.0595
0.2127	1.0555
0.3107	1.1035
0.3593	1.0760
0.2344	1.0365
0.2127	1.0610
0.3106	1.0918
0.3592	1.0662
0.2345	1.0503
0.2126	1.0725
0.3108	1.0948
0.3594	1.0497
0.2343	1.0848
0.2127	1.0920
0.3111	1.0700
0.3593	1.0495
0.2342	1.0595
0.2127	1.1057
0.3112	1.0560
0.3593	1.0442
0.2341	1.0490
0.2341	1.0590
0.2127	1.1258
0.3112	1.0427
0.3591	1.0570
0.2342	1.0403
0.2128	1.1508
0.3110	1.0285
0.3590	1.0730
0.2344	1.0302
0.2130	1.1583
0.3106	1.0122
0.3584	1.0760
0.2345	1.0255
0.2131	1.0997
0.3106	1.0030
0.3581	1.0820
0.2345	1.0258
0.2132	1.1140
0.3105	1.0105
0.3577	1.0823
0.2345	1.0180
0.2133	1.1435
0.3104	1.0105
0.3576	1.0743
0.2346	1.0235
0.2134	1.0955
0.3103	1.0150
0.3572	1.0645
0.2345	1.0137
0.2134	1.0952
0.3104	1.0157
0.3573	1.0753
0.2344	1.0220
0.2128	1.0325
0.3106	1.0365
0.3589	1.0702
0.2343	1.0502
0.2130	1.0223
0.3109	1.0533
0.3585	1.0652
0.2342	1.0225
0.2134	0.9965
0.3110	1.0525
0.3574	1.0637
0.2343	1.0235
0.2131	0.9680
0.3108	1.0405
0.3582	1.0645
0.2344	1.0345
0.2132	0.9610
0.3107	1.0520
0.3579	1.0805
0.2343	1.0382
0.2128	1.0605
0.3109	1.0385
0.3591	1.0942
0.2345	1.0405
0.2128	1.0668
0.3106	1.0378
0.3588	1.1180
0.2342	1.0465
0.2127	1.0333
0.3110	1.0148
0.3593	1.1540
0.2344	1.0332
0.2125	1.1170
0.3107	1.0248
0.3597	1.1895
0.2344	1.0210
0.2123	1.0535
0.3108	1.0025
0.3604	1.2257
0.2344	1.0315
0.2125	1.1198
0.3106	1.0093
0.3597	1.2303
0.2343	1.0110
0.2125	1.1060
0.3108	1.0125
0.3598	1.2568
0.2345	1.0457
0.2123	1.1178
0.3104	1.0113
0.3605	1.2375
0.2344	1.0555
0.2124	1.1165
0.3107	1.0290
0.3601	1.2288
0.2346	1.0852
0.2116	1.1077
0.3103	1.0450
0.3624	1.2118
0.2345	1.0877
0.2118	1.0590
0.3104	1.0573
0.3620	1.1828
0.2345	1.1030
0.2115	1.0350
0.3106	1.0650
0.3628	1.1545
0.2346	1.1050
0.2116	1.0110
0.3103	1.0705
0.3624	1.1125
0.2347	1.1177
0.2115	0.9505
0.3102	1.0755
0.3626	1.0773
0.2348	1.1185
0.2114	0.9770
0.3100	1.1035
0.3631	1.0410
0.2348	1.1148
0.2114	0.9413
0.3100	1.1112
0.3630	1.0525
0.2347	1.1125
0.2114	0.9513
0.3101	1.1085
0.3629	1.0397
0.2349	1.0995
0.2114	0.9567
0.3098	1.1177
0.3631	1.0600
0.2349	1.0765
0.2113	0.9877
0.3099	1.1245
0.3634	1.0637
0.2348	1.0563
0.2110	1.0353
0.3100	1.1143
0.3641	1.0770
0.2346	1.0840
0.2108	1.0445
0.3104	1.1123
0.3649	1.1030
0.2345	1.0540
0.2107	1.0833
0.3105	1.1155
0.3651	1.1238
0.2344	1.0528
0.2107	1.1015
0.3107	1.1397
0.3652	1.1445
0.2342	1.0485
0.2109	1.1175
0.3111	1.1667
0.3647	1.1597
0.2342	1.0615
0.2110	1.1342
0.3111	1.1508
0.3642	1.1613
0.2345	1.0622
0.2109	1.1455
0.3106	1.1500
0.3645	1.1662
0.2341	1.0675
0.2111	1.1395
0.3113	1.1523
0.3640	1.1705
0.2340	1.0700
0.2110	1.1182
0.3114	1.1583
0.3643	1.1877
0.2336	1.0700
0.2109	1.0757
0.3122	1.1658
0.3645	1.2070
0.2338	1.0565
0.2108	1.0095
0.3117	1.1672
0.3648	1.2240
0.2336	1.0245
0.2106	1.0157
0.3121	1.1725
0.3654	1.2498
0.2336	1.0385
0.2104	0.9662
0.3122	1.1765
0.3659	1.2757
0.2334	1.0382
0.2101	0.9675
0.3124	1.1825
0.3670	1.3033
0.2331	1.0533
0.2097	0.9523
0.3129	1.1773
0.3682	1.3400
0.2329	1.0430
0.2091	0.9690
0.3133	1.2052
0.3700	1.3670
0.2328	1.0597
0.2088	1.0115
0.3135	1.2015
0.3708	1.3853
0.2326	1.0490
0.2084	1.0210
0.3140	1.2235
0.3724	1.4062
0.2324	1.0705
0.2080	1.0480
0.3143	1.2480
0.3734	1.4065
0.2322	1.0933
0.2075	1.0973
0.3146	1.2755
0.3751	1.3977
0.2320	1.1005
0.2073	1.1047
0.3149	1.2995
0.3757	1.3795
0.2321	1.1163
0.2073	1.0880
0.3148	1.3280
0.3757	1.3482
0.2317	1.1228
0.2071	1.1000
0.3156	1.3328
0.3766	1.3288
0.2315	1.1235
0.2070	1.0972
0.3159	1.3280
0.3769	1.3008
0.2312	1.1018
0.2071	1.0998
0.3166	1.3035
0.3765	1.2675
0.2308	1.0985
0.2067	1.0655
0.3172	1.2985
0.3777	1.2392
0.2306	1.0858
0.2066	1.0107
0.3177	1.2948
0.3781	1.2102
0.2303	1.0920
0.2064	0.9928
0.3182	1.2688
0.3788	1.2060
0.2302	1.0803
0.2063	0.9618
0.3184	1.2740
0.3792	1.1978
0.2301	1.0865
0.2061	0.9025
0.3186	1.2260
0.3799	1.2012
0.2299	1.0915
0.2058	0.9315
0.3190	1.2005
0.3807	1.2117
0.2299	1.0970
0.2056	0.9878
0.3190	1.1515
0.3814	1.2343
0.2298	1.1005
0.2053	0.9700
0.3192	1.1373
0.3827	1.2478
0.2295	1.0990
0.2049	0.9932
0.3198	1.1408
0.3838	1.2725
0.2297	1.0927
0.2045	1.0132
0.3194	1.1483
0.3852	1.2855
0.2297	1.0762
0.2044	1.0493
0.3194	1.1612
0.3859	1.3015
0.2300	1.0635
0.2045	1.0350
0.3188	1.1670
0.3853	1.3048
0.2299	1.0488
0.2040	1.0618
0.3189	1.1937
0.3870	1.2977
0.2298	1.0295
0.2039	1.0787
0.3192	1.1647
0.3874	1.2942
0.2295	0.9910
0.2038	1.0822
0.3198	1.1722
0.3879	1.2840
0.2290	0.9780
0.2037	1.0900
0.3207	1.1698
0.3881	1.2745
0.2288	0.9503
0.2034	1.0347
0.3212	1.2118
0.3894	1.2595
0.2283	0.9493
0.2033	1.0467
0.3221	1.2270
0.3897	1.2305
0.2280	0.9437
0.2032	0.9945
0.3226	1.2235
0.3902	1.2090
0.2278	0.9527
0.2029	0.9868
0.3231	1.2277
0.3913	1.1945
0.2276	0.9705
0.2028	0.9485
0.3234	1.2165
0.3914	1.1660
0.2273	0.9718
0.2026	0.9688
0.3242	1.2288
0.3921	1.1615
0.2270	0.9770
0.2025	0.9632
0.3247	1.2270
0.3926	1.1468
0.2268	0.9720
0.2022	0.9783
0.3250	1.2518
0.3939	1.1437
0.2266	0.9895
0.2021	1.0003
0.3255	1.2805
0.3943	1.1295
0.2265	0.9712
0.2019	1.0003
0.3258	1.3092
0.3948	1.1078
0.2261	0.9642
0.2018	0.9920
0.3266	1.3163
0.3954	1.0862
0.2257	0.9552
0.2018	0.9953
0.3274	1.3262
0.3954	1.0670
0.2252	0.9332
0.2018	1.0280
0.3285	1.3313
0.3953	1.0440
0.2248	0.9195
0.2018	1.0097
0.3293	1.3293
0.3953	1.0193
0.2242	0.9093
0.2019	1.0153
0.3306	1.3327
0.3948	1.0110
0.2237	0.9408
0.2019	1.0108
0.3318	1.3213
0.3950	0.9813
0.2233	0.9247
0.2019	0.9875
0.3327	1.3170
0.3948	0.9640
0.2228	0.9703
0.2020	0.9353
0.3336	1.2933
0.3944	0.9293
0.2225	0.9608
0.2020	0.9178
0.3344	1.2823
0.3946	0.9285
0.2222	0.9475
0.2020	0.8813
0.3351	1.2660
0.3947	0.9245
0.2223	0.9455
0.2020	0.8747
0.3349	1.2375
0.3945	0.9308
0.3947	0.9548
0.2218	0.9392
0.2020	0.8590
0.3360	1.2282
0.3951	0.9788
0.2219	0.9162
0.2018	0.8432
0.3357	1.2250
0.3956	0.9998
0.2216	0.9080
0.2017	0.8618
0.3364	1.2357
0.3961	1.0220
0.2210	0.8995
0.2016	0.8665
0.3377	1.2348
0.3968	1.0380
0.2208	0.8435
0.2014	0.8720
0.3383	1.2387
0.3978	1.0577
0.2204	0.8422
0.2012	0.8980
0.3392	1.2320
0.3987	1.0760
0.2198	0.8125
0.2009	0.9110
0.3407	1.2375
0.3989	1.0830
0.2193	0.8052
0.2009	0.9192
0.3419	1.2395
0.3996	1.0992
0.2189	0.8270
0.2007	0.9495
0.3428	1.2425
0.3997	1.0955
0.2184	0.8245
0.2007	0.9615
0.3440	1.2495
0.3997	1.0882
0.2180	0.8373
0.2007	0.9802
0.3451	1.2515
0.4004	1.0735
0.2178	0.8723
0.2005	0.9913
0.3455	1.2635
0.4008	1.0680
0.2174	0.8793
0.2004	1.0023
0.3466	1.2473
0.4009	1.0600
0.2171	0.9035
0.2004	1.0102
0.3475	1.2498
0.4011	1.0665
0.2167	0.9207
0.2003	1.0213
0.3483	1.2535
0.4012	1.0747
0.2165	0.9355
0.2003	1.0137
0.3490	1.2403
0.4013	1.0948
0.2161	0.9180
0.2003	1.0520
0.3500	1.2447
0.4010	1.1095
0.2158	0.9270
0.2003	1.0758
0.3507	1.2505
0.4012	1.1190
0.2157	0.9090
0.2003	1.0567
0.3511	1.2422
0.4011	1.1385
0.2153	0.9390
0.2003	1.1068
0.3520	1.2513
0.4017	1.1450
0.2151	0.9340
0.2002	1.1198
0.3525	1.2515
0.4017	1.1492
0.2148	0.9270
0.2002	1.1185
0.3535	1.2452
0.4019	1.1523
0.2144	0.9520
0.2001	1.1138
0.3545	1.2438
0.4029	1.1517
0.2140	0.9293
0.1999	1.1112
0.3557	1.2538
0.4021	1.1453
0.2138	0.9335
0.2001	1.1085
0.3561	1.2355
0.4021	1.1228
0.2135	0.9352
0.2001	1.1062
0.3569	1.2450
0.4023	1.1065
0.2132	0.9358
0.2000	1.0995
0.3580	1.2367
0.4023	1.0742
0.2131	0.9347
0.2000	1.0562
0.3581	1.2153
0.4025	1.0533
0.2127	0.9460
0.2000	1.0403
0.3593	1.2143
0.4023	1.0390
0.2125	0.9108
0.2000	1.0125
0.3597	1.1835
0.4022	1.0435
0.2123	0.9088
0.2001	1.0108
0.3604	1.1577
0.4020	1.0592
0.2120	0.8960
0.2001	1.0155
0.3612	1.1368
0.4025	1.0628
0.2118	0.8828
0.2000	1.0007
0.3617	1.1247
0.4033	1.0770
0.2115	0.8790
0.1998	1.0128
0.3626	1.0845
0.4029	1.0842
0.2114	0.8848
0.1999	1.0225
0.3631	1.0820
0.4031	1.0923
0.2113	0.8845
0.1998	1.0042
0.3634	1.0720
0.4037	1.1028
0.2110	0.8962
0.1997	0.9995
0.3642	1.0595
0.4043	1.1160
0.2109	0.8813
0.1995	1.0323
0.3644	1.0585
0.4046	1.1157
0.2108	0.9055
0.1995	1.0587
0.3647	1.0620
0.4043	1.1197
0.2108	0.9122
0.1995	1.0462
0.3649	1.0655
0.4051	1.1053
0.2106	0.9185
0.1994	1.0300
0.3653	1.0708
0.4053	1.0787
0.2106	0.9508
0.1993	1.0440
0.3655	1.0725
0.4052	1.0657
0.2103	0.9442
0.1993	1.0410
0.3664	1.0700
0.3668	1.0713
0.4052	1.0425
0.2101	0.9495
0.1993	1.0408
0.3672	1.0685
0.4053	1.0427
0.2100	0.9455
0.1993	1.0080
0.3675	1.0518
0.4056	1.0507
0.2099	0.9623
0.1992	1.0435
0.3675	1.0308
0.4049	1.0490
0.2099	0.9440
0.1994	1.0685
0.3677	1.0193
0.4051	1.0933
0.2098	0.9595
0.1993	1.0620
0.3680	0.9942
0.4046	1.1145
0.2098	0.9428
0.1995	1.0938
0.3682	0.9902
0.4055	1.1265
0.2097	0.9440
0.1993	1.0987
0.3677	0.9885
0.4053	1.1405
0.2098	0.9373
0.1993	1.1147
0.3678	0.9802
0.4047	1.1313
0.2098	0.9280
0.1994	1.1018
0.3680	0.9797
0.4062	1.1393
0.2097	0.9245
0.1991	1.1213
0.3682	0.9915
0.4059	1.1335
0.2097	0.9260
0.1992	1.1045
0.3685	0.9967
0.4062	1.1218
0.2096	0.9353
0.1991	1.1235
0.3688	1.0040
0.4064	1.0952
0.2095	0.9050
0.1990	1.0998
0.3689	1.0265
0.4058	1.0735
0.2095	0.9458
0.1992	1.0547
0.3692	1.0345
0.4057	1.0190
0.2093	0.9547
0.1992	1.0540
0.3697	1.0350
0.4056	0.9652
0.2092	0.9555
0.1992	1.0115
0.3698	1.0542
0.4054	0.9395
0.2092	0.9662
0.1993	1.0105
0.3704	1.0470
0.4052	0.9308
0.2090	0.9755
0.1993	1.0005
0.3700	1.0497
0.4053	0.9652
0.2091	0.9675
0.1993	1.0085
0.3702	1.0445
0.4051	0.9950
0.2090	0.9765
0.1994	1.0157
0.3704	1.0368
0.4043	1.0237
0.2090	0.9825
0.1995	1.0335
0.3709	1.0115
0.4039	1.0518
0.2088	0.9735
0.1996	1.0498
0.3708	1.0257
0.4041	1.0795
0.2088	0.9975
0.1996	1.0687
0.3712	1.0187
0.4044	1.1070
0.2087	0.9832
0.1995	1.1000
0.3711	1.0027
0.4050	1.1262
0.2088	0.9760
0.1994	1.1015
0.3712	1.0347
0.4053	1.1580
0.2087	0.9850
0.1993	1.1152
0.3709	1.0320
0.4055	1.1798
0.2088	0.9968
0.1993	1.0938
0.3712	1.0355
0.4055	1.1660
0.2087	1.0310
0.1992	1.0978
0.3710	1.0480
0.4055	1.1505
0.2088	1.0318
0.1992	1.0918
0.3709	1.0662
0.4059	1.1145
0.2088	1.0335
0.1992	1.0750
0.3717	1.0640
0.4057	1.0788
0.2086	1.0375
0.1992	1.0677
0.3718	1.0857
0.4067	1.0572
0.2085	1.0700
0.1989	1.0380
0.3709	1.0758
0.4064	1.0333
0.2088	1.0547
0.1990	1.0460
0.3716	1.0775
0.4063	1.0425
0.2086	1.0502
0.1990	1.0378
0.3720	1.0782
0.4063	1.0660
0.2085	1.0455
0.1990	1.0345
0.3720	1.0447
0.4056	1.1083
0.2085	1.0280
0.1992	1.0438
0.3713	0.9978
0.4061	1.0965
0.2087	1.0197
0.1991	1.0660
0.3718	1.0350
0.4051	1.1185
0.2085	0.9928
0.1993	1.0872
0.3718	1.0280
0.4057	1.1303
0.2085	0.9957
0.1992	1.1125
0.3718	1.0190
0.4069	1.1315
0.2085	1.0025
0.1989	1.1282
0.3722	1.0115
0.4079	1.1287
0.2084	1.0245
0.1987	1.1395
0.3712	1.0198
0.4078	1.1223
0.2087	1.0025
0.1987	1.1690
0.3721	1.0232
0.4074	1.1225
0.2084	1.0085
0.1988	1.1585
0.3725	1.0247
0.4069	1.0875
0.2083	1.0220
0.1989	1.1428
0.3725	1.0485
0.4064	1.0355
0.2083	1.0310
0.1990	1.1567
0.3716	1.0615
0.4053	0.9728
0.2086	1.0373
0.1993	1.1575
0.3718	1.1135
0.4046	0.9527
0.2085	1.0302
0.1995	1.1610
0.3722	1.0715
0.4039	0.9255
0.2084	1.0167
0.1996	1.1355
0.3718	1.0700
0.4039	0.9248
0.2085	1.0240
0.1996	1.0870
0.3723	1.0612
0.4029	0.9310
0.2084	1.0190
0.1999	1.0895
0.3729	1.0685
0.4018	0.9732
0.2082	0.9888
0.2001	1.0670
0.3735	1.0447
0.4009	0.9873
0.2080	1.0020
0.2004	1.0562
0.3736	1.0330
0.4006	0.9940
0.2080	1.0240
0.2005	1.0582
0.3738	1.0490
0.4016	1.0062
0.2079	1.0142
0.2002	1.0680
0.3737	1.0442
0.4013	1.0457
0.2080	1.0197
0.2003	1.0648
0.3738	1.0542
0.4022	1.0675
0.2079	1.0502
0.2001	1.0665
0.3730	1.0578
0.4023	1.1028
0.2082	1.0730
0.2000	1.0472
0.3724	1.0853
0.4018	1.1147
0.2083	1.0795
0.2001	1.0535
0.3728	1.1020
0.4019	1.0962
0.2082	1.0862
0.2001	1.0688
0.3730	1.1380
0.4023	1.0928
0.2082	1.0827
0.2000	1.0535
0.3730	1.1773
0.4018	1.0710
0.2082	1.0845
0.2001	1.0505
0.3731	1.1880
0.4027	1.0670
0.2081	1.0573
0.1999	1.0418
0.3738	1.2020
0.4025	1.0792
0.2079	1.0392
0.2000	1.0252
0.3742	1.1917
0.4025	1.0900
0.2078	1.0408
0.2000	1.0137
0.3752	1.1812
0.4025	1.1075
0.2075	1.0337
0.2000	1.0102
0.3764	1.1647
0.4029	1.1235
0.2071	1.0122
0.1999	0.9983
0.3767	1.1470
0.4032	1.1317
0.2070	1.0040
0.1998	1.0070
0.3770	1.1285
0.4036	1.1442
0.2069	1.0348
0.1997	0.9970
0.3770	1.1160
0.4044	1.1658
0.2069	1.0290
0.1995	1.0232
0.3771	1.1145
0.4055	1.1553
0.2069	1.0367
0.1992	1.0340
0.3773	1.0867
0.4059	1.1767
0.2069	1.0532
0.1991	1.0575
0.3771	1.1057
0.4068	1.1620
0.2069	1.0595
0.1989	1.0823
0.3764	1.1165
0.4074	1.1500
0.2071	1.0537
0.1988	1.1035
0.3767	1.1280
0.4072	1.1143
0.2070	1.0482
0.1988	1.1273
0.3774	1.1460
0.4065	1.0627
0.2068	1.0568
0.1990	1.1380
0.3774	1.1503
0.4068	1.0465
0.2068	1.0703
0.1989	1.1482
0.3780	1.1518
0.4058	0.9965
0.2066	1.0615
0.1992	1.1700
0.3788	1.1430
0.4051	0.9818
0.2064	1.0412
0.1993	1.1865
0.3793	1.1295
0.4039	0.9515
0.2062	1.0498
0.1996	1.1730
0.3797	1.0820
0.4030	0.9688
0.2061	1.0690
0.1998	1.1665
0.3796	1.0590
0.4026	0.9608
0.2062	1.0803
0.2000	1.1340
0.3797	1.0277
0.4012	0.9835
0.2061	1.0862
0.2003	1.1635
0.3793	1.0042
0.4007	1.0032
0.2062	1.1200
0.2004	1.1520
0.3790	0.9915
0.4000	1.0395
0.2063	1.1253
0.2006	1.1372
0.3778	0.9880
0.4001	1.0510
0.2067	1.1345
0.2006	1.1392
0.3768	0.9980
0.4011	1.0688
0.2070	1.1385
0.2003	1.1678
0.3763	1.0090
0.3999	1.1018
0.2071	1.1420
0.2006	1.1718
0.3755	1.0175
0.4003	1.1035
0.2074	1.1362
0.2005	1.1718
0.3755	1.0298
0.4008	1.1195
0.2074	1.1223
0.2004	1.1930
0.3755	1.0622
0.4002	1.1065
0.2074	1.0933
0.2006	1.1977
0.3756	1.0718
0.3994	1.1088
0.2074	1.0698
0.2007	1.2160
0.3759	1.0868
0.3989	1.0920
0.2073	1.0760
0.2009	1.1800
0.3759	1.0990
0.3985	1.0960
0.2073	1.0482
0.2010	1.1705
0.3763	1.0605
0.3976	1.1102
0.2071	1.0447
0.2012	1.1703
0.3769	1.0377
0.3972	1.1252
0.2070	1.0345
0.2013	1.1595
0.3768	1.0117
0.3977	1.1360
0.2070	1.0280
0.2012	1.1233
0.3766	0.9908
0.3971	1.1518
0.2071	1.0250
0.2013	1.1050
0.3769	0.9842
0.3979	1.1847
0.2070	1.0123
0.2011	1.1055
0.3760	0.9980
0.3988	1.1912
0.2072	1.0188
0.2009	1.0980
0.3756	0.9823
0.3991	1.2080
0.2074	1.0177
0.2008	1.1072
0.3751	0.9587
0.3998	1.2077
0.2075	1.0142
0.2006	1.1215
0.3750	0.9563
0.4004	1.2210
0.2076	1.0030
0.2005	1.1380
0.3751	0.9550
0.4010	1.1875
0.2075	1.0000
0.2003	1.1555
0.3757	0.9918
0.4006	1.1635
0.2073	1.0085
0.2005	1.1897
0.3759	1.0003
0.4004	1.1567
0.2073	1.0210
0.2005	1.2200
0.3753	1.0000
0.4004	1.1350
0.2075	1.0230
0.2005	1.2440
0.3753	0.9997
0.3998	1.1250
0.2075	1.0345
0.2007	1.2612
0.3756	0.9845
0.3989	1.0970
0.2073	1.0637
0.2009	1.2323
0.3755	0.9537
0.3980	1.1017
0.2074	1.0787
0.2011	1.2575
0.3750	0.9355
0.3971	1.1108
0.2075	1.1215
0.2013	1.2298
0.3745	0.9462
0.3964	1.0973
0.2077	1.1445
0.2015	1.2580
0.3740	0.9380
0.3961	1.1045
0.2079	1.1708
0.2016	1.2153
0.3729	0.9197
0.3967	1.1278
0.2082	1.1823
0.2014	1.2265
0.3722	0.9095
0.3957	1.1383
0.2084	1.1802
0.2017	1.2188
0.3707	0.9133
0.3966	1.1465
0.2089	1.1720
0.2015	1.2098
0.3698	0.9227
0.3954	1.1383
0.2092	1.1583
0.2018	1.2267
0.3688	0.9173
0.3963	1.1430
0.2095	1.1557
0.2016	1.2268
0.3684	0.9248
0.3958	1.1122
0.2096	1.1475
0.2017	1.3075
0.3680	0.9270
0.3955	1.1105
0.2097	1.1413
0.2018	1.2610
0.3679	0.9563
0.3951	1.1037
0.2098	1.1270
0.2019	1.3070
0.3680	0.9503
0.3936	1.1105
0.2098	1.1262
0.2022	1.3030
0.3674	0.9520
0.3935	1.0830
0.2099	1.1245
0.2023	1.3413
0.3668	0.9575
0.3907	1.0875
0.2101	1.1362
0.2030	1.3353
0.3664	0.9563
0.3910	1.0793
0.2103	1.1520
0.2029	1.3327
0.3661	0.9400
0.3903	1.1045
0.2104	1.1578
0.2031	1.3205
0.3650	0.9320
0.3894	1.0985
0.2107	1.1678
0.2034	1.2913
0.3642	0.9438
0.3883	1.0928
0.2110	1.1683
0.2037	1.2767
0.3636	0.9597
0.3882	1.1268
0.2112	1.1695
0.2037	1.2600
0.3628	0.9730
0.3877	1.0997
0.2115	1.1722
0.2038	1.2480
0.3621	0.9640
0.3885	1.0913
0.2117	1.1660
0.2036	1.2277
0.3617	0.9977
0.3877	1.0627
0.2119	1.1647
0.2038	1.2153
0.3615	1.0103
0.3879	1.0595
0.2119	1.2147
0.2038	1.1977
0.3613	1.0045
0.3866	1.0333
0.2120	1.2065
0.2041	1.2085
0.3611	1.0217
0.3865	1.0045
0.2120	1.2040
0.2042	1.2155
0.3607	1.0288
0.3862	0.9522
0.2122	1.2440
0.2043	1.2320
0.3606	1.0385
0.3849	0.9407
0.2122	1.2622
0.2046	1.2510
0.3589	1.0235
0.3842	0.9235
0.2128	1.3032
0.2048	1.2748
0.3583	1.0130
0.3830	0.9367
0.2130	1.3240
0.2052	1.2593
0.3580	1.0013
0.3815	0.9520
0.2131	1.3405
0.2056	1.3025
0.3565	0.9985
0.3802	0.9412
0.2137	1.3580
0.2060	1.3035
0.3559	0.9868
0.3786	0.9912
0.2139	1.3638
0.2064	1.3057
0.3543	0.9845
0.3776	1.0023
0.2145	1.3130
0.2068	1.3250
0.3533	0.9965
0.3772	1.0112
0.2148	1.3077
0.2069	1.3140
0.3525	0.9910
0.3763	1.0475
0.2151	1.2970
0.2071	1.3072
0.3516	1.0003
0.3757	1.0557
0.2155	1.2995
0.2073	1.2957
0.3511	1.0112
0.3758	1.0758
0.2157	1.3057
0.2073	1.2827
0.3506	1.0173
0.3749	1.0682
0.2159	1.3005
0.2076	1.2633
0.3505	1.0317
0.3743	1.0425
0.2159	1.3067
0.2078	1.2642
0.3504	1.0403
0.3740	1.0385
0.2159	1.3223
0.2078	1.2543
0.3491	1.0557
0.3734	1.0365
0.2164	1.3387
0.2080	1.2518
0.3486	1.0522
0.3728	0.9993
0.2166	1.3640
0.2082	1.2380
0.3473	1.0550
0.3721	1.0100
0.2171	1.3755
0.2084	1.2340
0.3466	1.0587
0.3710	1.0128
0.2174	1.3995
0.2088	1.2332
0.3456	1.0652
0.3703	1.0087
0.2178	1.4220
0.2090	1.2320
0.3448	1.0882
0.3697	1.0280
0.2181	1.3920
0.2092	1.2120
0.3435	1.1007
0.3691	1.0367
0.2186	1.3898
0.2094	1.2250
0.3429	1.1300
0.3687	1.0658
0.2189	1.3920
0.2095	1.2278
0.3423	1.1485
0.3682	1.0752
0.2191	1.3855
0.2097	1.2145
0.3418	1.1530
0.3679	1.0987
0.2193	1.3935
0.2098	1.2062
0.3418	1.1505
0.3683	1.1165
0.2193	1.3925
0.2096	1.2010
0.3417	1.1645
0.3676	1.1242
0.2194	1.4043
0.2099	1.1912
0.3411	1.1615
0.3677	1.1258
0.2196	1.4332
0.2099	1.1755
0.3410	1.1568
0.3672	1.1270
0.2197	1.4660
0.2100	1.1600
0.3400	1.1483
0.3674	1.1220
0.2201	1.4688
0.2099	1.1458
0.3391	1.1180
0.3674	1.0955
0.2205	1.4825
0.2099	1.1467
0.3380	1.1033
0.3673	1.0875
0.2209	1.4927
0.2100	1.1185
0.3366	1.0855
0.3673	1.0702
0.2215	1.5150
0.2100	1.1087
0.3352	1.0650
0.3673	1.0785
0.2221	1.5087
0.2100	1.0907
0.3345	1.0695
0.3673	1.0520
0.2225	1.4875
0.2100	1.0927
0.3335	1.0740
0.3670	1.0473
0.2229	1.4783
0.2101	1.0770
0.3329	1.0810
0.3668	1.0498
0.2232	1.4405
0.2101	1.0723
0.3314	1.0955
0.3666	1.0485
0.2238	1.4140
0.2102	1.0745
0.3310	1.1122
0.3669	1.0602
0.2240	1.3903
0.2101	1.0795
0.3306	1.1147
0.3663	1.0597
0.2242	1.3767
0.2103	1.0763
0.3300	1.1185
0.3666	1.0757
0.2245	1.3733
0.2102	1.0855
0.3300	1.1055
0.3667	1.0720
0.2245	1.3623
0.2102	1.0817
0.3296	1.1120
0.3666	1.0645
0.2247	1.3197
0.2102	1.0743
0.3291	1.0872
0.3668	1.0478
0.2249	1.3255
0.2101	1.0800
0.2101	1.0673
0.3287	1.0742
0.3668	1.0548
0.2251	1.3227
0.2102	1.0713
0.3279	1.0570
0.3667	1.0345
0.2254	1.3110
0.2102	1.0648
0.3273	1.0322
0.3665	1.0302
0.2258	1.3240
0.2103	1.0600
0.3269	1.0153
0.3664	1.0240
0.2259	1.3170
0.2104	1.0453
0.3258	1.0258
0.3660	1.0378
0.2264	1.3135
0.2104	1.0357
0.3252	1.0072
0.3660	1.0467
0.2267	1.3215
0.2105	1.0237
0.3246	1.0230
0.3656	1.0460
0.2271	1.3115
0.2105	1.0302
0.3237	1.0360
0.3658	1.0655
0.2275	1.3092
0.2105	1.0205
0.3231	1.0282
0.3657	1.0997
0.2278	1.3070
0.2102	1.0240
0.3230	1.0450
0.3666	1.1360
0.2279	1.3020
0.2100	1.0367
0.3221	1.0413
0.3671	1.1497
0.2283	1.2915
0.2100	1.0473
0.3219	1.0393
0.3673	1.1890
0.2284	1.2800
0.2099	1.0590
0.3215	1.0545
0.3675	1.2060
0.2286	1.2468
0.2096	1.0600
0.3211	1.0507
0.3685	1.2138
0.2288	1.2420
0.2094	1.0757
0.3205	0.9975
0.3691	1.1870
0.2291	1.1940
0.2094	1.0872
0.3200	1.0160
0.3690	1.1788
0.2293	1.1672
0.2093	1.0822
0.3196	0.9872
0.3694	1.1722
0.2296	1.1395
0.2092	1.0790
0.3197	0.9757
0.3698	1.1605
0.2295	1.1280
0.2092	1.0873
0.3192	0.9653
0.3698	1.1368
0.2298	1.1090
0.2092	1.0673
0.3189	0.9703
0.3696	1.1215
0.2299	1.0898
0.2092	1.0555
0.3190	0.9813
0.3696	1.1155
0.2299	1.0685
0.2092	1.0333
0.3187	0.9945
0.3697	1.1055
0.2300	1.0607
0.2092	1.0207
0.3184	0.9993
0.3697	1.1172
0.2302	1.0560
0.2092	1.0282
0.3181	1.0058
0.3699	1.1255
0.2303	1.0345
0.2089	1.0237
0.3180	1.0415
0.3705	1.1517
0.2304	1.0485
0.2089	1.0285
0.3182	1.0407
0.3707	1.1530
0.2303	1.0490
0.2087	1.0542
0.3183	1.0445
0.3714	1.1818
0.2303	1.0568
0.2083	1.0582
0.3186	1.0440
0.3724	1.1892
0.2301	1.0555
0.2083	1.0845
0.3186	1.0530
0.3725	1.1767
0.2301	1.0520
0.2081	1.1090
0.3188	1.0372
0.3731	1.2003
0.2300	1.0595
0.2081	1.1052
0.3188	1.0315
0.3730	1.2102
0.2300	1.0698
0.2301	1.0635
0.2081	1.1340
0.3185	1.0160
0.3733	1.2062
0.2303	1.0403
0.2081	1.1528
0.3182	1.0012
0.3733	1.1947
0.2303	1.0795
0.2083	1.1255
0.3181	0.9998
0.3724	1.1858
0.2306	1.0488
0.2081	1.1233
0.3176	0.9892
0.3731	1.1945
0.2307	1.0960
0.2080	1.1057
0.3175	0.9865
0.3736	1.2110
0.2308	1.0815
0.2080	1.0825
0.3173	1.0045
0.3734	1.2100
0.2305	1.0520
0.2080	1.0802
0.3178	1.0150
0.3736	1.2388
0.2309	1.0675
0.2078	1.0535
0.3170	1.0260
0.3742	1.2862
0.2306	1.0485
0.2075	1.0213
0.3176	1.0462
0.3751	1.2815
0.2311	1.0382
0.2072	1.0175
0.3166	1.0455
0.3760	1.3035
0.2310	1.0160
0.2070	0.9723
0.3169	1.0535
0.3768	1.3345
0.2307	1.0617
0.2067	1.0062
0.3174	1.0518
0.3778	1.3415
0.2308	1.0150
0.2063	1.0140
0.3173	1.0520
0.3790	1.3665
0.2306	1.0475
0.2059	1.0502
0.3175	1.0385
0.3805	1.3463
0.2306	0.9983
0.2055	1.0485
0.3176	1.0308
0.3817	1.3397
0.2304	1.0175
0.2049	1.0687
0.3181	1.0182
0.3838	1.3177
0.2306	1.0385
0.2051	1.0580
0.3176	1.0102
0.3832	1.2860
0.2305	1.0272
0.2048	1.0697
0.3177	0.9972
0.3843	1.2508
0.2307	1.0175
0.2050	1.0813
0.3174	0.9748
0.3837	1.2220
0.2308	1.0250
0.2048	1.0485
0.3172	0.9665
0.3844	1.1990
0.2310	1.0375
0.2049	1.0805
0.3169	0.9647
0.3840	1.1955
0.2310	1.0232
0.2048	1.0320
0.3169	0.9673
0.3844	1.1748
0.2311	1.0343
0.2048	1.0257
0.3167	0.9547
0.3842	1.1787
0.2311	1.0345
0.2047	0.9845
0.3167	0.9837
0.3846	1.1910
0.2312	1.0412
0.2043	0.9905
0.3164	1.0058
0.3862	1.2027
0.2311	1.0457
0.2040	0.9732
0.3166	1.0165
0.3872	1.2320
0.2312	1.0545
0.2039	0.9767
0.3165	1.0272
0.3874	1.2585
0.2314	1.0633
0.2035	0.9795
0.3161	1.0440
0.3889	1.3020
0.2313	1.0800
0.2033	1.0255
0.3164	1.0710
0.3898	1.3097
0.2312	1.0810
0.2030	1.0675
0.3165	1.1160
0.3908	1.3110
0.2313	1.0812
0.2027	1.0825
0.3164	1.1055
0.3918	1.2987
0.2313	1.0747
0.2024	1.0897
0.3163	1.1240
0.3929	1.3300
0.2313	1.0820
0.2021	1.1015
0.3163	1.1497
0.3940	1.3158
0.2312	1.0587
0.2024	1.1220
0.3165	1.1628
0.3932	1.3120
0.2308	1.0412
0.2023	1.1285
0.3171	1.1660
0.3936	1.3152
0.2309	1.0065
0.2022	1.1620
0.3171	1.1878
0.3938	1.3230
0.2307	0.9960
0.2019	1.1557
0.3175	1.2062
0.3948	1.3327
0.2307	0.9990
0.2018	1.0887
0.3175	1.2330
0.3955	1.3203
0.2301	1.0112
0.2017	1.0363
0.3185	1.2652
0.3957	1.3385
0.2299	1.0065
0.2015	1.0028
0.3190	1.2613
0.3966	1.3532
0.2293	1.0310
0.2014	0.9773
0.3200	1.3010
0.3968	1.3685
0.2291	1.0240
0.2010	0.9608
0.3206	1.3025
0.3984	1.3785
0.2288	0.9943
0.2003	0.9345
0.3211	1.3078
0.4013	1.3937
0.2285	1.0123
0.1999	0.9203
0.3217	1.3002
0.4027	1.4055
0.2282	1.0198
0.1994	0.9225
0.3224	1.3095
0.4047	1.4065
0.2280	1.0343
0.1990	0.9100
0.3226	1.2973
0.4063	1.3853
0.2278	1.0400
0.1986	0.9140
0.3232	1.2805
0.4082	1.3635
0.2274	0.9943
0.1981	0.9805
0.3239	1.2663
0.4104	1.3448
0.2271	0.9625
0.1978	1.0017
0.3244	1.2277
0.4115	1.3257
0.2268	0.9517
0.1976	1.0303
0.3251	1.2115
0.4124	1.3138
0.2266	0.8905
0.1976	1.0542
0.3255	1.1827
0.4124	1.2920
0.2266	0.9507
0.1974	1.0652
0.3256	1.2062
0.4132	1.2690
0.2260	0.9742
0.1974	1.1057
0.3268	1.2047
0.4134	1.2510
0.2258	0.9728
0.1974	1.0865
0.3273	1.2045
0.4135	1.2378
0.2255	0.9530
0.1972	1.0795
0.3278	1.2168
0.4142	1.2285
0.2250	0.9907
0.1972	1.0562
0.3288	1.2245
0.4144	1.2385
0.2251	0.9785
0.1970	1.0542
0.3286	1.2233
0.4152	1.2467
0.2250	1.0232
0.1969	1.0278
0.3289	1.2197
0.4154	1.2585
0.2248	1.0287
0.1967	1.0210
0.3294	1.2272
0.4167	1.2750
0.2241	1.0220
0.1965	1.0215
0.3307	1.2540
0.4175	1.2743
0.2242	1.0650
0.1962	1.0122
0.3305	1.2875
0.4187	1.2743
0.2241	1.0008
0.1959	1.0287
0.3309	1.2675
0.4199	1.2660
0.2240	0.9862
0.1956	1.0455
0.3310	1.2740
0.4215	1.2637
0.2238	1.0050
0.1954	1.0845
0.3316	1.2900
0.4224	1.2587
0.2232	1.0195
0.1953	1.1028
0.3329	1.2530
0.4231	1.2398
0.2228	0.9758
0.1952	1.1220
0.3337	1.2643
0.4235	1.2210
0.2225	0.9963
0.1952	1.1505
0.3345	1.2950
0.4235	1.2005
0.2221	0.9945
0.1953	1.1688
0.3352	1.3220
0.4230	1.1782
0.2219	1.0155
0.1953	1.1720
0.3357	1.3532
0.4228	1.1558
0.2218	1.0402
0.1954	1.1755
0.3359	1.3508
0.4224	1.1345
0.2214	1.0430
0.1954	1.1533
0.3370	1.3610
0.4222	1.1132
0.2211	1.0483
0.1956	1.1252
0.3375	1.3885
0.4217	1.1027
0.2208	1.0430
0.1955	1.0810
0.3384	1.3882
0.4218	1.0865
0.2204	1.0135
0.1955	1.0485
0.3392	1.3770
0.4218	1.0743
0.2201	0.9990
0.1956	0.9992
0.3399	1.4070
0.4216	1.0770
0.2197	0.9935
0.1955	0.9782
0.3409	1.4020
0.4221	1.0702
0.2191	0.9625
0.1953	0.9593
0.3423	1.3870
0.4227	1.0638
0.2188	0.9353
0.1952	0.9692
0.3431	1.3592
0.4232	1.0465
0.2184	0.9303
0.1951	0.9802
0.3441	1.3382
0.4238	1.0383
0.2179	0.9323
0.1948	0.9955
0.3454	1.3182
0.4252	1.0390
0.2174	0.9370
0.1947	1.0167
0.3465	1.3055
0.4255	1.0248
0.4255	1.0130
0.2170	0.9427
0.1948	1.0203
0.3475	1.2905
0.4246	0.9970
0.2167	0.9600
0.1949	1.0302
0.3484	1.3000
0.4239	0.9940
0.2165	0.9630
0.1951	1.0475
0.3488	1.3022
0.4232	0.9798
0.2164	0.9818
0.1952	1.0638
0.3491	1.3125
0.4224	0.9733
0.2162	0.9910
0.1954	1.0608
0.3497	1.3273
0.4224	0.9682
0.2159	1.0025
0.1954	1.0505
0.3506	1.3443
0.4220	0.9838
0.2156	1.0077
0.1955	1.0143
0.3513	1.3572
0.4218	1.0067
0.2152	0.9837
0.1955	0.9885
0.3523	1.3718
0.4221	1.0290
0.2148	0.9680
0.1955	0.9582
0.3535	1.3958
0.4224	1.0525
0.2143	0.9520
0.1954	0.9470
0.3548	1.3890
0.4225	1.0680
0.2139	0.9462
0.1954	0.9480
0.3560	1.3872
0.4235	1.0982
0.2135	0.9493
0.1952	0.9383
0.3571	1.3945
0.4246	1.1027
0.2130	0.9607
0.1949	0.9332
0.3585	1.3963
0.4257	1.1222
0.2125	0.9615
0.1947	0.9613
0.3598	1.3785
0.4262	1.1255
0.2122	0.9665
0.1946	0.9665
0.3607	1.3735
0.4268	1.1460
0.2118	0.9737
0.1945	0.9845
0.3618	1.3670
0.4278	1.1382
0.2115	0.9755
0.1943	1.0057
0.3627	1.3603
0.4280	1.1115
0.2113	0.9825
0.1942	1.0070
0.3635	1.3510
0.4280	1.0933
0.2110	0.9775
0.1942	0.9955
0.3642	1.3377
0.4281	1.0915
0.2106	0.9700
0.1942	1.0143
0.3653	1.3480
0.4283	1.0925
0.2103	0.9685
0.1942	1.0003
0.3662	1.3508
0.4283	1.0850
0.2100	0.9397
0.1942	0.9937
0.3671	1.3443
0.4284	1.1045
0.2097	0.9395
0.1942	1.0070
0.3682	1.3410
0.4293	1.1212
0.2093	0.9420
0.1940	0.9737
0.3694	1.3448
0.4290	1.1407
0.2088	0.9425
0.1940	0.9765
0.3708	1.3245
0.4301	1.1350
0.2084	0.9395
0.1938	0.9357
0.3721	1.3125
0.4312	1.1475
0.2080	0.9430
0.1936	0.9442
0.3737	1.3175
0.4316	1.1627
0.2077	0.9555
0.1935	0.9490
0.3744	1.3053
0.4334	1.1688
0.2075	0.9642
0.1931	0.9630
0.3752	1.2997
0.4342	1.1730
0.2073	1.0128
0.1930	0.9365
0.3758	1.2875
0.4358	1.1655
0.2071	1.0023
0.1927	0.9608
0.3765	1.2725
0.4359	1.1575
0.2068	1.0187
0.1927	0.9763
0.3775	1.2498
0.4364	1.1225
0.2066	1.0123
0.1926	0.9632
0.3780	1.2387
0.4370	1.0950
0.2064	0.9977
0.1924	0.9767
0.3788	1.2285
0.4379	1.0685
0.2065	1.0040
0.1923	0.9852
0.3786	1.2217
0.4379	1.0725
0.2061	0.9845
0.1923	0.9835
0.3797	1.2177
0.4380	1.0482
0.2060	0.9832
0.1922	0.9672
0.3802	1.2032
0.4376	1.0508
0.2058	0.9745
0.1923	0.9672
0.3809	1.2078
0.4379	1.0552
0.2055	0.9800
0.1923	0.9625
0.3818	1.2145
0.4374	1.0755
0.2054	0.9533
0.1924	0.9670
0.3821	1.2097
0.4392	1.0842
0.2051	0.9743
0.1920	0.9685
0.3832	1.2038
0.4390	1.1025
0.2049	0.9740
0.1921	0.9797
0.3839	1.2090
0.4396	1.1195
0.2047	0.9855
0.1919	0.9872
0.3848	1.2082
0.4406	1.1328
0.2044	0.9925
0.1917	1.0105
0.3857	1.1985
0.4421	1.1495
0.2043	1.0057
0.1915	1.0103
0.3861	1.1788
0.4423	1.1580
0.2042	0.9960
0.1914	1.0500
0.3865	1.1490
0.4428	1.1617
0.2040	0.9977
0.1913	1.0768
0.3871	1.1258
0.4427	1.1480
0.2039	0.9898
0.1913	1.0795
0.3874	1.0943
0.3879	1.0575
0.4427	1.1352
0.2038	0.9700
0.1914	1.0988
0.3872	1.0285
0.4428	1.0928
0.2040	0.9547
0.1913	1.1022
0.3878	1.0192
0.4434	1.0847
0.2038	0.9620
0.1912	1.1048
0.3877	1.0095
0.4423	1.0498
0.2038	0.9662
0.1914	1.0950
0.3879	1.0048
0.4422	1.0437
0.2038	0.9553
0.1914	1.0855
0.3883	1.0028
0.4420	1.0320
0.2037	0.9652
0.1915	1.0560
0.3883	1.0220
0.4417	1.0163
0.2037	0.9568
0.1915	1.0395
0.3882	1.0230
0.4416	1.0160
0.2037	0.9667
0.1916	1.0303
0.3884	1.0362
0.4410	1.0483
0.2036	0.9620
0.1917	0.9970
0.3889	1.0515
0.4411	1.0582
0.2035	0.9888
0.1917	1.0103
0.3890	1.0515
0.4417	1.0690
0.2035	0.9985
0.1915	1.0095
0.3892	1.0655
0.4419	1.0697
0.2034	1.0172
0.1915	1.0248
0.3895	1.0117
0.4428	1.0608
0.2034	1.0062
0.1913	1.0240
0.3900	1.0510
0.4443	1.0585
0.2032	1.0167
0.1911	1.0405
0.3898	1.0425
0.4441	1.0430
0.2033	1.0250
0.1911	1.0457
0.3899	1.0175
0.4443	1.0120
0.2032	1.0207
0.1910	1.0485
0.3897	1.0005
0.4435	0.9892
0.2033	1.0202
0.1912	1.0495
0.3883	1.0165
0.4430	0.9593
0.2037	1.0547
0.1913	1.0497
0.3895	1.0033
0.4417	0.9208
0.2034	1.0722
0.1915	1.0525
0.3894	1.0040
0.4410	0.9032
0.2034	1.0910
0.1917	1.0320
0.3889	1.0362
0.4403	0.8760
0.2035	1.1175
0.1918	1.0078
0.3886	1.0405
0.4395	0.8958
0.2036	1.1115
0.1919	1.0048
0.3883	1.0990
0.4393	0.9247
0.2037	1.1355
0.1920	0.9928
0.3879	1.0810
0.4391	0.9650
0.2038	1.1375
0.1920	0.9770
0.3872	1.0775
0.4391	0.9978
0.2040	1.1312
0.1920	0.9705
0.3874	1.0528
0.4392	1.0335
0.2039	1.1452
0.1920	1.0040
0.3876	1.1048
0.4393	1.0815
0.2039	1.1368
0.1920	1.0040
0.3872	1.0962
0.4403	1.0947
0.2040	1.1173
0.1918	1.0100
0.3878	1.0722
0.4413	1.1207
0.2038	1.1275
0.1916	1.0350
0.3878	1.0903
0.4420	1.1242
0.2038	1.1115
0.1915	1.0603
0.3862	1.0552
0.4414	1.1445
0.2043	1.0933
0.1916	1.0965
0.3876	1.0303
0.4425	1.1372
0.2039	1.0940
0.1914	1.1087
0.3877	1.0215
0.4426	1.1120
0.2038	1.0793
0.1914	1.1132
0.3862	0.9968
0.4425	1.0840
0.2043	1.0672
0.1914	1.1172
0.3865	1.0082
0.4416	1.0542
0.2042	1.0722
0.1916	1.1218
0.3863	1.0547
0.4411	1.0515
0.2042	1.0462
0.1917	1.1238
0.3857	1.0165
0.4404	1.0433
0.2044	1.0512
0.1918	1.1215
0.3855	1.0382
0.4403	1.0377
0.2045	1.0580
0.1918	1.1112
0.3857	1.0655
0.4400	1.0633
0.2044	1.0293
0.1919	1.1075
0.3859	1.0420
0.4394	1.0798
0.2043	1.0290
0.1920	1.0815
0.3864	1.0670
0.4386	1.0910
0.2042	1.0215
0.1921	1.0668
0.3865	1.0792
0.4395	1.1227
0.2042	1.0295
0.1920	1.0505
0.3871	1.0700
0.4397	1.1285
0.2040	1.0088
0.1919	1.0470
0.3873	1.0585
0.4407	1.1418
0.2040	1.0193
0.1917	1.0713
0.3869	1.0427
0.4415	1.1315
0.2041	1.0120
0.1916	1.0705
0.3877	1.0280
0.4420	1.1135
0.2039	0.9995
0.1915	1.0615
0.3872	1.0053
0.4432	1.0945
0.2040	0.9793
0.1913	1.0798
0.3873	0.9750
0.4435	1.0677
0.2039	0.9710
0.1912	1.1013
0.3868	1.0045
0.4427	1.0405
0.2041	0.9595
0.1913	1.1212
0.3868	0.9708
0.4418	1.0035
0.2041	0.9413
0.1915	1.1305
0.3873	0.9555
0.4407	0.9785
0.2040	0.9353
0.1917	1.1272
0.3873	0.9932
0.4401	0.9408
0.2039	0.9275
0.1918	1.1240
0.3872	0.9910
0.4385	0.9423
0.2040	0.9403
0.1922	1.1298
0.3887	1.0205
0.4376	0.9500
0.2036	0.9442
0.1923	1.1047
0.3878	1.0410
0.4366	0.9955
0.2038	0.9520
0.1925	1.1000
0.3883	1.0895
0.4363	1.0225
0.2037	0.9870
0.1926	1.0823
0.3891	1.0985
0.4361	1.0492
0.2034	1.0207
0.1926	1.0832
0.3889	1.1130
0.4362	1.0813
0.2035	0.9940
0.1926	1.0723
0.3891	1.0880
0.4367	1.0740
0.2035	1.0247
0.1925	1.0495
0.3895	1.1218
0.4377	1.1173
0.2033	1.0275
0.1923	1.0535
0.3904	1.1213
0.4383	1.1250
0.2031	1.0210
0.1922	1.0643
0.3897	1.0935
0.4387	1.1270
0.2033	1.0045
0.1921	1.0835
0.3908	1.1035
0.4388	1.1360
0.2030	0.9997
0.1921	1.1030
0.3906	1.0972
0.4386	1.1233
0.2031	0.9840
0.1921	1.1125
0.3907	1.1092
0.4390	1.0920
0.2030	0.9680
0.1920	1.1310
0.3913	1.0975
0.4386	1.0650
0.2029	0.9397
0.1921	1.1455
0.3919	1.1150
0.4378	1.0440
0.2027	0.9240
0.1923	1.1445
0.3920	1.1267
0.4375	1.0390
0.2027	0.9642
0.1923	1.1417
0.3926	1.1635
0.4371	1.0503
0.2025	0.9720
0.1924	1.1335
0.3938	1.1745
0.4362	1.0547
0.2022	0.9783
0.1926	1.1347
0.3952	1.1793
0.4353	1.0678
0.2018	1.0052
0.1928	1.1203
0.3956	1.1885
0.4349	1.0840
0.2017	1.0278
0.1928	1.0840
0.3958	1.1935
0.4349	1.0710
0.2017	1.0357
0.1928	1.0542
0.3965	1.1720
0.4354	1.0640
0.2015	1.0423
0.1927	1.0280
0.3967	1.1483
0.4360	1.0800
0.2014	1.0455
0.1926	1.0110
0.3967	1.1080
0.4366	1.0800
0.2014	1.0585
0.1925	0.9950
0.3969	1.0830
0.4378	1.0700
0.2014	1.0543
0.1923	0.9877
0.3970	1.0667
0.4381	1.0583
0.2014	1.0640
0.1922	0.9978
0.3966	1.0240
0.4385	1.0318
0.2015	1.0475
0.1921	1.0075
0.3971	1.0340
0.4389	0.9955
0.2014	1.0358
0.1921	1.0175
0.3968	1.0532
0.4385	0.9640
0.2014	1.0283
0.1921	1.0268
0.3965	1.0697
0.4380	0.9448
0.2015	1.0342
0.1922	1.0557
0.3959	1.0915
0.4372	0.9367
0.2016	1.0320
0.1924	1.0595
0.3958	1.1225
0.4363	0.9492
0.2017	1.0487
0.1926	1.0817
0.3967	1.1430
0.4352	0.9488
0.2014	1.0672
0.1928	1.0925
0.3975	1.1830
0.4342	0.9785
0.2012	1.0662
0.1930	1.0948
0.3980	1.2113
0.4335	0.9915
0.2011	1.0750
0.1931	1.1068
0.3988	1.2265
0.4335	1.0067
0.2009	1.0548
0.1931	1.1005
0.3990	1.2332
0.4335	1.0232
0.2009	1.0475
0.1931	1.0847
0.3995	1.2170
0.4334	1.0265
0.2007	1.0432
0.1931	1.0893
0.4005	1.1908
0.4341	1.0462
0.2005	1.0392
0.1930	1.1022
0.4008	1.1652
0.4337	1.0613
0.2004	1.0300
0.1931	1.1035
0.4014	1.1345
0.4336	1.0580
0.2003	1.0247
0.1931	1.1230
0.4017	1.1157
0.4340	1.0803
0.2002	1.0062
0.1930	1.1573
0.4022	1.1075
0.4328	1.0633
0.2000	0.9938
0.1933	1.1777
0.4023	1.0945
0.4321	1.0535
0.2000	0.9968
0.1934	1.2018
0.4023	1.0997
0.4320	1.0547
0.2000	0.9983
0.1934	1.2312
0.4024	1.0965
0.4310	1.0618
0.2000	1.0155
0.1936	1.2853
0.4025	1.1158
0.4306	1.0803
0.2000	1.0318
0.1937	1.2950
0.4031	1.1215
0.4292	1.1135
0.1998	1.0542
0.1940	1.2957
0.4037	1.1380
0.4286	1.1315
0.1997	1.0715
0.1941	1.2907
0.4041	1.1458
0.4271	1.1318
0.1996	1.0720
0.1944	1.2890
0.4040	1.1510
0.4254	1.1390
0.1996	1.0820
0.1948	1.3180
0.4044	1.1465
0.4260	1.1133
0.1995	1.0793
0.1946	1.2547
0.4044	1.1233
0.4261	1.1280
0.1995	1.0947
0.1946	1.2230
0.4045	1.1085
0.4262	1.1007
0.1995	1.0900
0.1946	1.2182
0.4047	1.0718
0.4262	1.0930
0.1994	1.0878
0.1946	1.1735
0.4046	1.0570
0.4245	1.0642
0.1995	1.0838
0.1950	1.1415
0.4047	1.0240
0.4254	1.0205
0.1994	1.0587
0.1948	1.1545
0.4040	0.9990
0.4257	1.0065
0.1996	1.0528
0.1947	1.1287
0.4043	1.0090
0.4243	0.9717
0.1995	1.0402
0.1950	1.1398
0.4036	1.0030
0.4242	0.9577
0.1997	1.0357
0.1950	1.1442
0.4031	1.0068
0.4226	0.9512
0.1998	1.0315
0.1954	1.1455
0.4033	1.0092
0.4212	0.9440
0.1998	1.0197
0.1957	1.1720
0.4027	1.0193
0.4217	0.9470
0.1999	1.0030
0.1956	1.1785
0.4035	1.0203
0.4202	0.9557
0.1997	1.0075
0.1959	1.1842
0.4036	1.0387
0.4195	0.9803
0.1997	0.9800
0.1960	1.1910
0.4038	1.0350
0.4176	0.9867
0.1997	0.9787
0.1965	1.1700
0.4043	1.0367
0.4173	0.9937
0.1995	0.9740
0.1965	1.1895
0.4046	1.0383
0.4175	0.9730
0.1995	0.9720
0.1965	1.2005
0.4047	1.0147
0.4162	0.9993
0.1994	0.9730
0.1968	1.2040
0.4055	1.0057
0.4168	0.9960
0.1993	0.9755
0.1966	1.1790
0.4050	0.9965
0.4162	1.0115
0.1994	0.9857
0.1968	1.1975
0.4053	1.0090
0.4144	0.9955
0.1993	1.0185
0.1972	1.1682
0.4048	1.0025
0.4137	0.9905
0.1994	1.0282
0.1973	1.1940
0.4049	1.0060
0.4131	1.0265
0.1994	1.0508
0.1975	1.1983
0.4046	1.0125
0.4132	0.9890
0.1995	1.1020
0.1974	1.2215
0.4041	1.0252
0.4112	1.0150
0.1996	1.0968
0.1979	1.2527
0.4040	1.0278
0.4114	1.0550
0.1996	1.1042
0.1979	1.2615
0.4037	1.0403
0.4105	1.0662
0.1997	1.1080
0.1981	1.2993
0.4032	1.0350
0.4104	1.0835
0.1998	1.0970
0.1981	1.3158
0.4026	1.0272
0.4088	1.0887
0.2000	1.0948
0.1985	1.3557
0.4026	1.0292
0.4081	1.0860
0.1999	1.0805
0.1986	1.3135
0.4028	1.0038
0.4074	1.1078
0.1999	1.0695
0.1988	1.3615
0.4026	0.9743
0.4059	1.1090
0.2000	1.0902
0.1991	1.3627
0.4028	0.9575
0.4053	1.0545
0.1999	1.0830
0.1993	1.3545
0.4024	0.9472
0.4042	1.0932
0.2000	1.0633
0.1996	1.3450
0.4025	0.9260
0.4037	1.0595
0.2000	1.0608
0.1997	1.3270
0.4019	0.9245
0.4030	1.0303
0.2001	1.0885
0.1999	1.3007
0.4000	0.9248
0.4021	1.0342
0.2006	1.0848
0.2001	1.2730
0.3992	0.9308
0.4005	1.0167
0.2008	1.0990
0.2005	1.2493
0.3988	0.9458
0.4006	1.0105
0.2009	1.0960
0.2005	1.2305
0.3983	0.9580
0.3994	1.0238
0.2010	1.1002
0.2008	1.2165
0.3976	0.9715
0.3986	1.0520
0.2012	1.0907
0.2009	1.2107
0.3975	1.0007
0.3982	1.0677
0.2012	1.0695
0.2011	1.1920
0.3974	1.0140
0.3978	1.1055
0.2012	1.0655
0.2012	1.1868
0.3976	0.9963
0.3972	1.1148
0.2012	1.0793
0.2013	1.1808
0.3979	1.0003
0.3975	1.1438
0.2011	1.0775
0.2012	1.1725
0.3981	1.0092
0.3979	1.1610
0.2011	1.0880
0.2011	1.1565
0.3978	1.0042
0.3981	1.1583
0.2012	1.1030
0.2011	1.1540
0.3976	0.9935
0.3979	1.1430
0.2012	1.1257
0.2011	1.1440
0.3962	0.9892
0.3985	1.1588
0.2016	1.1552
0.2010	1.1400
0.3959	0.9860
0.3984	1.1352
0.2017	1.1893
0.2010	1.1425
0.3951	1.0028
0.3988	1.1022
0.2019	1.2215
0.2009	1.1385
0.3944	1.0037
0.3983	1.0925
0.2020	1.2362
0.2010	1.1282
0.3933	1.0197
0.3978	1.0930
0.2023	1.2427
0.2012	1.1282
0.3924	1.0490
0.3978	1.0762
0.2026	1.2482
0.2012	1.1262
0.3916	1.0580
0.3972	1.0765
0.2028	1.2522
0.2013	1.1200
0.3912	1.0587
0.3967	1.0780
0.2029	1.2450
0.2014	1.1273
0.3906	1.0570
0.3970	1.0918
0.2031	1.2495
0.2014	1.1250
0.3906	1.0623
0.3968	1.1072
0.2030	1.2323
0.2014	1.1295
0.3901	1.0640
0.3969	1.1142
0.2032	1.2643
0.2014	1.1413
0.3899	1.0503
0.3971	1.1353
0.2032	1.2370
0.2013	1.1448
0.3894	1.0237
0.3972	1.1425
0.2034	1.2393
0.2013	1.1415
0.3885	1.0208
0.3973	1.1350
0.2036	1.2588
0.2013	1.1567
0.3881	1.0025
0.3971	1.1092
0.2037	1.2823
0.2013	1.1528
0.3864	0.9835
0.3969	1.0878
0.2042	1.2835
0.2014	1.1597
0.3859	0.9958
0.3969	1.0722
0.2043	1.3148
0.2014	1.1718
0.3848	1.0000
0.3968	1.0432
0.2047	1.3055
0.2014	1.1585
0.3835	1.0288
0.3963	1.0248
0.2050	1.3112
0.2015	1.1580
0.3823	1.0430
0.3954	1.0060
0.2054	1.3273
0.2018	1.1560
0.3811	1.0623
0.3946	0.9830
0.2057	1.2945
0.2020	1.1282
0.3804	1.0802
0.3940	0.9630
0.2059	1.3060
0.2022	1.1022
0.3803	1.0852
0.3936	0.9570
0.2059	1.3060
0.2022	1.0927
0.3802	1.0762
0.3931	0.9505
0.2060	1.3075
0.2024	1.0575
0.3797	1.0683
0.3924	0.9618
0.2061	1.3000
0.2026	1.0435
0.3796	1.0635
0.3924	0.9483
0.2062	1.3017
0.2026	1.0195
0.3793	1.0465
0.3926	0.9432
0.2062	1.3063
0.2025	0.9905
0.3783	1.0255
0.3925	0.9573
0.2065	1.3380
0.2025	0.9932
0.3768	0.9905
0.3930	0.9397
0.2070	1.3508
0.2024	0.9817
0.3756	0.9690
0.3929	0.9425
0.2074	1.3692
0.2024	0.9753
0.3743	0.9435
0.3924	0.9425
0.2077	1.3848
0.2026	1.0003
0.3731	0.9410
0.3925	0.9467
0.2081	1.3943
0.2025	1.0300
0.3715	0.9403
0.3925	0.9567
0.2086	1.3920
0.2025	1.0510
0.3700	0.9640
0.3918	0.9575
0.2091	1.3690
0.2027	1.0685
0.3685	0.9795
0.3914	0.9675
0.2096	1.3655
0.2028	1.0812
0.2030	1.0850
0.3673	0.9960
0.3906	1.0012
0.2100	1.3603
0.2032	1.1078
0.3667	1.0030
0.3901	1.0288
0.2102	1.3540
0.2033	1.1075
0.3658	1.0145
0.3897	1.0510
0.2105	1.3330
0.2033	1.1143
0.3656	1.0135
0.3896	1.1010
0.2105	1.3225
0.2034	1.1058
0.3650	1.0217
0.3894	1.1335
0.2107	1.3060
0.2032	1.0922
0.3644	1.0092
0.3899	1.1702
0.2109	1.2942
0.2032	1.0760
0.3635	0.9985
0.3901	1.2083
0.2112	1.3025
0.2030	1.0523
0.3629	0.9882
0.3908	1.2480
0.2114	1.2978
0.2028	1.0525
0.3617	0.9698
0.3914	1.2833
0.2118	1.3053
0.2026	1.0492
0.3610	0.9482
0.3923	1.3152
0.2121	1.3048
0.2024	1.0575
0.3597	0.9348
0.3930	1.3313
0.2125	1.3100
0.2021	1.0607
0.3587	0.9308
0.3941	1.3120
0.2129	1.3048
0.2017	1.0693
0.3577	0.9370
0.3957	1.3132
0.2132	1.3065
0.2014	1.0882
0.3569	0.9480
0.3967	1.2957
0.2135	1.2953
0.2012	1.1240
0.3558	0.9560
0.3977	1.2688
0.2139	1.2895
0.2010	1.1238
0.3547	0.9765
0.3984	1.2395
0.2143	1.2997
0.2011	1.1377
0.3539	0.9870
0.3979	1.2035
0.2146	1.2760
