#rho	velocity
0.2580	1.2893
0.2244	1.5267
0.1880	1.3118
0.2493	1.2862
0.2343	1.2795
0.2580	1.3077
0.2248	1.5485
0.1878	1.3028
0.2492	1.2815
0.2342	1.2700
0.2580	1.2975
0.2251	1.5658
0.1880	1.3393
0.2489	1.2945
0.2339	1.2752
0.2579	1.3025
0.2253	1.5675
0.1879	1.3423
0.2493	1.3015
0.2335	1.2758
0.2575	1.3010
0.2256	1.5673
0.1883	1.3338
0.2495	1.3315
0.2329	1.3125
0.2572	1.3055
0.2255	1.5160
0.1882	1.3802
0.2498	1.3370
0.2331	1.3185
0.2572	1.3145
0.2260	1.5130
0.1884	1.3700
0.2497	1.3280
0.2324	1.3065
0.2571	1.3238
0.2260	1.5200
0.1884	1.3472
0.2497	1.3558
0.2324	1.3335
0.2571	1.3235
0.2262	1.4878
0.1885	1.3492
0.2498	1.3105
0.2320	1.3515
0.2574	1.3428
0.2264	1.4777
0.1883	1.3390
0.2496	1.3320
0.2320	1.3842
0.2570	1.3620
0.2262	1.4675
0.1884	1.3075
0.2497	1.3433
0.2322	1.3793
0.2573	1.3625
0.2267	1.4910
0.1883	1.3265
0.2493	1.3732
0.2320	1.4030
0.2577	1.3488
0.2267	1.4663
0.1881	1.3062
0.2493	1.3855
0.2319	1.4085
0.2576	1.3483
0.2272	1.5207
0.1879	1.3065
0.2492	1.3963
0.2320	1.4490
0.2575	1.3565
0.2271	1.4900
0.1880	1.3285
0.2494	1.4232
0.2319	1.4117
0.2579	1.3648
0.2267	1.5647
0.1877	1.3075
0.2495	1.4430
0.2321	1.4360
0.2577	1.3560
0.2272	1.5225
0.1879	1.3200
0.2498	1.4408
0.2314	1.3950
0.2576	1.3372
0.2269	1.4975
0.1877	1.3015
0.2501	1.4318
0.2317	1.3997
0.2577	1.3608
0.2274	1.5207
0.1875	1.3033
0.2504	1.4567
0.2312	1.3668
0.2577	1.3533
0.2271	1.4890
0.1877	1.2765
0.2505	1.3992
0.2311	1.3460
0.2578	1.3638
0.2274	1.4953
0.1875	1.3025
0.2507	1.3955
0.2308	1.3330
0.2578	1.3588
0.2276	1.4773
0.1877	1.2918
0.2504	1.3895
0.2306	1.3195
0.2582	1.3720
0.2274	1.4720
0.1874	1.2728
0.2505	1.3903
0.2308	1.2988
0.2583	1.3685
0.2278	1.4340
0.1875	1.2880
0.2504	1.3725
0.2303	1.2702
0.2585	1.3643
0.2280	1.4703
0.1875	1.3050
0.2499	1.3510
0.2303	1.2910
0.2587	1.3390
0.2278	1.4100
0.1875	1.2950
0.2499	1.3305
0.2304	1.2692
0.2585	1.3535
0.2281	1.4413
0.1877	1.3062
0.2502	1.3752
0.2297	1.3140
0.2590	1.3438
0.2277	1.4370
0.1875	1.3623
0.2504	1.3435
0.2299	1.2915
0.2588	1.3255
0.2281	1.4190
0.1876	1.3347
0.2505	1.3463
0.2295	1.3027
0.2585	1.3382
0.2284	1.4230
0.1878	1.3587
0.2503	1.3377
0.2293	1.3045
0.2583	1.3233
0.2283	1.4377
0.1877	1.3397
0.2506	1.2905
0.2293	1.3020
0.2584	1.3285
0.2283	1.3880
0.1877	1.3088
0.2507	1.2577
0.2293	1.2907
0.2579	1.3300
0.2284	1.3742
0.1879	1.3203
0.2505	1.2295
0.2293	1.3035
0.2582	1.3480
0.2286	1.3273
0.1877	1.3028
0.2506	1.2455
0.2291	1.2980
0.2583	1.3505
0.2289	1.3107
0.1879	1.2720
0.2499	1.2585
0.2291	1.2837
0.2585	1.3680
0.2293	1.3063
0.1878	1.2752
0.2495	1.2477
0.2290	1.2752
0.2588	1.3538
0.2294	1.2867
0.1878	1.2608
0.2493	1.2323
0.2287	1.2505
0.2591	1.3640
0.2292	1.2872
0.1877	1.2220
0.2491	1.2670
0.2291	1.2590
0.2594	1.3690
0.2289	1.3030
0.1876	1.2620
0.2492	1.2752
0.2292	1.2410
0.2290	1.2500
0.2596	1.3355
0.2289	1.2922
0.1877	1.2475
0.2491	1.2728
0.2290	1.2535
0.2596	1.3253
0.2289	1.3130
0.1877	1.2527
0.2491	1.2947
0.2289	1.2760
0.2597	1.3118
0.2288	1.3090
0.1878	1.2655
0.2492	1.2983
0.2290	1.2920
0.2598	1.3072
0.2286	1.3540
0.1877	1.2720
0.2493	1.2843
0.2285	1.2920
0.2596	1.3125
0.2289	1.3860
0.1878	1.2918
0.2495	1.2592
0.2286	1.3110
0.2595	1.3225
0.2291	1.3665
0.1878	1.2767
0.2491	1.2385
0.2284	1.3148
0.2595	1.3277
0.2295	1.3940
0.1878	1.2767
0.2492	1.2533
0.2284	1.3365
0.2594	1.3130
0.2295	1.4098
0.1877	1.2857
0.2492	1.2345
0.2285	1.3360
0.2596	1.3325
0.2299	1.4343
0.1875	1.2815
0.2488	1.2357
0.2282	1.3530
0.2596	1.3182
0.2303	1.3973
0.1876	1.2612
0.2485	1.2155
0.2284	1.3658
0.2602	1.3377
0.2303	1.4450
0.1874	1.2812
0.2481	1.2465
0.2281	1.3502
0.2603	1.3390
0.2304	1.4605
0.1875	1.2560
0.2482	1.2615
0.2281	1.3585
0.2600	1.3040
0.2307	1.4750
0.1874	1.2770
0.2482	1.2458
0.2280	1.3327
0.2605	1.3040
0.2307	1.5122
0.1873	1.2752
0.2481	1.2623
0.2280	1.3490
0.2604	1.2847
0.2308	1.4703
0.1872	1.2803
0.2482	1.2395
0.2278	1.3648
0.2602	1.2508
0.2312	1.5225
0.1873	1.2927
0.2480	1.2645
0.2272	1.3792
0.2606	1.2365
0.2316	1.5100
0.1871	1.3028
0.2482	1.2383
0.2272	1.3647
0.2598	1.2465
0.2320	1.5015
0.1872	1.3098
0.2484	1.2940
0.2266	1.3940
0.2599	1.2175
0.2326	1.4630
0.1871	1.3105
0.2483	1.2655
0.2269	1.4140
0.2597	1.2423
0.2327	1.4830
0.1872	1.3295
0.2480	1.2598
0.2268	1.4050
0.2596	1.2035
0.2330	1.4668
0.1869	1.3045
0.2483	1.3330
0.2268	1.4252
0.2594	1.1893
0.2333	1.4215
0.1869	1.3243
0.2482	1.2913
0.2267	1.4405
0.2592	1.2187
0.2329	1.4070
0.1870	1.3095
0.2488	1.3252
0.2273	1.4390
0.2593	1.1920
0.2328	1.3643
0.1867	1.3192
0.2487	1.3072
0.2273	1.4315
0.2592	1.2043
0.2332	1.4035
0.1866	1.3092
0.2484	1.3392
0.2272	1.4217
0.2589	1.2172
0.2326	1.3672
0.1865	1.3115
0.2496	1.3130
0.2273	1.4183
0.2588	1.2803
0.2330	1.3528
0.1864	1.3068
0.2495	1.3138
0.2275	1.4335
0.2586	1.2480
0.2329	1.3523
0.1862	1.3045
0.2498	1.2785
0.2274	1.4250
0.2582	1.2532
0.2332	1.3687
0.1863	1.3138
0.2497	1.3015
0.2272	1.4205
0.2583	1.2550
0.2334	1.3678
0.1863	1.2997
0.2496	1.3045
0.2273	1.4230
0.2584	1.3268
0.2336	1.3457
0.1862	1.3048
0.2495	1.2308
0.2275	1.4160
0.2590	1.3510
0.2337	1.3465
0.1861	1.3070
0.2486	1.2720
0.2276	1.3965
0.2584	1.3718
0.2337	1.3388
0.1861	1.2995
0.2491	1.2620
0.2278	1.3897
0.2584	1.4233
0.2336	1.3375
0.1859	1.2845
0.2492	1.2962
0.2278	1.4028
0.2586	1.4088
0.2339	1.3138
0.1858	1.2787
0.2490	1.2900
0.2280	1.3802
0.2591	1.4118
0.2339	1.3205
0.1857	1.2735
0.2484	1.2990
0.2280	1.3742
0.2593	1.3470
0.2338	1.3107
0.1857	1.2677
0.2485	1.3115
0.2281	1.3693
0.2595	1.4113
0.2337	1.3140
0.1856	1.2470
0.2484	1.3075
0.2279	1.3393
0.2601	1.4090
0.2337	1.3178
0.1855	1.2615
0.2482	1.2895
0.2281	1.3437
0.2600	1.4165
0.2337	1.2875
0.1854	1.2758
0.2482	1.2732
0.2279	1.3270
0.2602	1.3810
0.2339	1.3000
0.1854	1.2752
0.2481	1.3138
0.2281	1.3385
0.2601	1.3672
0.2337	1.2722
0.1854	1.2977
0.2482	1.2767
0.2281	1.3338
0.2606	1.3912
0.2338	1.2962
0.1853	1.3048
0.2479	1.3220
0.2281	1.3628
0.2604	1.3668
0.2339	1.2755
0.1854	1.3148
0.2478	1.3103
0.2284	1.3677
0.2605	1.3962
0.2340	1.2553
0.1853	1.3152
0.2473	1.3272
0.2283	1.3965
0.2606	1.4268
0.2337	1.2407
0.1854	1.3453
0.2476	1.3410
0.2287	1.4023
0.2603	1.4703
0.2338	1.2708
0.1854	1.3255
0.2474	1.3258
0.2285	1.4170
0.2607	1.4322
0.2334	1.2758
0.1854	1.3408
0.2475	1.3328
0.2289	1.4275
0.2608	1.4535
0.2333	1.2910
0.1852	1.3360
0.2475	1.3385
0.2293	1.4185
0.2611	1.4585
0.2329	1.3120
0.1851	1.3210
0.2473	1.3323
0.2296	1.4482
0.2613	1.4405
0.2328	1.3107
0.1851	1.3060
0.2470	1.2972
0.2295	1.4393
0.2621	1.5027
0.2331	1.3207
0.1849	1.3008
0.2464	1.3082
0.2296	1.4400
0.2619	1.4485
0.2332	1.3210
0.1847	1.3060
0.2467	1.2523
0.2295	1.4417
0.2620	1.4872
0.2333	1.3208
0.1848	1.3065
0.2464	1.2492
0.2295	1.4315
0.2624	1.4868
0.2338	1.3665
0.1846	1.3160
0.2457	1.2430
0.2297	1.4320
0.2624	1.4702
0.2339	1.3655
0.1844	1.2907
0.2459	1.2432
0.2299	1.4370
0.2630	1.4650
0.2339	1.3575
0.1844	1.3160
0.2450	1.2475
0.2298	1.4275
0.2627	1.5587
0.2342	1.3457
0.1845	1.2960
0.2452	1.2450
0.2301	1.4612
0.2633	1.5208
0.2341	1.3460
0.1843	1.3000
0.2446	1.2303
0.2300	1.4563
0.2635	1.5583
0.2343	1.3092
0.1843	1.2965
0.2444	1.2648
0.2303	1.4608
0.2638	1.6073
0.2341	1.3390
0.1841	1.3100
0.2443	1.2427
0.2303	1.4365
0.2641	1.5617
0.2343	1.3100
0.1841	1.2898
0.2438	1.2410
0.2305	1.4653
0.2655	1.5797
0.2343	1.3295
0.1839	1.2887
0.2429	1.2620
0.2307	1.4350
0.2651	1.5702
0.2346	1.3247
0.1837	1.2823
0.2429	1.2490
0.2311	1.4263
0.2661	1.5910
0.2343	1.3187
0.1836	1.2723
0.2422	1.2560
0.2310	1.3972
0.2666	1.5833
0.2350	1.3595
0.1834	1.2862
0.2415	1.2608
0.2313	1.3875
0.2669	1.5800
0.2347	1.3275
0.1834	1.2770
0.2412	1.2800
0.2312	1.3632
0.2667	1.5423
0.2349	1.3653
0.1833	1.2898
0.2414	1.3058
0.2313	1.3248
0.2673	1.6407
0.2349	1.3455
0.1833	1.2748
0.2408	1.3162
0.2311	1.3257
0.2680	1.6192
0.2349	1.3640
0.1833	1.2930
0.2404	1.3475
0.2307	1.2912
0.2680	1.6870
0.2352	1.3300
0.1834	1.2645
0.2405	1.3732
0.2310	1.3370
0.2684	1.6945
0.2348	1.4122
0.1833	1.2915
0.2403	1.3925
0.2304	1.2870
0.2691	1.7712
0.2349	1.3770
0.1834	1.2650
0.2401	1.3828
0.2305	1.2970
0.2703	1.7647
0.2349	1.3860
0.1833	1.2522
0.2391	1.3910
0.2307	1.2975
0.2708	1.7645
0.2345	1.3583
0.1833	1.2302
0.2391	1.3760
0.2306	1.3400
0.2727	1.7820
0.2345	1.3280
0.1832	1.2348
0.2379	1.3633
0.2305	1.3170
0.2727	1.8237
0.2349	1.3833
0.1831	1.2230
0.2378	1.3668
0.2302	1.3390
0.2742	1.8215
0.2349	1.3312
0.1831	1.2202
0.2370	1.3397
0.2304	1.3325
0.2749	1.7893
0.2349	1.3370
0.1830	1.2343
0.2365	1.3687
0.2305	1.3305
0.2759	1.8168
0.2348	1.3618
0.1828	1.2303
0.2360	1.3680
0.2308	1.3535
0.2761	1.7495
0.2348	1.3610
0.1827	1.2712
0.2357	1.3785
0.2303	1.2975
0.2774	1.7167
0.2350	1.3278
0.1827	1.2735
0.2351	1.3785
0.2305	1.3627
0.2781	1.7085
0.2348	1.3470
0.1826	1.2910
0.2347	1.3637
0.2304	1.3562
0.2787	1.7265
0.2346	1.3475
0.1827	1.3077
0.2344	1.3818
0.2304	1.3650
0.2796	1.6845
0.2344	1.3685
0.1827	1.3505
0.2341	1.3800
0.2305	1.3305
0.2800	1.7093
0.2343	1.3625
0.1827	1.3143
0.2338	1.3525
0.2340	1.3332
0.2301	1.3868
0.2795	1.6187
0.2343	1.3250
0.1830	1.3070
0.2331	1.3375
0.2304	1.3720
0.2806	1.5753
0.2347	1.3425
0.1826	1.2960
0.2328	1.3308
0.2304	1.3715
0.2814	1.5502
0.2345	1.3535
0.1826	1.2795
0.2327	1.2893
0.2305	1.3518
0.2811	1.5333
0.2346	1.3702
0.1827	1.2895
0.2318	1.2948
0.2305	1.3397
0.2823	1.5255
0.2349	1.3698
0.1826	1.2740
0.2320	1.2995
0.2309	1.3560
0.2823	1.5748
0.2349	1.3660
0.1822	1.2595
0.2321	1.3387
0.2308	1.3005
0.2825	1.5275
0.2349	1.3710
0.1821	1.2735
0.2320	1.3330
0.2306	1.2915
0.2830	1.4683
0.2348	1.3817
0.1821	1.3035
0.2314	1.3330
0.2302	1.2880
0.2835	1.5230
0.2353	1.3833
0.1823	1.2850
0.2313	1.3562
0.2302	1.2990
0.2840	1.4755
0.2351	1.4038
0.1822	1.3325
0.2310	1.3602
0.2300	1.2657
0.2845	1.5205
0.2351	1.4207
0.1823	1.3323
0.2311	1.3497
0.2297	1.2637
0.2846	1.5165
0.2350	1.4280
0.1825	1.3820
0.2313	1.3295
0.2295	1.3000
0.2840	1.5235
0.2350	1.4347
0.1827	1.3820
0.2306	1.3537
0.2294	1.3157
0.2849	1.4807
0.2352	1.3942
0.1827	1.3860
0.2306	1.3427
0.2293	1.3650
0.2846	1.4977
0.2354	1.4000
0.1828	1.3490
0.2303	1.3410
0.2293	1.4125
0.2853	1.4642
0.2356	1.4125
0.1826	1.3783
0.2303	1.3347
0.2291	1.4535
0.2847	1.4892
0.2357	1.3777
0.1828	1.3740
0.2300	1.3447
0.2292	1.4615
0.2853	1.5332
0.2360	1.4013
0.1826	1.3170
0.2301	1.3732
0.2293	1.4710
0.2850	1.4717
0.2358	1.4005
0.1827	1.3455
0.2297	1.4027
0.2298	1.4845
0.2864	1.4880
0.2357	1.4003
0.1821	1.3322
0.2297	1.4125
0.2300	1.5160
0.2859	1.5345
0.2358	1.3845
0.1821	1.3687
0.2295	1.4425
0.2305	1.5610
0.2865	1.5080
0.2355	1.4040
0.1819	1.2990
0.2293	1.4435
0.2301	1.5325
0.2875	1.5163
0.2357	1.3705
0.1818	1.3215
0.2296	1.4337
0.2302	1.5360
0.2869	1.5155
0.2355	1.3958
0.1819	1.2635
0.2297	1.4442
0.2302	1.5417
0.2871	1.4827
0.2354	1.3983
0.1818	1.3193
0.2290	1.4307
0.2307	1.5322
0.2880	1.4768
0.2353	1.3897
0.1816	1.2687
0.2296	1.4367
0.2308	1.5480
0.2881	1.4395
0.2353	1.4093
0.1811	1.2525
0.2292	1.4280
0.2309	1.5787
0.2885	1.4348
0.2352	1.3592
0.1812	1.2845
0.2292	1.4292
0.2308	1.5997
0.2892	1.4637
0.2353	1.3687
0.1809	1.2368
0.2292	1.4055
0.2313	1.6047
0.2892	1.4645
0.2352	1.3397
0.1806	1.2078
0.2292	1.4210
0.2315	1.5902
0.2893	1.4160
0.2354	1.3635
0.1804	1.2078
0.2294	1.4115
0.2319	1.5622
0.2896	1.4820
0.2352	1.3540
0.1800	1.2408
0.2292	1.4258
0.2325	1.6020
0.2900	1.4590
0.2349	1.3557
0.1798	1.2220
0.2292	1.4160
0.2327	1.5837
0.2907	1.4787
0.2348	1.3468
0.1795	1.2747
0.2290	1.4110
0.2331	1.5720
0.2914	1.4790
0.2347	1.3785
0.1792	1.2617
0.2291	1.4205
0.2331	1.5380
0.2915	1.4720
0.2346	1.3870
0.1791	1.2470
0.2289	1.4005
0.2330	1.5345
0.2922	1.4570
0.2347	1.3770
0.1790	1.2925
0.2288	1.4100
0.2336	1.5035
0.2925	1.4142
0.2344	1.4003
0.1788	1.3033
0.2285	1.3803
0.2334	1.5180
0.2926	1.3993
0.2346	1.3753
0.1789	1.3085
0.2285	1.4038
0.2334	1.4878
0.2928	1.3830
0.2349	1.3835
0.1786	1.3025
0.2287	1.3885
0.2332	1.5505
0.2932	1.3580
0.2350	1.3525
0.1785	1.2740
0.2289	1.3782
0.2336	1.6013
0.2924	1.3260
0.2349	1.3327
0.1784	1.2887
0.2292	1.3830
0.2336	1.5622
0.2919	1.3187
0.2348	1.3280
0.1785	1.2907
0.2290	1.3735
0.2342	1.6510
0.2923	1.2700
0.2348	1.2922
0.1781	1.2765
0.2293	1.4077
0.2342	1.5968
0.2928	1.2920
0.2345	1.2918
0.1780	1.2723
0.2294	1.3742
0.2353	1.6565
0.2929	1.2895
0.2343	1.2708
0.1774	1.3152
0.2294	1.3895
0.2360	1.6545
0.2928	1.3395
0.2342	1.2700
0.1770	1.2855
0.2295	1.3725
0.2362	1.7220
0.2929	1.3580
0.2338	1.2983
0.1770	1.2645
0.2296	1.3807
0.2373	1.6832
0.2925	1.3480
0.2337	1.3377
0.1766	1.2685
0.2298	1.3477
0.2368	1.7217
0.2932	1.3395
0.2336	1.3120
0.1766	1.2967
0.2296	1.3630
0.2374	1.6750
0.2927	1.3545
0.2339	1.3528
0.1763	1.3135
0.2294	1.3685
0.2379	1.6548
0.2933	1.3595
0.2336	1.3263
0.1761	1.2630
0.2293	1.3800
0.2383	1.7237
0.2935	1.3745
0.2340	1.3478
0.1757	1.2593
0.2294	1.4040
0.2381	1.7310
0.2936	1.4087
0.2343	1.3758
0.1755	1.2515
0.2293	1.3848
0.2388	1.7805
0.2935	1.4140
0.2341	1.3377
0.1754	1.2562
0.2295	1.4285
0.2389	1.7425
0.2936	1.4438
0.2341	1.3582
0.1751	1.2418
0.2295	1.4335
0.2397	1.7285
0.2945	1.4035
0.2337	1.3425
0.1746	1.2450
0.2296	1.4215
0.2404	1.6955
0.2949	1.4295
0.2335	1.3362
0.1742	1.2290
0.2296	1.4087
0.2414	1.6893
0.2952	1.4355
0.2334	1.3363
0.1736	1.2515
0.2294	1.4210
0.2419	1.6740
0.2959	1.4520
0.2331	1.3518
0.1734	1.2405
0.2294	1.4033
0.2419	1.6380
0.2962	1.4128
0.2331	1.3385
0.1733	1.2510
0.2297	1.3787
0.2424	1.5963
0.2961	1.4207
0.2326	1.3712
0.1732	1.2745
0.2292	1.3482
0.2425	1.5572
0.2970	1.4043
0.2330	1.3685
0.1728	1.2758
0.2291	1.3538
0.2421	1.4808
0.2969	1.3935
0.2335	1.3570
0.1729	1.2948
0.2290	1.3440
0.2425	1.4875
0.2972	1.3530
0.2333	1.3547
0.1727	1.2595
0.2294	1.3343
0.2424	1.4970
0.2965	1.3233
0.2334	1.3158
0.1728	1.2467
0.2291	1.3340
0.2423	1.4995
0.2970	1.2985
0.2336	1.2922
0.1727	1.2507
0.2290	1.3382
0.2426	1.4910
0.2972	1.2740
0.2337	1.2467
0.1725	1.2200
0.2292	1.3490
0.2429	1.5517
0.2970	1.2830
0.2334	1.2293
0.1725	1.2435
0.2293	1.3367
0.2434	1.5647
0.2976	1.2372
0.2332	1.2247
0.1720	1.2325
0.2295	1.3302
0.2440	1.5898
0.2976	1.2843
0.2329	1.1905
0.1718	1.2563
0.2301	1.3353
0.2448	1.6597
0.2969	1.2790
0.2322	1.1565
0.1717	1.2480
0.2299	1.3260
0.2454	1.6498
0.2980	1.2467
0.2321	1.1255
0.1712	1.2515
0.2298	1.3065
0.2460	1.6870
0.2975	1.2485
0.2322	1.1052
0.1711	1.2302
0.2301	1.3070
0.2466	1.6760
0.2973	1.2587
0.2321	1.0955
0.1708	1.2772
0.2299	1.2972
0.2472	1.6815
0.2970	1.2582
0.2319	1.0915
0.1708	1.2942
0.2297	1.2880
0.2483	1.6683
0.2976	1.2875
0.2317	1.1078
0.1703	1.2970
0.2298	1.3035
0.2490	1.6935
0.2971	1.2725
0.2315	1.1190
0.1702	1.3375
0.2298	1.3190
0.2499	1.6600
0.2973	1.2965
0.2312	1.0685
0.1698	1.2785
0.2299	1.3438
0.2505	1.6748
0.2972	1.3285
0.2309	1.0985
0.1697	1.2967
0.2299	1.3228
0.2512	1.6647
0.2969	1.2967
0.2307	1.0757
0.1695	1.2610
0.2301	1.3783
0.2517	1.6030
0.2968	1.3122
0.2303	1.0893
0.1695	1.3045
0.2303	1.3375
0.2525	1.6068
0.2968	1.3643
0.2301	1.0890
0.1692	1.2882
0.2300	1.3240
0.2534	1.5920
0.2979	1.3550
0.2295	1.1037
0.1689	1.3018
0.2302	1.2987
0.2538	1.5377
0.2978	1.3528
0.2295	1.0835
0.1686	1.2825
0.2301	1.2748
0.2546	1.5140
0.2976	1.3627
0.2293	1.0898
0.1685	1.2658
0.2304	1.2262
0.2548	1.5212
0.2977	1.3430
0.2286	1.1022
0.1685	1.2403
0.2295	1.2230
0.2556	1.4492
0.2985	1.3665
0.2289	1.0987
0.1683	1.2655
0.2294	1.1778
0.2562	1.4427
0.2982	1.3315
0.2289	1.0950
0.1682	1.2622
0.2293	1.1625
0.2563	1.4140
0.2985	1.3347
0.2287	1.0560
0.1682	1.2515
0.2290	1.1782
0.2567	1.4058
0.2987	1.3470
0.2287	1.0398
0.1681	1.2420
0.2288	1.1427
0.2572	1.4078
0.2986	1.3330
0.2290	1.0580
0.1679	1.2183
0.2287	1.1698
0.2570	1.3907
0.2986	1.2997
0.2288	1.0642
0.1681	1.2352
0.2284	1.1810
0.2579	1.3773
0.2991	1.3182
0.2287	1.0527
0.1678	1.2153
0.2284	1.2370
0.2585	1.4080
0.2993	1.3103
0.2284	1.0645
0.1677	1.2075
0.2284	1.2245
0.2594	1.4110
0.2995	1.3203
0.2278	1.0665
0.1676	1.2285
0.2284	1.2742
0.2595	1.4027
0.2998	1.3495
0.2278	1.0440
0.1675	1.2455
0.2282	1.2318
0.2599	1.4248
0.2996	1.3108
0.2278	1.0185
0.1675	1.2533
0.2280	1.2840
0.2605	1.3967
0.3001	1.3160
0.2276	1.0535
0.1673	1.2728
0.2285	1.3187
0.2609	1.3673
0.3003	1.3022
0.2269	1.0355
0.1671	1.2930
0.2280	1.3775
0.2613	1.3598
0.3003	1.2830
0.2271	1.0518
0.1671	1.2882
0.2281	1.3828
0.2620	1.3467
0.3004	1.2720
0.2266	1.0570
0.1671	1.2975
0.2279	1.4603
0.2625	1.3465
0.2996	1.3213
0.2266	1.0065
0.1672	1.2845
0.2281	1.5355
0.2626	1.3070
0.2999	1.3003
0.2263	1.0048
0.1671	1.2905
0.2286	1.5022
0.2630	1.3185
0.2995	1.3240
0.2255	1.0222
0.1673	1.2843
0.2293	1.5785
0.2636	1.3157
0.2994	1.3190
0.2245	1.0065
0.1672	1.2697
0.2295	1.5468
0.2634	1.2803
0.2993	1.2982
0.2244	1.0098
0.1672	1.2658
0.2296	1.6510
0.2646	1.2900
0.3003	1.3320
0.2232	1.0562
0.1671	1.2295
0.2305	1.6395
0.2647	1.3295
0.3003	1.3123
0.2222	1.0347
0.1672	1.2278
0.2304	1.6057
0.2650	1.3327
0.3010	1.3228
0.2220	1.0528
0.1669	1.2035
0.2307	1.5545
0.2656	1.3400
0.3012	1.3183
0.2214	1.0965
0.1668	1.2093
0.2307	1.6032
0.2658	1.3595
0.3010	1.2905
0.2212	1.0847
0.1670	1.2112
0.2313	1.5700
0.2658	1.3497
0.3015	1.2340
0.2206	1.1362
0.1668	1.2085
0.2315	1.4880
0.2667	1.3695
0.3014	1.2570
0.2202	1.1815
0.1666	1.2015
0.2316	1.5390
0.2670	1.3550
0.3016	1.2252
0.2200	1.1625
0.1665	1.2352
0.2319	1.5585
0.2671	1.3445
0.3013	1.2295
0.2200	1.2003
0.1664	1.2440
0.2329	1.6005
0.2673	1.3742
0.3007	1.2260
0.2193	1.2025
0.1664	1.2332
0.2332	1.5945
0.2676	1.3740
0.3007	1.2167
0.2189	1.1487
0.1663	1.2260
0.2330	1.5942
0.2673	1.3638
0.3013	1.2217
0.2192	1.1693
0.1662	1.2590
0.2338	1.6038
0.2678	1.3782
0.3009	1.2217
0.2184	1.1710
0.1663	1.2607
0.2343	1.6320
0.2677	1.3583
0.3009	1.2560
0.2179	1.1557
0.1663	1.2465
0.2347	1.6045
0.2682	1.3877
0.3009	1.2792
0.2174	1.1643
0.1662	1.2413
0.1660	1.2548
0.2354	1.6330
0.2690	1.3925
0.3013	1.3000
0.2164	1.1535
0.1660	1.2792
0.2356	1.7162
0.2695	1.4217
0.3007	1.2858
0.2162	1.1220
0.1659	1.2680
0.2358	1.7000
0.2699	1.4363
0.3009	1.2930
0.2159	1.1430
0.1658	1.2610
0.2360	1.7148
0.2700	1.4312
0.3015	1.2825
0.2155	1.1318
0.1656	1.2623
0.2365	1.7580
0.2705	1.4310
0.3014	1.2957
0.2152	1.1840
0.1656	1.2927
0.2369	1.7550
0.2711	1.4510
0.3015	1.3088
0.2144	1.1920
0.1654	1.2492
0.2377	1.8070
0.2717	1.4290
0.3014	1.3123
0.2136	1.1825
0.1653	1.2477
0.2383	1.8042
0.2720	1.4513
0.3013	1.3055
0.2132	1.1782
0.1654	1.2577
0.2391	1.8067
0.2720	1.4710
0.3013	1.2825
0.2125	1.1748
0.1653	1.2667
0.2399	1.7550
0.2718	1.4463
0.3015	1.2992
0.2121	1.1520
0.1651	1.2715
0.2404	1.7545
0.2728	1.4518
0.3016	1.3120
0.2112	1.1557
0.1650	1.2463
0.2412	1.7063
0.2731	1.4518
0.3019	1.3037
0.2105	1.1828
0.1648	1.2455
0.2414	1.6725
0.2740	1.4473
0.3020	1.3183
0.2102	1.1523
0.1647	1.2545
0.2420	1.6580
0.2744	1.4768
0.3020	1.3403
0.2098	1.1600
0.1646	1.2583
0.2417	1.5907
0.2749	1.4423
0.3020	1.3515
0.2097	1.1313
0.1646	1.2528
0.2420	1.5920
0.2755	1.4322
0.3023	1.3532
0.2091	1.1923
0.1643	1.2902
0.2424	1.6053
0.2757	1.4540
0.3024	1.3548
0.2090	1.2000
0.1642	1.3022
0.2424	1.5885
0.2765	1.4315
0.3026	1.3735
0.2086	1.2288
0.1641	1.3090
0.2428	1.6353
0.2768	1.4282
0.3029	1.3988
0.2081	1.2175
0.1643	1.2995
0.2427	1.6825
0.2765	1.4115
0.3032	1.4040
0.2080	1.2432
0.1642	1.2800
0.2432	1.6697
0.2764	1.4197
0.3034	1.3863
0.2077	1.2593
0.1641	1.2953
0.2442	1.6825
0.2770	1.3795
0.3031	1.4040
0.2070	1.2455
0.1641	1.2705
0.2440	1.6898
0.2771	1.3690
0.3033	1.4020
0.2070	1.2487
0.1640	1.2612
0.2448	1.6387
0.2776	1.3338
0.3036	1.3980
0.2061	1.2445
0.1640	1.2620
0.2450	1.6748
0.2775	1.3777
0.3039	1.3957
0.2059	1.2635
0.1638	1.2570
0.2453	1.6412
0.2780	1.3713
0.3042	1.3682
0.2055	1.1947
0.1639	1.2248
0.2457	1.6540
0.2778	1.3612
0.3044	1.3652
0.2052	1.2280
0.1637	1.2235
0.2458	1.6928
0.2783	1.3268
0.3051	1.3660
0.2048	1.2240
0.1638	1.2360
0.2457	1.6260
0.2782	1.3552
0.3054	1.3767
0.2047	1.2763
0.1636	1.2370
0.2461	1.6715
0.2783	1.3650
0.3057	1.3650
0.2045	1.2370
0.1636	1.2667
0.2465	1.6925
0.2792	1.3655
0.3055	1.3727
0.2039	1.2540
0.1634	1.2765
0.2477	1.6860
0.2790	1.3758
0.3057	1.3603
0.2034	1.2437
0.1635	1.2815
0.2479	1.6783
0.2786	1.3758
0.3059	1.3788
0.2031	1.2950
0.1634	1.2862
0.2478	1.7097
0.2788	1.4122
0.3062	1.3520
0.2032	1.2920
0.1633	1.2812
0.2487	1.6795
0.2795	1.3755
0.3063	1.3802
0.2023	1.2815
0.1633	1.2772
0.2493	1.6775
0.2797	1.3667
0.3062	1.3745
0.2019	1.3273
0.1633	1.2905
0.2497	1.6078
0.2798	1.3623
0.3060	1.3705
0.2016	1.2940
0.1632	1.2710
0.2495	1.6167
0.2796	1.4067
0.3069	1.3912
0.2016	1.3130
0.1631	1.2660
0.2501	1.6495
0.2800	1.3938
0.3066	1.3352
0.2013	1.2852
0.1631	1.2655
0.2497	1.6228
0.2797	1.3783
0.3076	1.3277
0.2012	1.3167
0.1631	1.2355
0.2503	1.6028
0.2798	1.3670
0.3073	1.3180
0.2011	1.3260
0.1630	1.2257
0.2506	1.6165
0.2801	1.3888
0.3072	1.3292
0.2008	1.3325
0.1628	1.2358
0.2507	1.6507
0.2801	1.4085
0.3082	1.3385
0.2006	1.3115
0.1627	1.2450
0.2517	1.6410
0.2805	1.3910
0.3075	1.3335
0.2003	1.3095
0.1627	1.2385
0.2524	1.6440
0.2804	1.4250
0.3075	1.2725
0.1998	1.3202
0.1626	1.2355
0.2528	1.6597
0.2803	1.4127
0.3078	1.3068
0.1997	1.3062
0.1625	1.2360
0.2533	1.6625
0.2807	1.4168
0.3079	1.3115
0.1993	1.3105
0.1623	1.2555
0.2535	1.6507
0.2811	1.3850
0.3088	1.2658
0.1989	1.3165
0.1623	1.2510
0.2540	1.6420
0.2813	1.3500
0.3083	1.2652
0.1986	1.2938
0.1986	1.2930
0.1622	1.2465
0.2545	1.6242
0.2814	1.3477
0.3082	1.2478
0.1982	1.3007
0.1621	1.2520
0.2548	1.6485
0.2814	1.3468
0.3087	1.2597
0.1980	1.3065
0.1621	1.2525
0.2551	1.6370
0.2818	1.3255
0.3086	1.2350
0.1980	1.3005
0.1621	1.2627
0.2557	1.6178
0.2812	1.2993
0.3084	1.1808
0.1975	1.3327
0.1622	1.2393
0.2566	1.6270
0.2814	1.2845
0.3078	1.2413
0.1972	1.3255
0.1622	1.2570
0.2573	1.6213
0.2813	1.2660
0.3075	1.2205
0.1969	1.3650
0.1621	1.2595
0.2579	1.6090
0.2811	1.2815
0.3079	1.2295
0.1967	1.3730
0.1621	1.2648
0.2586	1.5738
0.2810	1.2710
0.3076	1.2092
0.1964	1.3765
0.1621	1.2555
0.2592	1.5777
0.2811	1.2717
0.3073	1.2127
0.1963	1.4087
0.1621	1.2508
0.2591	1.5365
0.2806	1.2957
0.3084	1.2485
0.1963	1.4145
0.1621	1.2407
0.2598	1.5123
0.2804	1.3017
0.3075	1.2285
0.1963	1.4200
0.1620	1.2460
0.2598	1.4587
0.2801	1.3282
0.3081	1.2058
0.1965	1.4197
0.1620	1.2360
0.2599	1.4325
0.2801	1.3265
0.3075	1.2258
0.1964	1.4445
0.1620	1.2505
0.2605	1.4202
0.2795	1.3373
0.3076	1.2215
0.1965	1.4155
0.1619	1.2405
0.2604	1.3863
0.2796	1.3430
0.3077	1.1970
0.1965	1.4255
0.1618	1.2348
0.2611	1.3840
0.2795	1.3582
0.3073	1.2598
0.1966	1.4062
0.1617	1.2305
0.2613	1.3735
0.2796	1.3590
0.3072	1.2355
0.1966	1.4095
0.1616	1.2110
0.2614	1.3843
0.2795	1.3620
0.3074	1.2997
0.1966	1.4070
0.1616	1.2255
0.2619	1.3415
0.2794	1.3993
0.3067	1.3167
0.1966	1.4080
0.1615	1.2255
0.2617	1.3488
0.2794	1.4085
0.3075	1.3218
0.1967	1.4067
0.1615	1.2520
0.2614	1.3477
0.2794	1.4227
0.3080	1.3705
0.1966	1.3990
0.1614	1.2498
0.2616	1.3288
0.2794	1.3947
0.3082	1.3567
0.1967	1.3798
0.1612	1.2695
0.2611	1.3375
0.2794	1.4228
0.3092	1.3333
0.1969	1.3702
0.1611	1.2403
0.2609	1.3400
0.2794	1.4100
0.3093	1.3435
0.1970	1.3800
0.1610	1.2602
0.2608	1.3525
0.2796	1.4523
0.3096	1.3165
0.1969	1.3510
0.1610	1.2603
0.2608	1.3575
0.2798	1.4325
0.3095	1.3028
0.1972	1.3362
0.1609	1.2608
0.2609	1.3775
0.2795	1.4255
0.3092	1.2772
0.1969	1.3577
0.1608	1.2707
0.2614	1.3925
0.2802	1.4533
0.3086	1.2378
0.1969	1.3410
0.1608	1.2610
0.2618	1.4325
0.2800	1.4117
0.3087	1.2173
0.1968	1.3215
0.1605	1.2710
0.2621	1.4475
0.2806	1.4110
0.3086	1.1918
0.1966	1.3333
0.1606	1.2497
0.2622	1.4375
0.2807	1.3843
0.3088	1.1843
0.1963	1.3210
0.1605	1.2423
0.2630	1.4812
0.2808	1.3968
0.3085	1.1892
0.1964	1.3458
0.1603	1.2330
0.2632	1.4670
0.2809	1.3880
0.3086	1.2108
0.1962	1.3502
0.1603	1.2625
0.2638	1.4467
0.2805	1.3818
0.3085	1.2075
0.1960	1.3505
0.1603	1.2528
0.2643	1.4362
0.2810	1.3937
0.3081	1.1952
0.1961	1.3700
0.1603	1.2530
0.2643	1.4510
0.2806	1.4130
0.3083	1.1740
0.1959	1.3848
0.1601	1.2825
0.2650	1.4503
0.2807	1.4157
0.3082	1.1885
0.1960	1.3512
0.1600	1.2777
0.2650	1.4798
0.2809	1.4062
0.3082	1.2045
0.1961	1.3512
0.1601	1.2777
0.2652	1.4593
0.2805	1.4290
0.3076	1.2082
0.1961	1.3615
0.1598	1.2538
0.2655	1.4637
0.2813	1.3967
0.3075	1.2270
0.1960	1.3425
0.1597	1.2733
0.2661	1.4595
0.2813	1.4545
0.3073	1.2482
0.1958	1.3330
0.1598	1.2735
0.2667	1.4443
0.2813	1.4482
0.3067	1.2790
0.1954	1.3135
0.1596	1.2490
0.2671	1.4570
0.2818	1.4543
0.3072	1.2845
0.1954	1.3140
0.1596	1.2052
0.2674	1.4700
0.2818	1.4605
0.3072	1.3152
0.1952	1.2950
0.1595	1.1957
0.2677	1.4595
0.2816	1.4305
0.3076	1.3558
0.1952	1.2760
0.1593	1.1912
0.2673	1.4730
0.2823	1.4522
0.3078	1.3682
0.1951	1.2520
0.1592	1.1375
0.2673	1.4387
0.2826	1.4428
0.3083	1.3845
0.1949	1.2570
0.1590	1.1603
0.2674	1.4357
0.2831	1.4160
0.3089	1.3570
0.1949	1.2380
0.1588	1.1623
0.2674	1.4435
0.2829	1.4393
0.3097	1.3877
0.1949	1.2380
0.1586	1.1500
0.2670	1.4443
0.2834	1.4398
0.3106	1.3947
0.1945	1.2430
0.1584	1.1760
0.2675	1.4780
0.2841	1.3823
0.3107	1.3588
0.1943	1.2480
0.1583	1.1905
0.2675	1.4930
0.2843	1.3643
0.3115	1.3888
0.1941	1.2483
0.1583	1.2180
0.2682	1.4850
0.2843	1.3075
0.3110	1.3887
0.1938	1.2288
0.1582	1.2647
0.2682	1.4868
0.2850	1.3072
0.3115	1.4033
0.1937	1.2338
0.1581	1.2850
0.2684	1.5118
0.2848	1.2850
0.3123	1.3865
0.1934	1.2433
0.1583	1.3348
0.2690	1.4628
0.2846	1.2610
0.3113	1.3892
0.1932	1.2530
0.1583	1.3715
0.2688	1.4677
0.2844	1.2450
0.3121	1.4177
0.1931	1.2530
0.1585	1.3462
0.2688	1.4298
0.2841	1.2505
0.3122	1.4155
0.1930	1.2678
0.1586	1.3492
0.2686	1.4112
0.2841	1.2067
0.3124	1.3842
0.1928	1.2630
0.1586	1.3958
0.2688	1.4200
0.2842	1.2303
0.3125	1.3858
0.1928	1.2677
0.1588	1.3993
0.2686	1.3793
0.2844	1.2375
0.3117	1.3912
0.1927	1.2730
0.1589	1.3970
0.2682	1.3988
0.2842	1.2268
0.3124	1.3647
0.1927	1.2780
0.1588	1.4215
0.2684	1.3935
0.2843	1.2835
0.3123	1.3537
0.1928	1.2780
0.1589	1.4120
0.2686	1.3932
0.2840	1.2565
0.3122	1.3200
0.1925	1.2830
0.1589	1.4367
0.2689	1.3785
0.2843	1.2580
0.3121	1.3223
0.1926	1.2833
0.1591	1.4200
0.2688	1.3888
0.2841	1.2425
0.3112	1.3495
0.1923	1.2983
0.1592	1.4177
0.2693	1.4227
0.2837	1.2665
0.3115	1.3162
0.1923	1.3033
0.1592	1.4310
0.2694	1.4090
0.2842	1.2625
0.3109	1.3197
0.1921	1.3035
0.1594	1.4670
0.2696	1.3995
0.2838	1.2685
0.3106	1.3270
0.1921	1.3085
0.1595	1.4185
0.2696	1.3897
0.2838	1.2795
0.3103	1.3255
0.1921	1.3040
0.1597	1.3908
0.2692	1.3690
0.2838	1.2557
0.3104	1.3317
0.1918	1.2945
0.1597	1.3825
0.2697	1.3212
0.2837	1.2720
0.3104	1.3213
0.1919	1.2995
0.1597	1.3773
0.2697	1.3270
0.2836	1.2512
0.3102	1.3143
0.1920	1.3048
0.1599	1.3692
0.2696	1.3667
0.2834	1.2935
0.3095	1.3410
0.1919	1.3148
0.1596	1.3777
0.2698	1.3620
0.2838	1.2840
0.3103	1.3495
0.1921	1.3295
0.1598	1.3773
0.2694	1.3870
0.2833	1.3072
0.3100	1.3360
0.1921	1.3247
0.1598	1.4028
0.2693	1.3623
0.2833	1.2710
0.3103	1.3705
0.1920	1.3153
0.1599	1.4228
0.2696	1.3912
0.2834	1.2690
0.3096	1.4040
0.3101	1.4653
0.1917	1.3055
0.1598	1.4277
0.2700	1.4003
0.2836	1.2713
0.3098	1.4840
0.1917	1.3203
0.1600	1.5140
0.2698	1.3802
0.2833	1.2435
0.3096	1.5598
0.1916	1.3350
0.1601	1.5117
0.2699	1.4153
0.2834	1.2685
0.3098	1.5837
0.1915	1.3303
0.1604	1.5620
0.2696	1.4075
0.2828	1.2490
0.3098	1.6320
0.1914	1.3302
0.1605	1.5245
0.2695	1.3855
0.2829	1.1990
0.3102	1.6318
0.1913	1.3355
0.1607	1.5433
0.2687	1.3445
0.2829	1.1880
0.3097	1.6025
0.1914	1.3160
0.1610	1.5272
0.2683	1.3625
0.2826	1.1923
0.3110	1.5937
0.1915	1.2817
0.1611	1.4623
0.2673	1.3583
0.2823	1.1565
0.3107	1.5603
0.1915	1.2773
0.1614	1.4722
0.2668	1.3408
0.2820	1.2202
0.3117	1.5465
0.1916	1.2675
0.1615	1.5272
0.2660	1.3110
0.2813	1.1740
0.3118	1.4842
0.1916	1.2890
0.1616	1.4850
0.2659	1.3417
0.2812	1.2027
0.3112	1.4722
0.1914	1.2633
0.1617	1.4607
0.2663	1.3115
0.2814	1.1803
0.3121	1.3888
0.1911	1.2207
0.1616	1.4995
0.2665	1.3080
0.2814	1.1907
0.3115	1.3558
0.1911	1.2365
0.1617	1.4370
0.2665	1.3037
0.2819	1.1973
0.3102	1.3267
0.1911	1.2427
0.1623	1.5145
0.2662	1.3017
0.2814	1.2552
0.3102	1.2885
0.1910	1.2423
0.1622	1.4953
0.2666	1.2760
0.2815	1.2540
0.3099	1.2980
0.1911	1.2305
0.1625	1.4675
0.2660	1.2570
0.2813	1.2437
0.3088	1.2830
0.1909	1.2448
0.1627	1.5455
0.2661	1.2177
0.2818	1.2772
0.3091	1.2727
0.1910	1.2472
0.1626	1.5010
0.2660	1.2403
0.2814	1.2340
0.3081	1.2337
0.1912	1.2533
0.1629	1.3995
0.2657	1.2610
0.2815	1.2832
0.3078	1.2232
0.1914	1.2140
0.1629	1.4752
0.2657	1.2315
0.2814	1.2655
0.3080	1.2112
0.1912	1.2460
0.1629	1.4082
0.2657	1.2618
0.2816	1.2845
0.3071	1.2225
0.1913	1.2690
0.1630	1.3868
0.2656	1.2588
0.2819	1.2850
0.3071	1.2220
0.1911	1.2750
0.1631	1.4400
0.2660	1.2790
0.2817	1.2905
0.3070	1.2168
0.1910	1.2728
0.1629	1.3817
0.2665	1.2935
0.2819	1.2688
0.3054	1.2352
0.1908	1.2775
0.1633	1.4122
0.2667	1.2983
0.2823	1.2815
0.3062	1.2497
0.1910	1.3132
0.1631	1.4717
0.2667	1.2817
0.2819	1.2950
0.3057	1.2545
0.1910	1.3260
0.1632	1.4437
0.2667	1.3187
0.2820	1.2510
0.3050	1.2502
0.1910	1.3298
0.1634	1.4900
0.2669	1.2753
0.2816	1.2845
0.3050	1.2650
0.1911	1.3202
0.1635	1.4970
0.2668	1.2583
0.2814	1.2657
0.3045	1.2755
0.1912	1.3593
0.1636	1.4318
0.2666	1.2647
0.2815	1.2340
0.3038	1.2565
0.1914	1.3385
0.1639	1.4510
0.2662	1.2677
0.2813	1.2397
0.3035	1.2478
0.1913	1.3375
0.1641	1.4843
0.2665	1.2588
0.2807	1.2150
0.3026	1.2485
0.1915	1.3160
0.1642	1.4278
0.2664	1.2650
0.2810	1.2005
0.3027	1.2492
0.1915	1.3043
0.1642	1.4485
0.2664	1.2710
0.2810	1.2120
0.3025	1.2310
0.1915	1.2987
0.1643	1.4423
0.2666	1.2795
0.2804	1.1960
0.3026	1.2220
0.1915	1.2800
0.1642	1.3865
0.2669	1.2675
0.2803	1.1800
0.3014	1.2385
0.1916	1.2675
0.1647	1.4145
0.2668	1.2685
0.2801	1.2005
0.3017	1.2465
0.1914	1.2925
0.1647	1.3722
0.2671	1.2825
0.2798	1.1828
0.3014	1.2480
0.1913	1.2878
0.1648	1.4303
0.2671	1.2667
0.2800	1.1978
0.3006	1.2528
0.1913	1.2722
0.1649	1.4500
0.2673	1.2888
0.2799	1.2188
0.3008	1.2625
0.1915	1.3010
0.1650	1.4735
0.2668	1.2855
0.2797	1.2127
0.3003	1.2720
0.1913	1.3060
0.1652	1.4062
0.2669	1.2927
0.2797	1.2280
0.3004	1.2667
0.1916	1.3197
0.1652	1.4195
0.2669	1.2857
0.2793	1.2628
0.2994	1.2715
0.1916	1.3470
0.1654	1.4130
0.2667	1.3020
0.2796	1.2410
0.2989	1.3000
0.1914	1.3255
0.1656	1.3810
0.2671	1.3107
0.2795	1.2467
0.2988	1.2853
0.1916	1.3572
0.1657	1.3665
0.2672	1.3240
0.2789	1.2620
0.2990	1.2887
0.1917	1.3707
0.1656	1.3138
0.2671	1.3410
0.2789	1.2615
0.2990	1.2953
0.1916	1.3510
0.1655	1.3243
0.2674	1.3355
0.2789	1.2557
0.2988	1.2985
0.1916	1.4098
0.1657	1.2953
0.2675	1.3445
0.2783	1.2452
0.2992	1.3082
0.1914	1.4448
0.1657	1.2725
0.2674	1.3065
0.2786	1.2585
0.2993	1.3177
0.1918	1.4308
0.1656	1.2775
0.2674	1.2953
0.2782	1.2633
0.2999	1.3423
0.1915	1.4745
0.1655	1.3338
0.2677	1.2713
0.2780	1.2535
0.2998	1.3475
0.1917	1.5007
0.1656	1.3487
0.2674	1.2708
0.2778	1.2385
0.2995	1.3285
0.1921	1.5112
0.1657	1.3240
0.2674	1.2475
0.2770	1.2560
0.2996	1.3145
0.1924	1.5698
0.1657	1.3400
0.2671	1.2193
0.2766	1.2460
0.2995	1.3292
0.1926	1.5603
0.1657	1.3667
0.2669	1.2357
0.2764	1.2332
0.2991	1.3105
0.1932	1.5510
0.1661	1.3600
0.2661	1.1862
0.2755	1.2423
0.2990	1.3060
0.1933	1.5702
0.1661	1.3520
0.2663	1.1992
0.2749	1.2363
0.2989	1.3162
0.1936	1.5612
0.1661	1.3702
0.2664	1.1857
0.2744	1.2515
0.2737	1.2385
0.2987	1.3120
0.1941	1.5420
0.1662	1.3450
0.2661	1.1950
0.2733	1.2390
0.2987	1.3175
0.1942	1.5413
0.1663	1.3415
0.2661	1.1998
0.2733	1.2457
0.2990	1.3080
0.1942	1.5103
0.1662	1.2977
0.2659	1.2057
0.2727	1.2580
0.2990	1.3130
0.1945	1.4868
0.1662	1.3080
0.2659	1.1662
0.2724	1.2630
0.2985	1.3372
0.1949	1.5035
0.1664	1.3223
0.2655	1.1575
0.2721	1.2717
0.2990	1.3372
0.1950	1.4670
0.1663	1.3055
0.2654	1.1960
0.2718	1.2895
0.2990	1.3423
0.1952	1.4872
0.1663	1.2925
0.2652	1.1678
0.2715	1.2887
0.2993	1.3420
0.1955	1.5080
0.1664	1.3187
0.2647	1.1958
0.2715	1.3030
0.2990	1.3420
0.1958	1.5190
0.1664	1.3148
0.2642	1.1958
0.2708	1.2975
0.2992	1.3372
0.1962	1.5053
0.1664	1.2635
0.2638	1.1960
0.2708	1.3075
0.2993	1.3127
0.1961	1.5190
0.1664	1.2777
0.2641	1.2175
0.2703	1.3122
0.2996	1.3077
0.1966	1.5227
0.1663	1.2767
0.2636	1.1795
0.2701	1.3177
0.2994	1.2685
0.1966	1.5185
0.1663	1.2553
0.2639	1.2150
0.2696	1.3040
0.2995	1.2737
0.1970	1.5350
0.1663	1.2430
0.2639	1.2528
0.2693	1.3193
0.2998	1.2590
0.1973	1.5077
0.1662	1.2400
0.2635	1.2223
0.2690	1.3010
0.2996	1.2543
0.1973	1.5430
0.1661	1.2590
0.2641	1.2098
0.2687	1.2950
0.2996	1.2505
0.1978	1.4853
0.1661	1.2613
0.2634	1.2365
0.2686	1.2798
0.2995	1.2500
0.1978	1.5440
0.1660	1.2425
0.2639	1.1802
0.2681	1.3095
0.2996	1.2455
0.1980	1.5435
0.1661	1.2425
0.2639	1.2113
0.2681	1.2995
0.2995	1.2555
0.1984	1.5350
0.1660	1.2527
0.2633	1.1872
0.2673	1.2973
0.2992	1.2705
0.1987	1.5543
0.1661	1.2635
0.2635	1.1755
0.2676	1.3122
0.2994	1.2757
0.1986	1.5753
0.1661	1.2385
0.2634	1.2318
0.2663	1.3337
0.2995	1.2783
0.1995	1.5790
0.1661	1.2630
0.2629	1.1910
0.2662	1.3380
0.2996	1.2862
0.1996	1.5583
0.1659	1.2597
0.2634	1.1772
0.2659	1.3467
0.2999	1.2810
0.2000	1.5858
0.1659	1.2505
0.2626	1.2052
0.2653	1.3555
0.2997	1.3067
0.2003	1.5525
0.1659	1.2113
0.2628	1.1808
0.2650	1.3575
0.3003	1.3012
0.2005	1.5733
0.1657	1.2285
0.2628	1.1547
0.2651	1.3925
0.2998	1.3023
0.2009	1.4855
0.1656	1.2325
0.2627	1.2213
0.2650	1.3438
0.3001	1.3367
0.2010	1.4613
0.1656	1.2312
0.2624	1.1650
0.2647	1.3780
0.3000	1.3037
0.2015	1.4407
0.1655	1.2513
0.2623	1.2695
0.2645	1.3610
0.3009	1.3267
0.2017	1.3805
0.1653	1.2373
0.2617	1.2345
0.2645	1.3460
0.3007	1.3070
0.2019	1.3667
0.1654	1.2615
0.2614	1.2210
0.2650	1.3240
0.3008	1.3460
0.2016	1.3655
0.1653	1.2563
0.2618	1.2520
0.2645	1.3255
0.3015	1.3370
0.2020	1.3408
0.1653	1.2393
0.2610	1.2848
0.2651	1.3107
0.3008	1.3600
0.2014	1.3307
0.1652	1.2443
0.2621	1.2795
0.2650	1.3112
0.3014	1.3243
0.2015	1.3298
0.1652	1.2712
0.2615	1.3307
0.2647	1.3208
0.3011	1.3680
0.2017	1.3412
0.1652	1.2813
0.2616	1.3567
0.2645	1.3112
0.3014	1.3865
0.2018	1.3610
0.1653	1.2790
0.2614	1.3215
0.2648	1.3215
0.3018	1.4047
0.2014	1.3563
0.1652	1.2810
0.2617	1.3160
0.2644	1.2980
0.3021	1.4410
0.2019	1.3788
0.1651	1.2510
0.2612	1.2752
0.2643	1.3135
0.3019	1.4723
0.2017	1.4060
0.1651	1.2715
0.2618	1.2847
0.2642	1.3093
0.3023	1.4970
0.2018	1.3813
0.1652	1.2703
0.2612	1.2718
0.2643	1.3055
0.3028	1.5160
0.2019	1.3830
0.1651	1.2635
0.2609	1.2705
0.2641	1.3110
0.3037	1.5115
0.2023	1.4177
0.1651	1.2775
0.2598	1.2170
0.2639	1.2977
0.3043	1.5235
0.2023	1.3753
0.1650	1.2895
0.2599	1.2455
0.2637	1.3035
0.3050	1.5980
0.2025	1.3955
0.1650	1.2692
0.2589	1.2237
0.2637	1.2902
0.3053	1.5807
0.2026	1.3758
0.1650	1.2637
0.2586	1.2028
0.2634	1.2913
0.3061	1.5735
0.2027	1.3962
0.1650	1.2557
0.2581	1.1907
0.2633	1.3157
0.3062	1.5488
0.2031	1.3750
0.1650	1.2597
0.2577	1.1967
0.2634	1.3162
0.3065	1.5635
0.2030	1.3795
0.1651	1.2638
0.2574	1.1645
0.2630	1.3115
0.3080	1.5777
0.2031	1.3618
0.1649	1.2490
0.2568	1.1607
0.2631	1.3262
0.3082	1.5660
0.2032	1.3647
0.1650	1.2485
0.2562	1.1930
0.2628	1.3480
0.3087	1.5805
0.2036	1.3540
0.1649	1.2372
0.2558	1.1800
0.2632	1.3405
0.3092	1.6578
0.2038	1.3600
0.1648	1.2438
0.2552	1.1958
0.2631	1.3450
0.3099	1.6280
0.2040	1.3840
0.1647	1.2288
0.2546	1.1985
0.2630	1.3400
0.3113	1.6173
0.2042	1.3483
0.1647	1.2688
0.2535	1.2177
0.2632	1.3493
0.3113	1.6135
0.2040	1.3628
0.1646	1.2438
0.2537	1.2380
0.2634	1.3295
0.3127	1.6423
0.2042	1.3428
0.1644	1.2637
0.2529	1.2735
0.2630	1.3148
0.3141	1.6695
0.2044	1.3497
0.1645	1.2628
0.2517	1.2957
0.2628	1.3095
0.3142	1.6427
0.2045	1.3318
0.1644	1.2787
0.2519	1.3075
0.2629	1.3288
0.3148	1.5857
0.2042	1.3157
0.1646	1.2588
0.2516	1.3203
0.2629	1.2948
0.3154	1.6148
0.2042	1.3003
0.1645	1.2390
0.2514	1.2932
0.2626	1.2970
0.3161	1.6112
0.2042	1.3020
0.1645	1.2570
0.2510	1.2965
0.2627	1.2997
0.3171	1.5193
0.2042	1.2810
0.1645	1.2538
0.2504	1.3097
0.2627	1.3062
0.3171	1.5755
0.2042	1.2555
0.1645	1.2683
0.2503	1.2882
0.2632	1.3092
0.3178	1.5545
0.2041	1.2585
0.1643	1.2182
0.2501	1.2545
0.2631	1.3000
0.3188	1.5700
0.2041	1.2392
0.1643	1.2280
0.2496	1.2467
0.2633	1.3195
0.3197	1.5207
0.2042	1.2260
0.1642	1.2270
0.2489	1.2293
0.2633	1.3295
0.3195	1.5255
0.2042	1.2205
0.1642	1.2415
0.2491	1.2460
0.2635	1.3300
0.3203	1.5445
0.2042	1.2202
0.1642	1.2308
0.2483	1.2577
0.2636	1.3110
0.3216	1.5163
0.2042	1.2503
0.1641	1.2688
0.2479	1.2605
0.2637	1.3405
0.3223	1.5505
0.2042	1.2655
0.1641	1.2898
0.2473	1.2740
0.2639	1.3508
0.3221	1.5075
0.2042	1.2655
0.1640	1.3145
0.2474	1.2750
0.2643	1.3703
0.3230	1.5152
0.2040	1.2455
0.1640	1.3145
0.2469	1.2620
0.2643	1.3593
0.3235	1.4945
0.2039	1.2605
0.1640	1.3028
0.2468	1.2700
0.2641	1.3855
0.3228	1.4740
0.2040	1.2608
0.1641	1.3405
0.2470	1.2640
0.2641	1.4045
0.3241	1.5017
0.2040	1.2855
0.1640	1.3253
0.2462	1.2610
0.2645	1.4140
0.3237	1.5282
0.2041	1.2820
0.1640	1.2960
0.2461	1.2640
0.2650	1.4102
0.3236	1.5265
0.2041	1.2855
0.1639	1.3005
0.2460	1.2697
0.2649	1.4210
0.3243	1.5267
0.2041	1.3205
0.1639	1.2905
0.2455	1.2815
0.2653	1.4462
0.3244	1.5722
0.2042	1.2955
0.1638	1.2825
0.2453	1.2880
0.2654	1.4365
0.3260	1.4950
0.2044	1.3002
0.1637	1.2713
0.2444	1.3048
0.2658	1.4057
0.3270	1.5370
0.2043	1.2700
0.1634	1.2250
0.2442	1.3232
0.2660	1.3722
0.3277	1.5270
0.2041	1.2860
0.1634	1.2362
0.2438	1.3368
0.2657	1.3627
0.3285	1.5060
0.2042	1.2803
0.1633	1.2332
0.2438	1.3328
0.2662	1.3245
0.3290	1.4887
0.2041	1.3057
0.1632	1.2213
0.2435	1.3470
0.2439	1.3657
0.2660	1.3155
0.3289	1.4522
0.2040	1.2895
0.1632	1.2560
0.2435	1.3875
0.2664	1.2910
0.3304	1.4433
0.2037	1.2880
0.1630	1.2765
0.2437	1.3512
0.2663	1.2423
0.3298	1.4410
0.2036	1.3110
0.1632	1.2462
0.2435	1.3463
0.2661	1.2088
0.3302	1.4597
0.2037	1.2695
0.1632	1.2818
0.2436	1.3495
0.2656	1.1870
0.3301	1.4615
0.2038	1.3143
0.1633	1.2878
0.2434	1.3350
0.2657	1.2075
0.3302	1.5225
0.2037	1.2990
0.1633	1.2902
0.2436	1.3390
0.2658	1.1995
0.3306	1.4827
0.2035	1.3143
0.1633	1.3065
0.2428	1.3425
0.2650	1.2355
0.3320	1.5015
0.2038	1.3133
0.1634	1.2938
0.2425	1.3642
0.2648	1.2823
0.3324	1.5043
0.2036	1.3463
0.1637	1.2882
0.2422	1.3558
0.2644	1.2955
0.3328	1.5220
0.2038	1.3028
0.1637	1.2882
0.2417	1.3515
0.2648	1.3070
0.3340	1.4958
0.2037	1.3338
0.1636	1.2655
0.2418	1.3330
0.2648	1.3445
0.3343	1.5225
0.2035	1.3543
0.1636	1.2893
0.2418	1.3432
0.2652	1.4158
0.3344	1.4595
0.2034	1.3325
0.1635	1.2892
0.2418	1.3343
0.2652	1.4245
0.3349	1.4403
0.2036	1.3603
0.1633	1.2685
0.2417	1.3407
0.2655	1.5010
0.3353	1.3952
0.2034	1.3483
0.1632	1.2565
0.2417	1.3665
0.2654	1.5268
0.3353	1.3887
0.2036	1.3492
0.1631	1.2538
0.2413	1.3530
0.2657	1.5648
0.3357	1.3800
0.2037	1.3662
0.1630	1.2580
0.2414	1.3692
0.2662	1.6193
0.3358	1.3760
0.2037	1.3635
0.1628	1.2593
0.2412	1.4010
0.2657	1.6057
0.3363	1.3820
0.2038	1.3413
0.1628	1.2590
0.2416	1.3960
0.2665	1.6545
0.3359	1.3643
0.2039	1.3538
0.1624	1.2430
0.2415	1.4265
0.2673	1.6928
0.3371	1.3880
0.2035	1.3088
0.1621	1.2355
0.2415	1.4395
0.2676	1.6835
0.3370	1.3567
0.2036	1.2977
0.1620	1.2302
0.2418	1.4345
0.2688	1.6837
0.3370	1.3488
0.2034	1.2925
0.1616	1.2553
0.2420	1.4340
0.2689	1.7435
0.3377	1.3393
0.2031	1.2880
0.1614	1.2553
0.2421	1.4235
0.2698	1.7067
0.3380	1.3590
0.2030	1.2672
0.1611	1.2553
0.2421	1.3933
0.2709	1.6635
0.3388	1.3175
0.2026	1.2948
0.1607	1.2652
0.2423	1.3975
0.2712	1.6417
0.3386	1.3265
0.2025	1.2790
0.1607	1.2703
0.2424	1.3962
0.2719	1.5667
0.3379	1.3315
0.2025	1.3077
0.1605	1.2600
0.2423	1.3725
0.2723	1.5770
0.3382	1.3433
0.2026	1.2960
0.1603	1.2497
0.2423	1.3943
0.2729	1.4987
0.3383	1.3540
0.2026	1.2960
0.1601	1.2883
0.2423	1.3585
0.2726	1.4667
0.3382	1.3290
0.2027	1.3260
0.1601	1.2945
0.2423	1.3593
0.2729	1.5045
0.3383	1.3293
0.2026	1.3325
0.1601	1.2558
0.2425	1.3740
0.2726	1.4908
0.3387	1.3682
0.2026	1.3200
0.1600	1.2355
0.2424	1.3898
0.2731	1.4997
0.3399	1.3647
0.2024	1.3112
0.1597	1.2512
0.2425	1.3797
0.2728	1.4730
0.3395	1.3660
0.2022	1.3157
0.1600	1.2458
0.2425	1.4000
0.2730	1.5552
0.3396	1.3620
0.2024	1.3065
0.1598	1.2395
0.2427	1.4105
0.2738	1.5492
0.3403	1.3448
0.2023	1.2953
0.1594	1.2355
0.2425	1.3920
0.2744	1.6013
0.3409	1.3335
0.2021	1.2733
0.1592	1.2662
0.2426	1.3675
0.2751	1.6120
0.3408	1.3080
0.2020	1.2850
0.1590	1.2938
0.2425	1.3748
0.2753	1.6783
0.3410	1.3125
0.2021	1.2927
0.1589	1.2915
0.2428	1.4050
0.2764	1.6780
0.3411	1.3307
0.2020	1.2823
0.1585	1.3130
0.2431	1.4253
0.2767	1.6373
0.3408	1.3275
0.2017	1.2893
0.1585	1.3555
0.2432	1.4503
0.2776	1.6617
0.3402	1.3112
0.2017	1.3102
0.1583	1.3830
0.2431	1.4597
0.2780	1.6423
0.3402	1.3043
0.2018	1.3260
0.1581	1.3853
0.2433	1.4950
0.2786	1.6860
0.3400	1.2940
0.2016	1.3240
0.1580	1.3805
0.2434	1.4997
0.2790	1.6318
0.3400	1.2945
0.2014	1.3040
0.1580	1.4210
0.2438	1.4803
0.2791	1.6562
0.3397	1.3037
0.2012	1.3230
0.1580	1.4205
0.2441	1.4850
0.2798	1.6620
0.3393	1.3057
0.2010	1.3128
0.1578	1.3930
0.2445	1.4945
0.2800	1.6370
0.3389	1.3048
0.2009	1.3017
0.1577	1.3998
0.2449	1.4600
0.2809	1.6433
0.3390	1.2975
0.2007	1.2928
0.1574	1.3775
0.2452	1.4403
0.2815	1.6613
0.3382	1.2980
0.2004	1.2925
0.1574	1.3668
0.2452	1.4107
0.2819	1.6615
0.3382	1.3023
0.2004	1.2375
0.1573	1.3463
0.2453	1.4007
0.2830	1.6180
0.3382	1.2960
0.2003	1.2688
0.1570	1.3255
0.2454	1.3858
0.2833	1.6342
0.3380	1.2850
0.2002	1.2590
0.1570	1.3028
0.2452	1.3902
0.2842	1.5845
0.3382	1.2933
0.2002	1.2485
0.1567	1.3410
0.2451	1.3758
0.2849	1.5632
0.3384	1.2918
0.2002	1.2582
0.1565	1.2980
0.2451	1.3758
0.2859	1.5602
0.3387	1.2858
0.1998	1.2482
0.1564	1.3002
0.2454	1.3813
0.2854	1.4867
0.3386	1.2608
0.1999	1.2677
0.1564	1.2957
0.2457	1.4010
0.2860	1.4952
0.3385	1.2455
0.1999	1.2575
0.1561	1.2715
0.2460	1.4112
0.2863	1.5000
0.3379	1.2157
0.1995	1.2677
0.1562	1.2970
0.2463	1.4075
0.2864	1.4738
0.3380	1.1827
0.1994	1.2473
0.1561	1.2810
0.2463	1.4218
0.2870	1.5140
0.3378	1.1753
0.1994	1.2775
0.1560	1.2872
0.2468	1.4030
0.2866	1.5095
0.3374	1.1810
0.1994	1.2668
0.1560	1.2855
0.2472	1.4180
0.2872	1.5340
0.3374	1.1658
0.1991	1.2665
0.1559	1.3005
0.2476	1.3843
0.2880	1.5995
0.3363	1.1760
0.1991	1.2765
0.1557	1.2795
0.2478	1.3897
0.2886	1.6175
0.3362	1.1565
0.1989	1.2763
0.1556	1.2897
0.2481	1.4387
0.2898	1.6420
0.3361	1.1658
0.1986	1.2955
0.1553	1.2983
0.2481	1.4437
0.2894	1.6843
0.3362	1.2067
0.1988	1.2860
0.1553	1.3075
0.2488	1.4438
0.2905	1.7227
0.3355	1.2153
0.1987	1.2950
0.1550	1.3288
0.2486	1.4730
0.2917	1.6970
0.3356	1.2595
0.1987	1.2850
0.1546	1.2973
0.2491	1.4525
0.2921	1.7235
0.3350	1.2378
0.1985	1.2860
0.1545	1.2705
0.2496	1.4195
0.2928	1.7068
0.3348	1.2207
0.1983	1.3065
0.1544	1.2903
0.2497	1.4143
0.2933	1.7865
0.3351	1.2263
0.1981	1.2957
0.1542	1.3062
0.2501	1.3950
0.2944	1.7267
0.3349	1.2712
0.1979	1.2582
0.1540	1.2875
0.2502	1.3707
0.2950	1.6915
0.3355	1.2433
0.1976	1.2488
0.1538	1.2830
0.2505	1.3950
0.2961	1.7215
0.3355	1.2860
0.1976	1.2650
0.1534	1.2627
0.2506	1.3562
0.2967	1.6845
0.3345	1.2542
0.1977	1.2700
0.1533	1.2758
0.2504	1.3270
0.2979	1.7090
0.3344	1.2428
0.1979	1.2357
0.1530	1.3013
0.2503	1.3078
0.2986	1.6620
0.3351	1.2567
0.1976	1.2527
0.1529	1.2865
0.2502	1.2885
0.2994	1.6617
0.3347	1.2093
0.1977	1.2670
0.1527	1.2852
0.2505	1.3160
0.3001	1.6460
0.3355	1.2635
0.1975	1.2870
0.1524	1.3223
0.2509	1.3233
0.3001	1.6112
0.3343	1.2752
0.1976	1.3045
0.1524	1.2807
0.2508	1.3615
0.3017	1.5322
0.3338	1.2450
0.1974	1.2728
0.1523	1.2540
0.2507	1.3387
0.3017	1.5690
0.3342	1.2190
0.1975	1.3290
0.1522	1.2495
0.2512	1.3440
0.3020	1.5390
0.3338	1.2287
0.1974	1.3080
0.1520	1.2233
0.2511	1.3205
0.3025	1.5080
0.3341	1.2090
0.1974	1.2878
0.1519	1.2197
0.2512	1.3145
0.3022	1.5245
0.3344	1.2120
0.1976	1.3143
0.1518	1.1975
0.2519	1.3542
0.3026	1.5068
0.3342	1.2122
0.1972	1.3070
0.1517	1.1765
0.2518	1.3915
0.3029	1.5358
0.3344	1.1895
0.1975	1.3178
0.1514	1.1478
0.2516	1.4055
0.3036	1.4977
0.3348	1.2173
0.1974	1.3338
0.1513	1.1590
0.2519	1.4443
0.3042	1.5005
0.3353	1.1897
0.1973	1.3080
0.1511	1.1738
0.2522	1.4725
0.3039	1.5355
0.3347	1.2000
0.1976	1.2918
0.1509	1.1825
0.2526	1.4908
0.3053	1.5800
0.3346	1.2000
0.1970	1.3150
0.1508	1.2047
0.2533	1.5207
0.3057	1.5485
0.3351	1.2200
0.1969	1.3130
0.1504	1.2085
0.2536	1.5797
0.3050	1.5400
0.3351	1.2190
0.1969	1.3523
0.1505	1.2283
0.2544	1.5710
0.3060	1.5348
0.3345	1.2375
0.1963	1.3405
0.1504	1.2462
0.2547	1.5530
0.3067	1.5408
0.3348	1.2430
0.1962	1.3265
0.1502	1.2073
0.2556	1.5745
0.3075	1.5115
0.3341	1.2375
0.1958	1.3015
0.1500	1.2208
0.2557	1.4905
0.3073	1.4703
0.3347	1.2272
0.1959	1.3150
0.1499	1.2167
0.2563	1.5380
0.3071	1.4852
0.3346	1.2662
0.1957	1.2475
0.1498	1.2085
0.2562	1.5123
0.3078	1.4602
0.3351	1.2508
0.1955	1.2908
0.1497	1.1993
0.2562	1.5197
0.3079	1.3900
0.3355	1.2648
0.1958	1.2925
0.1494	1.1840
0.2569	1.5122
0.3093	1.3665
0.3350	1.2993
0.1949	1.2747
0.1495	1.1955
0.2567	1.5318
0.3086	1.3480
0.3354	1.2882
0.1955	1.2400
0.1493	1.1830
0.2572	1.4918
0.3095	1.3488
0.3364	1.2845
0.1946	1.2292
0.1493	1.1865
0.2578	1.5595
0.3093	1.3565
0.3356	1.2670
0.1946	1.2538
0.1493	1.1770
0.2580	1.6460
0.3085	1.3100
0.3366	1.2710
0.1945	1.2003
0.1492	1.1835
0.2585	1.6395
0.3092	1.3040
0.3365	1.2710
0.1940	1.2715
0.1492	1.1730
0.2589	1.7090
0.3094	1.3095
0.3370	1.2908
0.1937	1.2108
0.1491	1.2082
0.2590	1.6927
0.3094	1.2997
0.3368	1.2215
0.1937	1.2270
0.1491	1.1875
0.2601	1.6873
0.3097	1.3050
0.3371	1.2407
0.1932	1.1878
0.1489	1.1410
0.2612	1.7265
0.3100	1.3150
0.3375	1.2062
0.1925	1.1608
0.1489	1.1650
0.2619	1.7488
0.3099	1.3138
0.3372	1.1862
0.1922	1.1730
0.1489	1.1355
0.2623	1.7778
0.3105	1.3030
0.3372	1.1865
0.1918	1.1592
0.1488	1.1472
0.2635	1.8452
0.3109	1.3128
0.3371	1.2068
0.1912	1.1285
0.1488	1.1660
0.2639	1.8860
0.3115	1.2813
0.3379	1.2025
0.1909	1.1365
0.1485	1.1688
0.2651	1.8310
0.3115	1.3065
0.3376	1.2228
0.1903	1.1282
0.1486	1.1680
0.2662	1.8102
0.3119	1.3288
0.3376	1.2215
0.1898	1.0933
0.1484	1.1738
0.2671	1.8120
0.3122	1.3187
0.3379	1.2383
0.1892	1.1092
0.1484	1.1607
0.2679	1.8030
0.3130	1.3235
0.3377	1.2645
0.1885	1.1240
0.1485	1.1677
0.2697	1.8252
0.3125	1.3183
0.3379	1.2737
0.1877	1.1362
0.1484	1.2010
0.2698	1.7470
0.3135	1.3415
0.3387	1.3085
0.1874	1.1210
0.1483	1.1980
0.2702	1.7520
0.3145	1.3292
0.3383	1.3088
0.1870	1.0973
0.1482	1.2040
0.2705	1.6827
0.3146	1.3300
0.3390	1.2982
0.1868	1.1160
0.1481	1.2113
0.2712	1.6320
0.3148	1.3200
0.3393	1.2825
0.1863	1.1380
0.1481	1.1707
0.2718	1.5482
0.3151	1.3302
0.3396	1.2867
0.1860	1.0935
0.1480	1.1632
0.2715	1.5950
0.3158	1.3370
0.3401	1.2758
0.1859	1.1275
0.1479	1.1942
0.2726	1.5660
0.3165	1.3235
0.3400	1.2710
0.1852	1.1240
0.1479	1.1573
0.2727	1.6390
0.3164	1.3235
0.3399	1.2655
0.1852	1.1128
0.1479	1.1788
0.2730	1.5775
0.3166	1.3287
0.3403	1.2515
0.1850	1.1230
0.1478	1.2017
0.2735	1.5865
0.3172	1.3482
0.3407	1.2565
0.1846	1.1057
0.1477	1.2113
0.2746	1.6020
0.3176	1.3548
0.3406	1.2210
0.1842	1.1153
0.1476	1.2108
0.2746	1.5403
0.3185	1.3480
0.3409	1.2203
0.1840	1.1120
0.1475	1.2423
0.2760	1.6185
0.3188	1.3707
0.3410	1.2113
0.1832	1.0995
0.1475	1.2350
0.2761	1.6283
0.3190	1.3678
0.3405	1.2167
0.1832	1.0950
0.1475	1.2338
0.2768	1.6205
0.3200	1.3822
0.3406	1.2067
0.1827	1.1287
0.1474	1.2320
0.2772	1.5940
0.3207	1.3767
0.3403	1.2022
0.1826	1.1247
0.1473	1.2110
0.2775	1.6990
0.3213	1.3518
0.3395	1.2030
0.1823	1.1418
0.1474	1.2132
0.2789	1.6110
0.3219	1.3607
0.3394	1.1912
0.1817	1.1503
0.1473	1.1862
0.2793	1.7380
0.3221	1.3598
0.3399	1.2135
0.1814	1.1580
0.1472	1.1838
0.2799	1.7142
0.3224	1.3395
0.3401	1.2247
0.1813	1.1560
0.1471	1.1602
0.2806	1.7433
0.3228	1.3092
0.3404	1.2455
0.1810	1.1775
0.1469	1.1658
0.2823	1.7575
0.3228	1.3332
0.3407	1.2710
0.1803	1.2165
0.1469	1.1305
0.2826	1.7013
0.3232	1.3247
0.3411	1.2960
0.1801	1.2627
0.1468	1.1315
0.2844	1.7033
0.3231	1.3272
0.3412	1.3055
0.1794	1.2623
0.1468	1.1500
0.2845	1.6763
0.3238	1.3167
0.3421	1.3060
0.1791	1.2723
0.1466	1.1750
0.2851	1.6972
0.3234	1.3017
0.3422	1.3018
0.1789	1.2352
0.1467	1.1985
0.2852	1.6295
0.3238	1.3262
0.3428	1.3412
0.1788	1.2608
0.1466	1.2143
0.2853	1.6707
0.3232	1.3115
0.3432	1.3265
0.1789	1.2535
0.1465	1.2167
0.2856	1.6227
0.3235	1.3315
0.3436	1.3275
0.1786	1.2420
0.1465	1.2147
0.2858	1.5977
0.3234	1.3420
0.3432	1.3333
0.1787	1.2343
0.1465	1.2228
0.2870	1.5957
0.3242	1.3615
0.3428	1.3228
0.1781	1.2353
0.1465	1.2377
0.2870	1.6020
0.3242	1.3478
0.3437	1.3110
0.1779	1.2085
0.1464	1.2347
0.2882	1.5952
0.3244	1.3430
0.3437	1.3107
0.1775	1.1635
0.1463	1.2362
0.1462	1.2387
0.2892	1.5845
0.3250	1.3437
0.3438	1.3145
0.1770	1.1572
0.1461	1.2312
0.2888	1.5995
0.3261	1.3510
0.3447	1.3362
0.1768	1.1200
0.1462	1.2165
0.2896	1.5668
0.3261	1.3503
0.3442	1.3570
0.1766	1.1670
0.1461	1.2315
0.2900	1.5497
0.3267	1.3302
0.3446	1.3548
0.1763	1.1297
0.1460	1.2415
0.2901	1.5220
0.3270	1.3500
0.3450	1.3725
0.1761	1.1165
0.1460	1.2390
0.2901	1.5008
0.3275	1.3457
0.3454	1.3645
0.1759	1.1135
0.1459	1.2397
0.2902	1.5443
0.3283	1.3495
0.3457	1.3340
0.1757	1.1255
0.1459	1.2098
0.2905	1.5560
0.3281	1.3450
0.3461	1.3532
0.1756	1.1135
0.1460	1.2152
0.2902	1.5725
0.3285	1.3490
0.3466	1.3478
0.1753	1.1145
0.1459	1.2100
0.2907	1.5728
0.3294	1.3390
0.3468	1.3390
0.1749	1.0953
0.1458	1.1952
0.2915	1.5702
0.3300	1.3575
0.3468	1.3335
0.1746	1.1280
0.1457	1.2052
0.2924	1.5550
0.3309	1.3448
0.3470	1.3268
0.1742	1.1160
0.1456	1.2052
0.2930	1.5663
0.3311	1.3560
0.3476	1.3427
0.1739	1.1157
0.1455	1.1900
0.2938	1.5605
0.3318	1.3745
0.3478	1.3077
0.1735	1.1180
0.1455	1.2045
0.2940	1.5338
0.3323	1.3540
0.3481	1.3353
0.1732	1.1445
0.1453	1.2143
0.2941	1.5305
0.3325	1.3477
0.3487	1.3272
0.1732	1.1557
0.1453	1.2233
0.2940	1.5215
0.3333	1.3230
0.3486	1.3453
0.1730	1.1528
0.1453	1.2502
0.2943	1.4818
0.3334	1.3368
0.3495	1.3293
0.1728	1.1773
0.1452	1.2550
0.2946	1.4717
0.3341	1.3410
0.3494	1.3248
0.1726	1.1817
0.1453	1.2672
0.2941	1.5000
0.3340	1.3453
0.3500	1.3218
0.1726	1.2030
0.1452	1.2725
0.2950	1.4770
0.3342	1.3400
0.3496	1.3798
0.1724	1.1673
0.1452	1.2682
0.2954	1.5063
0.3347	1.3357
0.3500	1.3620
0.1720	1.1845
0.1452	1.2785
0.2956	1.4825
0.3346	1.3480
0.3496	1.3403
0.1720	1.1650
0.1451	1.2735
0.2964	1.4963
0.3353	1.3365
0.3494	1.3563
0.1718	1.1643
0.1451	1.2785
0.2972	1.4790
0.3355	1.3515
0.3494	1.3427
0.1715	1.1725
0.1450	1.2843
0.2958	1.4595
0.3363	1.3375
0.3513	1.3682
0.1714	1.1578
0.1451	1.2605
0.2966	1.4005
0.3367	1.3583
0.3509	1.3767
0.1711	1.1648
0.1450	1.2545
0.2968	1.4095
0.3375	1.3338
0.3510	1.3725
0.1710	1.1335
0.1449	1.2550
0.2970	1.3960
0.3380	1.3105
0.3515	1.3795
0.1707	1.1843
0.1449	1.2485
0.2965	1.3888
0.3380	1.3465
0.3516	1.3817
0.1708	1.1685
0.1450	1.2635
0.2966	1.4195
0.3383	1.3322
0.3516	1.3223
0.1706	1.1805
0.1448	1.2538
0.2958	1.3917
0.3391	1.3333
0.3528	1.3478
0.1706	1.2085
0.1449	1.2540
0.2963	1.3912
0.3392	1.3400
0.3525	1.3507
0.1704	1.2153
0.1449	1.2597
0.2967	1.3507
0.3382	1.3570
0.3525	1.3443
0.1705	1.2437
0.1447	1.2502
0.2973	1.3648
0.3395	1.3720
0.3527	1.3475
0.1702	1.2163
0.1448	1.2450
0.2975	1.3380
0.3398	1.3917
0.3528	1.3670
0.1700	1.2405
0.1447	1.2840
0.2973	1.3730
0.3395	1.3700
0.3532	1.3247
0.1700	1.2502
0.1446	1.2788
0.2975	1.3280
0.3403	1.3690
0.3534	1.3665
0.1699	1.2695
0.1445	1.2833
0.2971	1.2980
0.3406	1.3540
0.3536	1.3537
0.1700	1.2447
0.1444	1.2782
0.2968	1.2730
0.3416	1.3315
0.3540	1.3197
0.1699	1.2570
0.1444	1.2682
0.2961	1.2478
0.3418	1.3225
0.3547	1.3307
0.1700	1.2873
0.1445	1.2918
0.2967	1.2528
0.3418	1.3145
0.3538	1.2697
0.1699	1.2880
0.1445	1.2915
0.2956	1.2377
0.3415	1.2823
0.3547	1.2563
0.1701	1.2880
0.1446	1.3010
0.2957	1.2473
0.3407	1.2867
0.3543	1.2487
0.1702	1.2895
0.1701	1.3175
0.1445	1.2862
0.2965	1.2717
0.3412	1.2368
0.3537	1.2353
0.1702	1.3168
0.1445	1.2910
0.2961	1.2770
0.3406	1.2567
0.3543	1.1747
0.1702	1.3145
0.1446	1.2665
0.2970	1.2565
0.3401	1.2945
0.3527	1.1967
0.1702	1.2990
0.1446	1.2618
0.2971	1.3063
0.3402	1.3225
0.3525	1.1630
0.1703	1.2845
0.1446	1.2618
0.2971	1.3063
0.3406	1.3570
0.3523	1.1730
0.1702	1.3075
0.1446	1.2670
0.2974	1.2912
0.3398	1.3842
0.3527	1.2105
0.1702	1.2780
0.1445	1.2867
0.2979	1.2565
0.3404	1.3758
0.3518	1.1985
0.1702	1.2530
0.1444	1.2677
0.2977	1.2662
0.3414	1.4195
0.3521	1.2365
0.1700	1.2627
0.1443	1.2680
0.2981	1.2560
0.3420	1.4512
0.3522	1.2418
0.1701	1.2375
0.1442	1.2685
0.2980	1.3063
0.3424	1.4385
0.3521	1.2270
0.1702	1.2322
0.1440	1.2738
0.2979	1.2918
0.3430	1.4820
0.3523	1.1997
0.1703	1.2127
0.1442	1.2788
0.2971	1.3162
0.3429	1.4475
0.3521	1.2228
0.1702	1.2175
0.1440	1.2990
0.2976	1.3465
0.3440	1.4388
0.3519	1.1998
0.1703	1.2172
0.1439	1.3087
0.2974	1.3365
0.3446	1.4325
0.3518	1.2153
0.1699	1.2317
0.1439	1.3045
0.2985	1.3862
0.3453	1.4308
0.3513	1.2115
0.1698	1.2022
0.1438	1.3190
0.2991	1.3708
0.3456	1.4153
0.3509	1.2127
0.1697	1.2110
0.1438	1.3043
0.2996	1.4310
0.3459	1.4815
0.3504	1.2193
0.1695	1.2157
0.1438	1.3187
0.3003	1.4220
0.3466	1.4505
0.3497	1.2370
0.1694	1.1967
0.1438	1.3137
0.3003	1.4255
0.3471	1.4180
0.3499	1.2108
0.1692	1.2070
0.1437	1.3087
0.3012	1.3947
0.3471	1.4367
0.3498	1.2547
0.1692	1.1920
0.1436	1.3087
0.3007	1.4140
0.3481	1.4095
0.3497	1.2640
0.1691	1.2118
0.1434	1.2890
0.3009	1.3835
0.3494	1.4292
0.3500	1.2748
0.1690	1.1970
0.1435	1.2743
0.3009	1.3777
0.3497	1.3977
0.3499	1.2608
0.1689	1.2075
0.1435	1.2743
0.3012	1.3823
0.3500	1.3940
0.3493	1.2315
0.1688	1.1933
0.1433	1.2738
0.3010	1.3510
0.3508	1.3692
0.3499	1.2345
0.1686	1.1983
0.1434	1.2643
0.3018	1.4023
0.3509	1.3582
0.3498	1.2445
0.1687	1.2040
0.1433	1.2690
0.3015	1.3698
0.3512	1.3170
0.3500	1.2558
0.1685	1.2197
0.1433	1.2643
0.3025	1.3795
0.3515	1.3140
0.3493	1.2390
0.1684	1.2195
0.1433	1.2790
0.3031	1.4005
0.3517	1.3270
0.3488	1.2742
0.1683	1.2292
0.1433	1.2853
0.3033	1.4113
0.3514	1.3155
0.3488	1.2340
0.1680	1.2355
0.1432	1.2700
0.3036	1.3658
0.3521	1.3275
0.3492	1.2545
0.1681	1.2302
0.1432	1.2993
0.3030	1.3918
0.3521	1.3380
0.3497	1.2728
0.1681	1.2457
0.1433	1.2845
0.3034	1.3870
0.3520	1.3210
0.3493	1.2598
0.1679	1.2552
0.1433	1.3143
0.3036	1.4122
0.3526	1.3200
0.3492	1.2423
0.1678	1.2457
0.1432	1.3097
0.3043	1.4135
0.3530	1.3620
0.3487	1.2533
0.1678	1.2652
0.1431	1.3050
0.3038	1.3975
0.3532	1.3400
0.3494	1.2148
0.1678	1.2560
0.1431	1.2908
0.3037	1.4245
0.3539	1.3503
0.3494	1.1777
0.1677	1.2505
0.1431	1.2812
0.3048	1.4135
0.3534	1.3540
0.3487	1.1723
0.1675	1.2618
0.1432	1.2815
0.3062	1.4035
0.3533	1.3490
0.3471	1.1515
0.1673	1.2755
0.1431	1.2660
0.3063	1.3828
0.3543	1.3475
0.3474	1.1830
0.1673	1.2752
0.1431	1.2965
0.3070	1.3980
0.3539	1.3302
0.3470	1.1890
0.1672	1.2852
0.1430	1.2822
0.3076	1.3820
0.3545	1.3343
0.3470	1.1353
0.1672	1.2888
0.1430	1.3023
0.3080	1.3813
0.3546	1.3220
0.3466	1.1667
0.1671	1.2850
0.1430	1.2387
0.3083	1.3405
0.3548	1.3535
0.3461	1.1770
0.1672	1.2950
0.1429	1.2635
0.3080	1.3397
0.3548	1.2812
0.3467	1.1613
0.1671	1.3005
0.1430	1.2637
0.3077	1.3433
0.3546	1.3262
0.3468	1.1692
0.1672	1.3292
0.1429	1.2785
0.3083	1.3520
0.3551	1.2810
0.3458	1.1395
0.1671	1.3198
0.1430	1.2445
0.3089	1.3560
0.3542	1.2650
0.3455	1.1297
0.1672	1.3092
0.1428	1.2302
0.3093	1.3837
0.3550	1.2597
0.3456	1.1385
0.1671	1.2957
0.1430	1.2160
0.3097	1.3912
0.3540	1.2283
0.3450	1.1048
0.1671	1.2908
0.1428	1.2165
0.3103	1.4260
0.3546	1.2432
0.3448	1.0672
0.1670	1.2815
0.1430	1.2093
0.3116	1.4363
0.3533	1.1907
0.3436	1.0845
0.1670	1.2733
0.1429	1.2282
0.3123	1.4272
0.3532	1.2415
0.3439	1.0660
0.1667	1.2870
0.1429	1.2480
0.3130	1.4230
0.3536	1.1627
0.3439	1.0902
0.1667	1.2775
0.1428	1.2693
0.3135	1.4082
0.3531	1.2165
0.3440	1.0840
0.1664	1.2727
0.1429	1.2748
0.3147	1.4035
0.3534	1.1440
0.3433	1.0920
0.1664	1.2443
0.1430	1.3108
0.3152	1.3993
0.3528	1.2087
0.3429	1.1095
0.1663	1.2637
0.1430	1.3700
0.3159	1.3853
0.3534	1.1760
0.3416	1.1155
0.1664	1.2640
0.1431	1.4045
0.3158	1.3823
0.3519	1.1950
0.3419	1.1112
0.1664	1.2688
0.1432	1.4223
0.3160	1.4058
0.3525	1.2005
0.3406	1.1077
0.1663	1.2787
0.1434	1.4338
0.3164	1.3905
0.3514	1.1948
0.3405	1.1455
0.1662	1.2788
0.1434	1.4305
0.3174	1.4000
0.3524	1.2038
0.3390	1.1315
0.1663	1.2882
0.1437	1.4258
0.3177	1.4092
0.3510	1.1888
0.3380	1.1712
0.1660	1.2787
0.1437	1.4817
0.3184	1.4038
0.3518	1.2200
0.3371	1.1795
0.1659	1.2835
0.1437	1.4415
0.3195	1.3978
0.3514	1.2195
0.3367	1.1875
0.1658	1.2835
0.1439	1.4505
0.3196	1.4177
0.3513	1.2550
0.3366	1.1808
0.1657	1.2980
0.1439	1.4497
0.3206	1.3963
0.3510	1.2453
0.3360	1.2127
0.1656	1.2757
0.1440	1.5025
0.3207	1.4005
0.3509	1.2530
0.3358	1.2090
0.1657	1.2922
0.1442	1.5063
0.3203	1.3645
0.3505	1.2610
0.3350	1.2175
0.1657	1.3082
0.1441	1.5297
0.3203	1.3420
0.3509	1.2435
0.3348	1.2098
0.1656	1.3080
0.1442	1.5360
0.3213	1.3208
0.3506	1.2640
0.3343	1.1722
0.1656	1.3082
0.1442	1.5650
0.3211	1.3090
0.3511	1.2702
0.3336	1.1987
0.3314	1.1655
0.1656	1.3182
0.1447	1.5512
0.3216	1.3015
0.3505	1.2665
0.3306	1.1410
0.1657	1.3282
0.1447	1.5755
0.3214	1.3345
0.3511	1.2615
0.3296	1.1485
0.1657	1.3527
0.1449	1.5265
0.3222	1.3520
0.3498	1.2383
0.3286	1.1735
0.1657	1.3677
0.1450	1.5595
0.3227	1.3523
0.3502	1.2253
0.3279	1.1547
0.1657	1.3482
0.1451	1.5237
0.3229	1.3555
0.3500	1.1912
0.3273	1.1495
0.1657	1.3662
0.1451	1.4340
0.3235	1.3603
0.3497	1.2055
0.3255	1.1627
0.1657	1.3743
0.1455	1.4537
0.3244	1.3563
0.3488	1.1722
0.3266	1.1950
0.1657	1.3635
0.1454	1.4738
0.3245	1.3655
0.3481	1.1832
0.3259	1.2240
0.1657	1.3788
0.1456	1.4872
0.3250	1.3702
0.3472	1.1573
0.3256	1.2617
0.1656	1.3885
0.1456	1.4787
0.3253	1.3957
0.3473	1.1600
0.3253	1.2870
0.1656	1.3840
0.1457	1.5165
0.3260	1.4115
0.3466	1.1487
0.3244	1.3200
0.1658	1.3790
0.1459	1.4682
0.3255	1.4098
0.3462	1.1335
0.3237	1.3248
0.1657	1.3893
0.1462	1.5223
0.3258	1.4348
0.3455	1.1158
0.3230	1.3307
0.1658	1.3503
0.1464	1.5460
0.3257	1.4355
0.3449	1.1477
0.3233	1.3410
0.1656	1.3700
0.1465	1.5460
0.3257	1.4470
0.3445	1.1500
0.3225	1.3755
0.1656	1.3508
0.1467	1.5447
0.3262	1.4692
0.3440	1.1602
0.3224	1.3685
0.1655	1.3312
0.1469	1.5140
0.3263	1.4727
0.3429	1.1485
0.3224	1.3590
0.1655	1.3120
0.1471	1.5118
0.3268	1.4553
0.3416	1.1533
0.3214	1.3597
0.1652	1.2780
0.1473	1.4640
0.3272	1.4522
0.3424	1.1592
0.3213	1.3272
0.1652	1.2538
0.1473	1.4732
0.3276	1.4103
0.3420	1.1625
0.3217	1.3387
0.1650	1.2472
0.1473	1.4630
0.3280	1.4130
0.3420	1.1628
0.3214	1.3195
0.1650	1.2005
0.1475	1.4995
0.3277	1.3923
0.3418	1.2012
0.3205	1.3200
0.1649	1.1847
0.1477	1.4987
0.3279	1.3527
0.3417	1.2242
0.3208	1.2860
0.1648	1.2270
0.1477	1.4375
0.3277	1.3665
0.3420	1.1900
0.3203	1.2955
0.1648	1.2203
0.1478	1.4603
0.3275	1.3392
0.3424	1.1868
0.3199	1.2757
0.1647	1.2440
0.1480	1.4942
0.3278	1.3585
0.3420	1.1970
0.3187	1.2748
0.1645	1.2748
0.1482	1.5072
0.3278	1.3690
0.3430	1.2217
0.3187	1.2790
0.1646	1.3090
0.1483	1.4687
0.3275	1.3345
0.3425	1.2028
0.3183	1.2735
0.1645	1.3447
0.1484	1.5315
0.3289	1.3430
0.3415	1.1995
0.3179	1.2728
0.1645	1.3580
0.1485	1.4645
0.3285	1.3497
0.3413	1.1900
0.3173	1.2665
0.1644	1.3795
0.1486	1.4587
0.3298	1.3178
0.3409	1.1957
0.3166	1.2755
0.1645	1.4465
0.1488	1.3860
0.3297	1.3127
0.3406	1.1645
0.3167	1.2752
0.1648	1.4457
0.1489	1.3793
0.3291	1.3533
0.3392	1.1445
0.3156	1.2990
0.1648	1.4248
0.1492	1.3940
0.3292	1.3157
0.3387	1.1410
0.3164	1.3040
0.1648	1.4627
0.1490	1.3572
0.3291	1.3347
0.3385	1.1325
0.3160	1.3140
0.1650	1.4863
0.1492	1.3893
0.3289	1.3298
0.3378	1.1115
0.3165	1.3190
0.1652	1.4770
0.1492	1.3570
0.3286	1.3143
0.3365	1.0808
0.3166	1.3100
0.1651	1.5050
0.1493	1.3708
0.3292	1.3417
0.3356	1.1227
0.3164	1.3105
0.1650	1.4765
0.1495	1.3652
0.3293	1.3360
0.3350	1.1088
0.3169	1.3012
0.1652	1.5307
0.1495	1.4142
0.3292	1.3172
0.3337	1.1070
0.3158	1.3020
0.1652	1.5185
0.1499	1.3665
0.3301	1.3440
0.3325	1.1153
0.3159	1.2930
0.1654	1.4935
0.1500	1.4050
0.3296	1.3353
0.3317	1.1302
0.3154	1.2987
0.1657	1.5210
0.1500	1.3847
0.3298	1.2822
0.3307	1.1623
0.3145	1.3043
0.1656	1.5312
0.1503	1.4133
0.3298	1.2753
0.3305	1.1735
0.3142	1.2952
0.1660	1.4680
0.1504	1.4328
0.3295	1.2608
0.3290	1.1912
0.3288	1.2185
0.3147	1.3157
0.1659	1.4497
0.1503	1.3692
0.3298	1.2437
0.3284	1.2355
0.3142	1.3100
0.1661	1.4515
0.1505	1.3430
0.3295	1.2460
0.3277	1.2255
0.3149	1.3230
0.1664	1.3690
0.1503	1.3747
0.3288	1.2690
0.3272	1.2547
0.3142	1.3245
0.1665	1.4148
0.1506	1.3155
0.3287	1.2635
0.3277	1.2693
0.3141	1.3392
0.1664	1.3835
0.1506	1.3310
0.3284	1.2628
0.3274	1.2695
0.3147	1.3487
0.1663	1.3908
0.1505	1.3633
0.3286	1.2258
0.3270	1.2860
0.3152	1.3633
0.1665	1.4040
0.1505	1.3175
0.3282	1.2357
0.3276	1.2727
0.3144	1.3775
0.1662	1.3960
0.1507	1.3545
0.3286	1.1940
0.3270	1.2877
0.3147	1.3675
0.1664	1.4315
0.1506	1.3307
0.3284	1.1907
0.3266	1.3030
0.3143	1.3865
0.1667	1.4513
0.1507	1.3135
0.3278	1.1958
0.3262	1.2937
0.3145	1.3855
0.1669	1.4463
0.1507	1.3035
0.3271	1.1828
0.3259	1.3110
0.3151	1.4255
0.1670	1.4715
0.1506	1.3290
0.3268	1.1860
0.3251	1.3190
0.3154	1.4270
0.1675	1.4780
0.1507	1.2750
0.3249	1.1840
0.3241	1.3097
0.3150	1.4353
0.1678	1.4468
0.1508	1.2878
0.3249	1.1988
0.3245	1.3095
0.3156	1.4410
0.1678	1.4788
0.1507	1.2930
0.3244	1.1907
0.3242	1.3245
0.3163	1.4308
0.1678	1.4813
0.1506	1.2845
0.3242	1.2657
0.3236	1.3000
0.3171	1.4263
0.1681	1.4455
0.1506	1.3305
0.3232	1.2352
0.3242	1.2897
0.3175	1.4238
0.1679	1.4518
0.1505	1.3250
0.3234	1.2955
0.3241	1.3032
0.3176	1.4227
0.1678	1.4290
0.1505	1.3343
0.3234	1.2750
0.3230	1.2782
0.3173	1.4140
0.1683	1.4515
0.1506	1.3395
0.3225	1.2603
0.3229	1.2820
0.3174	1.4040
0.1681	1.4535
0.1506	1.3713
0.3236	1.2087
0.3228	1.2645
0.3170	1.3800
0.1682	1.4577
0.1507	1.4032
0.3228	1.2173
0.3217	1.2605
0.3174	1.3855
0.1684	1.4672
0.1509	1.4128
0.3222	1.1918
0.3215	1.2587
0.3167	1.3812
0.1687	1.5045
0.1509	1.4077
0.3218	1.1733
0.3209	1.2733
0.3171	1.3903
0.1689	1.4400
0.1509	1.3860
0.3212	1.2087
0.3206	1.2533
0.3170	1.3815
0.1692	1.4417
0.1510	1.4023
0.3202	1.1433
0.3196	1.2807
0.3167	1.3815
0.1694	1.4752
0.1512	1.3758
0.3198	1.1720
0.3199	1.2957
0.3169	1.3750
0.1694	1.4225
0.1512	1.3752
0.3194	1.1730
0.3190	1.2820
0.3171	1.3665
0.1697	1.4067
0.1512	1.3620
0.3191	1.1762
0.3196	1.2967
0.3174	1.3323
0.1696	1.3845
0.1511	1.3618
0.3188	1.1612
0.3190	1.2887
0.3170	1.3227
0.1698	1.3535
0.1512	1.3655
0.3187	1.1883
0.3188	1.2895
0.3172	1.2845
0.1699	1.3205
0.1512	1.3253
0.3185	1.1498
0.3191	1.2957
0.3174	1.2720
0.1698	1.3603
0.1512	1.3437
0.3181	1.1653
0.3189	1.3068
0.3168	1.2405
0.1700	1.3418
0.1513	1.3450
0.3179	1.1773
0.3191	1.2738
0.3165	1.2357
0.1702	1.3472
0.1512	1.3413
0.3177	1.1535
0.3193	1.2700
0.3161	1.2167
0.1701	1.3550
0.1513	1.3307
0.3175	1.1705
0.3189	1.2807
0.3159	1.2167
0.1704	1.3343
0.1513	1.3180
0.3171	1.1810
0.3186	1.2770
0.3155	1.1878
0.1706	1.3445
0.1514	1.2873
0.3172	1.1672
0.3183	1.2890
0.3150	1.1980
0.1706	1.3698
0.1514	1.2758
0.3178	1.1967
0.3181	1.2730
0.3153	1.2175
0.1707	1.3773
0.1514	1.2628
0.3171	1.2390
0.3173	1.2780
0.3147	1.1987
0.1708	1.3975
0.1515	1.2407
0.3178	1.2395
0.3178	1.2825
0.3151	1.2180
0.1708	1.4015
0.1513	1.2443
0.3177	1.2662
0.3177	1.2728
0.3154	1.1967
0.1709	1.3602
0.1513	1.2343
0.3177	1.2467
0.3173	1.2630
0.3153	1.2255
0.1710	1.3577
0.1512	1.2278
0.3179	1.2343
0.3170	1.2722
0.3156	1.1945
0.1710	1.3735
0.1512	1.2148
0.3181	1.2295
0.3169	1.2667
0.3153	1.2140
0.1711	1.3548
0.1512	1.1885
0.3183	1.2285
0.3165	1.2470
0.3153	1.2045
0.1712	1.3630
0.1512	1.2285
0.3180	1.2043
0.3168	1.2457
0.3147	1.2450
0.1712	1.3695
0.1512	1.2252
0.3183	1.2100
0.3164	1.2243
0.3150	1.2450
0.1714	1.3503
0.1512	1.2285
0.3180	1.2020
0.3160	1.2405
0.3149	1.2702
0.1716	1.3638
0.1512	1.2417
0.3178	1.1808
0.3155	1.2443
0.3152	1.2975
0.1716	1.3510
0.1511	1.2165
0.3181	1.2010
0.3154	1.2492
0.3147	1.2890
0.1717	1.3280
0.1513	1.2365
0.3177	1.2190
0.3152	1.2490
0.3158	1.3445
0.1718	1.3465
0.1512	1.2232
0.3170	1.2060
0.3148	1.2585
0.3156	1.3348
0.1719	1.3322
0.1512	1.2115
0.3170	1.2087
0.3146	1.2683
0.3161	1.3308
0.1720	1.2970
0.1512	1.2112
0.3163	1.2270
0.3147	1.2880
0.3169	1.3660
0.1720	1.2770
0.1510	1.2462
0.3163	1.2215
0.3150	1.3070
0.3164	1.3765
0.1719	1.2480
0.1511	1.2283
0.3166	1.2155
0.3149	1.3077
0.3171	1.3577
0.1720	1.2335
0.1511	1.2585
0.3155	1.2322
0.3149	1.3225
0.3174	1.3617
0.1721	1.2308
0.1510	1.2492
0.3155	1.2425
0.3155	1.3133
0.3172	1.3545
0.1720	1.2002
0.1509	1.2460
0.3158	1.2470
0.3158	1.3238
0.3176	1.3633
0.1719	1.1882
0.1510	1.2963
0.3152	1.2495
0.3166	1.3098
0.3176	1.3935
0.1719	1.1930
0.1509	1.2912
0.3145	1.2477
0.3167	1.3200
0.3178	1.3625
0.1718	1.1788
0.1510	1.2913
0.3145	1.2985
0.3166	1.3107
0.3179	1.3770
0.1718	1.1805
0.1509	1.3010
0.3147	1.3030
0.3168	1.3112
0.3183	1.4000
0.1718	1.2080
0.1509	1.3010
0.3142	1.3045
0.3175	1.3115
0.3183	1.3878
0.1716	1.2013
0.1509	1.2803
0.3141	1.3030
0.3173	1.3083
0.3184	1.4375
0.1715	1.2168
0.1510	1.2852
0.3137	1.3108
0.3177	1.3218
0.3186	1.4165
0.1713	1.2310
0.1510	1.2675
0.3142	1.2967
0.3175	1.3275
0.3190	1.4410
0.1714	1.2167
0.1509	1.2668
0.3140	1.2753
0.3175	1.3330
0.3192	1.4637
0.1714	1.2263
0.1509	1.2845
0.3139	1.2748
0.3180	1.3372
0.3198	1.4548
0.1713	1.2500
0.1508	1.2540
0.3135	1.2655
0.3185	1.3453
0.3207	1.4657
0.1714	1.2430
0.1508	1.2435
0.3120	1.2555
0.3185	1.3310
0.3208	1.4820
0.1714	1.2688
0.1507	1.2383
0.3121	1.2327
0.3189	1.3455
0.3214	1.5087
0.1715	1.2852
0.1506	1.2783
0.3114	1.2195
0.3190	1.3260
0.3220	1.5323
0.1715	1.2563
0.1507	1.2780
0.3105	1.2277
0.3192	1.3115
0.3224	1.5610
0.1715	1.2967
0.1505	1.2787
0.3104	1.2367
0.3194	1.2913
0.3230	1.5227
0.1715	1.2910
0.1506	1.2683
0.3096	1.2410
0.3094	1.2393
0.3190	1.2970
0.3236	1.5253
0.1715	1.2830
0.1505	1.2835
0.3084	1.2517
0.3187	1.2528
0.3237	1.5338
0.1717	1.2835
0.1506	1.2933
0.3080	1.2482
0.3189	1.2620
0.3245	1.5160
0.1716	1.2827
0.1506	1.2785
0.3073	1.2502
0.3183	1.2578
0.3256	1.5088
0.1717	1.2850
0.1507	1.3035
0.3066	1.2410
0.3185	1.2500
0.3261	1.5305
0.1717	1.2830
0.1507	1.2985
0.3066	1.2485
0.3188	1.2690
0.3258	1.5063
0.1717	1.2607
0.1506	1.3037
0.3060	1.2492
0.3182	1.2695
0.3265	1.4902
0.1716	1.2470
0.1508	1.2688
0.3054	1.2555
0.3185	1.2843
0.3270	1.4897
0.1717	1.2645
0.1507	1.2685
0.3055	1.2617
0.3187	1.2930
0.3267	1.5112
0.1717	1.2433
0.1507	1.2832
0.3042	1.2917
0.3187	1.2992
0.3279	1.4945
0.1717	1.2565
0.1508	1.2735
0.3045	1.3165
0.3191	1.2903
0.3279	1.5453
0.1716	1.2700
0.1507	1.2783
0.3039	1.3315
0.3192	1.3190
0.3284	1.5285
0.1717	1.2493
0.1506	1.2582
0.3036	1.3610
0.3194	1.3385
0.3292	1.5072
0.1716	1.2700
0.1506	1.2680
0.3026	1.3510
0.3193	1.3195
0.3306	1.5673
0.1716	1.2560
0.1506	1.2580
0.3029	1.3795
0.3193	1.3345
0.3308	1.5152
0.1715	1.2670
0.1506	1.2378
0.3024	1.3547
0.3192	1.3278
0.3316	1.5978
0.1714	1.2975
0.1506	1.2623
0.3024	1.3590
0.3196	1.3430
0.3323	1.5560
0.1712	1.2805
0.1505	1.2615
0.3027	1.3432
0.3199	1.3540
0.3322	1.5710
0.1712	1.2783
0.1504	1.2710
0.3015	1.3280
0.3200	1.3605
0.3335	1.5207
0.1711	1.2652
0.1505	1.2605
0.3017	1.3077
0.3201	1.4218
0.3340	1.5447
0.1711	1.2447
0.1503	1.2898
0.3001	1.2777
0.3197	1.4140
0.3353	1.5170
0.1713	1.2355
0.1504	1.2843
0.3003	1.2663
0.3205	1.4530
0.3349	1.5353
0.1713	1.2807
0.1503	1.2990
0.2995	1.2370
0.3209	1.4235
0.3359	1.5695
0.1712	1.2455
0.1502	1.2938
0.2991	1.2463
0.3212	1.4295
0.3363	1.5577
0.1712	1.2605
0.1502	1.3057
0.2986	1.2370
0.3230	1.4078
0.3365	1.5545
0.1711	1.2555
0.1500	1.3187
0.2981	1.2370
0.3229	1.4305
0.3368	1.5277
0.1711	1.2305
0.1500	1.2835
0.2975	1.2378
0.3232	1.3928
0.3376	1.5375
0.1712	1.2613
0.1498	1.2785
0.2967	1.2485
0.3236	1.3800
0.3384	1.5200
0.1712	1.2683
0.1498	1.2795
0.2959	1.2297
0.3235	1.3738
0.3392	1.4873
0.1712	1.2882
0.1499	1.2843
0.2960	1.2205
0.3232	1.3285
0.3394	1.4902
0.1712	1.3362
0.1499	1.2548
0.2949	1.2217
0.3239	1.3435
0.3409	1.4657
0.1712	1.3302
0.1497	1.2458
0.2950	1.2140
0.3232	1.3530
0.3408	1.4650
0.1714	1.3000
0.1497	1.2348
0.2947	1.2143
0.3232	1.3705
0.3414	1.4558
0.1714	1.3357
0.1497	1.2350
0.2946	1.2105
0.3230	1.4088
0.3410	1.4493
0.1715	1.3305
0.1498	1.2325
0.2938	1.2068
0.3228	1.4605
0.3419	1.4663
0.1718	1.3345
0.1496	1.2450
0.2938	1.2217
0.3232	1.4575
0.3419	1.4520
0.1718	1.3417
0.1496	1.2853
0.2932	1.2222
0.3243	1.5192
0.3430	1.4662
0.1717	1.3033
0.1493	1.2800
0.2925	1.2030
0.3244	1.5403
0.3435	1.4502
0.1719	1.3310
0.1492	1.2655
0.2918	1.2172
0.3251	1.5803
0.3442	1.4780
0.1719	1.3257
0.1491	1.2662
0.2915	1.2173
0.3259	1.6078
0.3445	1.4775
0.1719	1.3085
0.1490	1.2755
0.2910	1.2118
0.3263	1.5920
0.3448	1.4880
0.1720	1.3085
0.1490	1.2550
0.2908	1.1873
0.3278	1.6000
0.3452	1.4865
0.1719	1.3183
0.1487	1.2555
0.2904	1.2062
0.3277	1.5975
0.3458	1.4595
0.1721	1.2910
0.1485	1.2248
0.2901	1.1972
0.3284	1.5960
0.3460	1.4792
0.1722	1.2925
0.1484	1.2245
0.2894	1.1858
0.3292	1.5720
0.3467	1.4705
0.1723	1.2985
0.1482	1.1830
0.2891	1.1855
0.3292	1.5810
0.3474	1.4493
0.1724	1.2860
0.1481	1.1623
0.2881	1.1895
0.3304	1.5793
0.3485	1.4985
0.1725	1.3140
0.1478	1.1802
0.2883	1.2085
0.3309	1.6092
0.3491	1.5235
0.1724	1.2980
0.1476	1.1900
0.2871	1.2230
0.3316	1.5562
0.3504	1.5205
0.1725	1.2973
0.1475	1.1883
0.2868	1.2233
0.3318	1.5542
0.3515	1.5280
0.1726	1.2633
0.1473	1.1987
0.2866	1.2282
0.3327	1.6055
0.3517	1.5523
0.1725	1.2780
0.1471	1.2278
0.2857	1.2530
0.3336	1.5477
0.3530	1.5468
0.1726	1.3100
0.1469	1.2420
0.2852	1.2438
0.3345	1.5535
0.3539	1.5722
0.1727	1.3088
0.1467	1.2675
0.2852	1.2235
0.3341	1.5162
0.3541	1.5623
0.1726	1.3108
0.1468	1.2582
0.2844	1.2250
0.3356	1.5510
0.3548	1.5968
0.1725	1.3125
0.1466	1.2683
0.2838	1.2252
0.3365	1.4923
0.3554	1.6167
0.1727	1.3265
0.1464	1.2972
0.2833	1.2065
0.3356	1.4755
0.3560	1.6235
0.1729	1.3172
0.1465	1.2697
0.2829	1.1975
0.3364	1.4060
0.3567	1.5950
0.1728	1.3040
0.1464	1.2392
0.2816	1.1932
0.3362	1.4682
0.3580	1.5955
0.1730	1.3100
0.1464	1.2300
0.2808	1.2082
0.3371	1.4653
0.3598	1.6058
0.1731	1.3210
0.1461	1.2197
0.2803	1.2380
0.3364	1.4350
0.3598	1.5850
0.1732	1.3163
0.1463	1.2187
0.2790	1.2575
0.3371	1.4803
0.3620	1.5745
0.1733	1.2640
0.1461	1.1962
0.2789	1.2480
0.3368	1.4650
0.3631	1.5658
0.1733	1.2862
0.1460	1.2172
0.2788	1.2870
0.3377	1.5280
0.3635	1.5448
0.1733	1.2973
0.1458	1.2188
0.2781	1.3160
0.3389	1.4870
0.3648	1.4990
0.1732	1.2980
0.1456	1.2430
0.2783	1.3260
0.3392	1.5670
0.3649	1.4675
0.1731	1.3057
0.1455	1.2098
0.2783	1.3257
0.3406	1.5487
0.3659	1.4375
0.1729	1.2955
0.1453	1.2480
0.2779	1.3160
0.3405	1.5938
0.3658	1.4553
0.1730	1.3033
0.1453	1.2455
0.2776	1.3303
0.3415	1.5997
0.3665	1.4382
0.1731	1.2877
0.1451	1.2490
0.2779	1.3253
0.3415	1.5930
0.3665	1.3868
0.1730	1.3155
0.1450	1.2482
0.2781	1.3153
0.3425	1.6070
0.3666	1.4060
0.1730	1.3148
0.1448	1.2335
0.2773	1.3250
0.3430	1.5880
0.3670	1.3485
0.1731	1.3325
0.1448	1.2145
0.2767	1.3542
0.3435	1.6427
0.3687	1.3298
0.1732	1.3240
0.1445	1.2080
0.2771	1.3933
0.3449	1.6537
0.3686	1.3167
0.1731	1.3090
0.1443	1.2190
0.2772	1.3545
0.3454	1.6760
0.3685	1.3430
0.1732	1.3065
0.1441	1.2258
0.2769	1.3545
0.3461	1.6628
0.3696	1.3498
0.1731	1.2748
0.1439	1.2352
0.2780	1.3840
0.3466	1.7015
0.3695	1.3267
0.1729	1.2993
0.1437	1.2108
0.2783	1.3940
0.3480	1.6715
0.3691	1.3085
0.1729	1.2977
0.1435	1.2480
0.2788	1.3848
0.3498	1.6308
0.3692	1.3175
0.1726	1.3095
0.1433	1.2660
0.2781	1.3750
0.3503	1.6195
0.3697	1.3270
0.1727	1.2993
0.1432	1.2630
0.2781	1.3855
0.3518	1.6145
0.3697	1.3005
0.1726	1.3298
0.1430	1.2890
0.2782	1.3488
0.3527	1.6055
0.3702	1.3345
0.1726	1.3322
0.1428	1.3117
0.2781	1.3370
0.3525	1.5338
0.3703	1.3492
0.1726	1.3502
0.1428	1.2807
0.2782	1.3078
0.3527	1.4703
0.3700	1.3292
0.1726	1.3248
0.1428	1.2577
0.2779	1.3667
0.3532	1.4622
0.3703	1.2845
0.1727	1.3437
0.1427	1.2697
0.2782	1.3502
0.3530	1.4308
0.3699	1.2695
0.1728	1.3383
0.1426	1.2505
0.2782	1.3672
0.3533	1.4250
0.3701	1.2695
0.1728	1.3273
0.1425	1.2453
0.2781	1.3623
0.3525	1.4660
0.3710	1.2682
0.1729	1.3238
0.1425	1.2475
0.2784	1.3722
0.3534	1.4887
0.3711	1.2692
0.1727	1.3203
0.1424	1.2225
0.2794	1.3382
0.3533	1.4812
0.3701	1.2545
0.1726	1.3207
0.1424	1.2210
0.2794	1.3285
0.3541	1.5100
0.3703	1.2783
0.1725	1.3013
0.1423	1.1930
0.2797	1.3167
0.3552	1.5280
0.3709	1.2942
0.1724	1.3015
0.1420	1.1873
0.2795	1.2900
0.3561	1.5945
0.3709	1.2845
0.1724	1.2790
0.1419	1.2010
0.2798	1.2465
0.3570	1.6075
0.3713	1.2848
0.1723	1.3090
0.1417	1.2097
0.2792	1.1790
0.3572	1.6357
0.3712	1.2798
0.1726	1.3082
0.1416	1.1525
0.2790	1.1767
0.3583	1.6530
0.3722	1.2997
0.1726	1.3128
0.1413	1.1475
0.2785	1.1640
0.3590	1.6167
0.3731	1.2900
0.1728	1.3435
0.1411	1.1592
0.2782	1.1462
0.3606	1.6100
0.3733	1.3055
0.1729	1.3502
0.1409	1.1378
0.2778	1.1533
0.3610	1.5740
0.3732	1.3040
0.1731	1.3572
0.1408	1.1360
0.2778	1.1577
0.3616	1.6115
0.3737	1.3137
0.1734	1.3485
0.1404	1.1285
0.2775	1.1908
0.3629	1.5693
0.3745	1.2887
0.1733	1.3528
0.1403	1.1555
0.2777	1.1942
0.3622	1.5745
0.3745	1.2835
0.1734	1.3578
0.1402	1.1675
0.2771	1.2207
0.3628	1.5468
0.3756	1.3030
0.1736	1.3615
0.1400	1.1562
0.2774	1.2102
0.3626	1.5405
0.3760	1.2922
0.1735	1.3675
0.1400	1.1105
0.2768	1.2522
0.3641	1.4577
0.3764	1.3267
0.1737	1.3260
0.1397	1.1730
0.2775	1.2800
0.3639	1.4810
0.3760	1.3160
0.1736	1.3212
0.1397	1.1662
0.2771	1.2930
0.3647	1.4630
0.3764	1.3285
0.1737	1.3200
0.1395	1.1642
0.2769	1.3140
0.3654	1.4217
0.3775	1.3107
0.1737	1.3142
0.1393	1.1583
0.2766	1.2890
0.3655	1.4323
0.3784	1.3308
0.1740	1.2988
0.1391	1.1732
0.2767	1.3713
0.3651	1.3780
0.3780	1.3210
0.1738	1.2965
0.1393	1.1592
0.2769	1.3760
0.3671	1.4040
0.3787	1.3308
0.1735	1.2552
0.1390	1.1460
0.2772	1.3953
0.3660	1.3610
0.3791	1.3347
0.1736	1.2452
0.1390	1.1308
0.2771	1.4090
0.3657	1.3450
0.3799	1.3112
0.1736	1.2435
0.1390	1.1153
0.2768	1.4730
0.3661	1.3235
0.3805	1.2955
0.1736	1.2050
0.1390	1.1860
0.2776	1.4667
0.3663	1.3685
0.3810	1.2867
0.1733	1.2502
0.1389	1.1397
0.2782	1.4442
0.3679	1.3120
0.3813	1.3067
0.1729	1.2527
0.1387	1.1568
0.2781	1.4397
0.3678	1.3023
0.3822	1.2892
0.1728	1.2283
0.1386	1.1678
0.2784	1.4423
0.3682	1.3095
0.3831	1.3035
0.1727	1.2140
0.1385	1.1440
0.2793	1.4500
0.3687	1.2935
0.3815	1.2477
0.1724	1.2272
0.1386	1.1468
0.2795	1.4340
0.3683	1.3128
0.3822	1.2928
0.1725	1.2345
0.1384	1.1278
0.2791	1.3967
0.3687	1.2815
0.3831	1.2580
0.1724	1.2458
0.1384	1.1205
0.2795	1.4075
0.3680	1.2835
0.3827	1.2193
0.1723	1.2485
0.1385	1.0967
0.2793	1.4400
0.3683	1.2658
0.3846	1.2230
0.1723	1.2472
0.1383	1.1287
0.2799	1.4383
0.3679	1.2522
0.3835	1.2240
0.1722	1.2745
0.1384	1.1035
0.2798	1.4583
0.3684	1.2255
0.3859	1.2272
0.1721	1.2385
0.1381	1.0818
0.2804	1.4828
0.3689	1.2513
0.3853	1.1973
0.1720	1.2160
0.1381	1.0805
0.2810	1.5275
0.3688	1.2432
0.3858	1.1965
0.1719	1.2230
0.1379	1.0470
0.2818	1.5635
0.3687	1.2513
0.3859	1.1702
0.1716	1.2317
0.1379	1.1225
0.2827	1.5613
0.3681	1.2595
0.3851	1.1955
0.1714	1.2290
0.1380	1.0787
0.2831	1.5535
0.3679	1.2358
0.3865	1.1492
0.1712	1.1990
0.1379	1.1282
0.2836	1.5748
0.3697	1.2308
0.3865	1.1643
0.1708	1.2295
0.1378	1.1362
0.2848	1.6268
0.3685	1.2458
0.3871	1.1788
0.1705	1.1972
0.1378	1.1743
0.2855	1.5790
0.3688	1.2457
0.3860	1.1587
0.1703	1.2355
0.1379	1.1472
0.2858	1.6152
0.3688	1.2557
0.3869	1.1682
0.1703	1.2228
0.1377	1.1380
0.2862	1.6168
0.3694	1.2953
0.3865	1.1388
0.1700	1.1765
0.1377	1.1660
0.2870	1.6680
0.3689	1.2557
0.3861	1.1420
0.1700	1.2507
0.1377	1.1760
0.2883	1.6490
0.3701	1.3000
0.3860	1.1195
0.1694	1.2178
0.1377	1.1793
0.2887	1.6530
0.3690	1.3048
0.3862	1.1295
0.1696	1.2078
0.1376	1.1400
0.2900	1.7215
0.3690	1.2942
0.3860	1.1300
0.1691	1.1418
0.1376	1.1858
0.2910	1.7058
0.3712	1.2912
0.3857	1.1408
0.1687	1.1652
0.1374	1.1763
0.2923	1.6740
0.3698	1.2840
0.3855	1.1262
0.1684	1.0982
0.1375	1.1735
0.2937	1.6327
0.3708	1.2787
0.3853	1.1468
0.1681	1.1295
0.1373	1.1800
0.2943	1.6425
0.3714	1.2935
0.3857	1.1633
0.1678	1.0688
0.1372	1.1860
0.2958	1.6040
0.3730	1.3027
0.3853	1.1925
0.1670	1.0510
0.1373	1.2140
0.2958	1.6115
0.3728	1.2827
0.3854	1.2225
0.1670	1.0907
0.1373	1.2200
0.2963	1.5892
0.3740	1.3120
0.3847	1.2153
0.1667	1.0363
0.1373	1.2350
0.2966	1.5813
0.3742	1.3118
0.3850	1.2520
0.1666	1.0255
0.1373	1.2400
0.2969	1.5575
0.3752	1.2867
0.3856	1.2315
0.1663	1.0290
0.1372	1.2070
0.2971	1.5248
0.3760	1.3017
0.3853	1.2018
0.1660	1.0800
0.1372	1.1932
0.2977	1.5620
0.3765	1.3015
0.3858	1.1910
0.1657	1.0530
0.1372	1.1890
0.2988	1.5660
0.3775	1.3115
0.3849	1.2045
0.1653	1.0875
0.1372	1.2103
0.2994	1.5960
0.3788	1.3117
0.3857	1.1930
0.1650	1.0745
0.1370	1.1728
0.3001	1.5985
0.3787	1.3230
0.3864	1.1757
0.1649	1.0887
0.1369	1.2085
0.3015	1.6320
0.3792	1.2898
0.3855	1.1705
0.1646	1.1128
0.1369	1.1883
0.3024	1.5637
0.3799	1.3025
0.3855	1.1492
0.1642	1.1167
0.1369	1.1958
0.3028	1.5870
0.3804	1.2833
0.3846	1.1625
0.1641	1.1225
0.1369	1.1813
0.3038	1.5877
0.3810	1.2815
0.3856	1.1425
0.1637	1.1240
0.1368	1.2007
0.3045	1.6065
0.3819	1.3055
0.3846	1.1427
0.1636	1.1110
0.1367	1.2328
0.3055	1.6047
0.3811	1.2843
0.3848	1.1917
0.1632	1.1433
0.1368	1.2305
0.3053	1.5820
0.3819	1.3020
0.3844	1.1792
0.1633	1.1535
0.1368	1.2418
0.3066	1.6320
0.3822	1.2957
0.3844	1.1975
0.1628	1.1120
0.1368	1.2227
0.3076	1.6057
0.3834	1.3010
0.3840	1.1640
0.1625	1.1460
0.1367	1.2538
0.3087	1.6122
0.3844	1.2725
0.3837	1.1837
0.1622	1.1095
0.1367	1.2328
0.3092	1.5328
0.3833	1.3055
0.3844	1.1695
0.1621	1.1035
0.1367	1.2208
0.3100	1.5800
0.3842	1.2728
0.3836	1.1837
0.1619	1.0985
0.1367	1.1990
0.3110	1.5335
0.3858	1.2915
0.3838	1.1865
0.1613	1.1070
0.1367	1.2222
0.3122	1.5110
0.3855	1.2583
0.3829	1.1918
0.1613	1.1022
0.1366	1.2280
0.3127	1.4915
0.3867	1.2338
0.3832	1.2170
0.1609	1.1115
0.1366	1.2405
0.3124	1.4858
0.3870	1.2640
0.3833	1.1925
0.1610	1.0878
0.1365	1.2560
0.3128	1.4863
0.3870	1.2488
0.3840	1.2200
0.1608	1.0898
0.1365	1.2645
0.3133	1.4882
0.3876	1.2513
0.3833	1.1870
0.1606	1.1188
0.1365	1.2883
0.3138	1.4980
0.3881	1.2450
0.3829	1.2360
0.1604	1.0960
0.1366	1.2885
0.3140	1.5112
0.3880	1.2415
0.3831	1.2210
0.1602	1.0998
0.1367	1.2887
0.3150	1.5695
0.3886	1.2513
0.3825	1.2240
0.1600	1.1190
0.1366	1.3040
0.3152	1.5477
0.3890	1.2905
0.3823	1.2155
0.1598	1.0770
0.1367	1.3280
0.3169	1.5585
0.3898	1.2703
0.3809	1.2030
0.1594	1.1000
0.1368	1.2830
0.3174	1.5492
0.3900	1.2705
0.3814	1.2122
0.1592	1.0907
0.1367	1.2690
0.3185	1.5540
0.3910	1.2955
0.3812	1.2115
0.1588	1.1280
0.1368	1.2780
0.3193	1.5575
0.3911	1.2810
0.3809	1.2062
0.1587	1.1067
0.1367	1.2458
0.3195	1.5377
0.3935	1.2910
0.3807	1.2115
0.1584	1.1113
0.1366	1.2320
0.3204	1.5322
0.3928	1.2867
0.3810	1.2433
0.1583	1.1282
0.1366	1.2127
0.3206	1.5325
0.3935	1.2955
0.3812	1.2343
0.1580	1.1030
0.1366	1.2130
0.3209	1.5505
0.3931	1.3198
0.3811	1.2460
0.1581	1.1378
0.1366	1.2090
0.3221	1.5150
0.3939	1.3035
0.3813	1.2372
0.1577	1.1225
0.1365	1.2195
0.3218	1.5540
0.3945	1.2862
0.3817	1.2485
0.1577	1.1945
0.1365	1.2335
0.3228	1.5510
0.3947	1.3148
0.3818	1.2518
0.1574	1.1597
0.1365	1.2362
0.3236	1.5490
0.3960	1.3448
0.3820	1.2432
0.1571	1.1813
0.1364	1.2480
