#rho	velocity
0.5127	1.2625
0.5660	0.9625
0.5183	1.0220
0.5171	1.1980
0.5908	1.1297
0.7398	0.9377
0.5941	0.9525
0.4624	1.0817
0.5710	0.9700
0.6873	0.9475
0.6916	0.9657
0.6168	0.9677
0.5524	0.9727
0.4971	1.0975
0.4379	1.2782
0.5147	1.2675
0.5634	0.9600
0.5173	1.0400
0.5196	1.1940
0.5929	1.1225
0.7368	0.9393
0.5939	0.9735
0.4635	1.1003
0.5710	0.9800
0.6872	0.9475
0.6917	0.9655
0.6150	0.9700
0.5493	0.9757
0.4958	1.1025
0.4400	1.2838
0.5167	1.2700
0.5610	0.9600
0.5168	1.0537
0.5218	1.1928
0.5942	1.1132
0.7337	0.9385
0.5939	0.9945
0.4647	1.1183
0.5712	0.9900
0.6865	0.9475
0.6917	0.9663
0.6135	0.9730
0.5461	0.9837
0.4944	1.1057
0.4421	1.2920
0.5187	1.2750
0.5586	0.9625
0.5162	1.0670
0.5241	1.1900
0.5956	1.1103
0.7305	0.9413
0.5941	1.0140
0.4658	1.1300
0.5715	1.0000
0.6864	0.9475
0.6911	0.9682
0.6117	0.9725
0.5431	0.9882
0.4930	1.1098
0.4444	1.2960
0.5204	1.2800
0.5563	0.9625
0.5161	1.0805
0.5263	1.1872
0.5965	1.1030
0.7271	0.9455
0.5944	1.0335
0.4672	1.1380
0.5720	1.0100
0.6859	0.9500
0.6908	0.9640
0.6100	0.9797
0.5400	0.9955
0.4918	1.1150
0.4465	1.2980
0.5221	1.2825
0.5539	0.9650
0.5160	1.0915
0.5287	1.1875
0.5971	1.0995
0.7231	0.9510
0.5946	1.0505
0.4688	1.1485
0.5725	1.0200
0.6854	0.9610
0.6903	0.9645
0.6083	0.9783
0.5371	1.0045
0.4905	1.1193
0.4489	1.3000
0.5238	1.2850
0.5518	0.9675
0.5159	1.1048
0.5308	1.1878
0.5976	1.0973
0.7197	0.9563
0.5951	1.0648
0.4703	1.1550
0.5731	1.0300
0.6849	0.9722
0.6897	0.9645
0.6066	0.9832
0.5342	1.0113
0.4891	1.1225
0.4511	1.2962
0.5255	1.2900
0.5495	0.9700
0.5161	1.1130
0.5330	1.1845
0.5978	1.0952
0.7165	0.9632
0.5956	1.0832
0.4717	1.1605
0.5740	1.0425
0.6844	0.9865
0.6887	0.9633
0.6049	0.9835
0.5316	1.0205
0.4878	1.1263
0.4534	1.2962
0.5271	1.2925
0.5473	0.9750
0.5164	1.1237
0.5350	1.1850
0.5977	1.0950
0.7130	0.9750
0.5961	1.0965
0.4729	1.1483
0.5749	1.0525
0.6849	0.9983
0.6879	0.9605
0.6030	0.9853
0.5290	1.0292
0.4865	1.1332
0.4556	1.2905
0.5286	1.2950
0.5452	0.9775
0.5166	1.1315
0.5371	1.1858
0.5979	1.0933
0.7098	0.9830
0.5966	1.1125
0.4739	1.1335
0.5759	1.0625
0.6854	1.0137
0.6867	0.9598
0.6014	0.9905
0.5268	1.0375
0.4853	1.1393
0.4577	1.2825
0.5301	1.2975
0.5433	0.9825
0.5170	1.1393
0.5389	1.1850
0.5973	1.0977
0.7068	0.9935
0.5972	1.1250
0.4749	1.1223
0.5773	1.0750
0.6862	1.0240
0.6854	0.9582
0.5995	0.9908
0.5244	1.0445
0.4840	1.1458
0.4599	1.2767
0.5314	1.3000
0.5413	0.9875
0.5176	1.1438
0.5407	1.1843
0.5970	1.1010
0.7055	1.0075
0.5977	1.1362
0.4755	1.1070
0.5786	1.0850
0.6866	1.0270
0.6838	0.9553
0.5976	0.9940
0.5225	1.0540
0.4829	1.1502
0.4619	1.2672
0.5330	1.3025
0.5394	0.9925
0.5180	1.1472
0.5425	1.1855
0.5962	1.1020
0.7044	1.0228
0.5987	1.1505
0.4757	1.0932
0.5799	1.1000
0.6871	1.0278
0.6824	0.9530
0.5958	0.9958
0.5206	1.0640
0.4817	1.1600
0.4639	1.2593
0.5344	1.3025
0.5375	1.0000
0.5183	1.1518
0.5441	1.1880
0.5958	1.1075
0.7035	1.0383
0.5991	1.1590
0.4761	1.0810
0.5818	1.1100
0.6875	1.0288
0.6806	0.9512
0.5938	0.9990
0.5188	1.0745
0.4807	1.1680
0.4658	1.2467
0.5359	1.3075
0.5358	1.0075
0.5187	1.1505
0.5454	1.1868
0.5952	1.1140
0.7031	1.0530
0.5998	1.1740
0.4765	1.0800
0.5836	1.1225
0.6880	1.0300
0.6786	0.9507
0.5919	1.0030
0.5173	1.0825
0.4795	1.1748
0.4676	1.2378
0.5374	1.3075
0.5340	1.0125
0.5190	1.1523
0.5467	1.1877
0.5944	1.1215
0.7028	1.0732
0.6002	1.1802
0.4769	1.0850
0.5858	1.1350
0.6884	1.0285
0.6764	0.9462
0.5898	1.0045
0.5161	1.0910
0.4786	1.1845
0.4692	1.2257
0.5387	1.3100
0.5324	1.0225
0.5194	1.1522
0.5477	1.1887
0.5937	1.1250
0.7025	1.0927
0.6008	1.1925
0.4773	1.0875
0.5880	1.1450
0.6890	1.0283
0.6740	0.9465
0.5876	1.0075
0.5151	1.1017
0.4777	1.1912
0.4706	1.2160
0.5405	1.3125
0.5310	1.0275
0.5195	1.1515
0.5486	1.1880
0.5928	1.1320
0.7028	1.1110
0.6014	1.2018
0.4777	1.0900
0.5904	1.1550
0.6891	1.0277
0.6717	0.9465
0.5855	1.0100
0.5141	1.1102
0.4768	1.2008
0.4720	1.2043
0.5419	1.3125
0.5294	1.0350
0.5196	1.1515
0.5493	1.1883
0.5921	1.1397
0.7033	1.1282
0.6020	1.2087
0.4783	1.0925
0.5929	1.1625
0.6894	1.0283
0.6692	0.9468
0.5833	1.0122
0.5134	1.1140
0.4761	1.2095
0.4732	1.1960
0.5436	1.3150
0.5281	1.0403
0.5198	1.1460
0.5498	1.1868
0.5911	1.1490
0.7041	1.1448
0.6026	1.2160
0.4788	1.0950
0.5955	1.1700
0.6895	1.0255
0.6665	0.9480
0.5811	1.0175
0.5127	1.1205
0.4753	1.2157
0.4744	1.1892
0.5453	1.3150
0.5267	1.0540
0.5197	1.1430
0.5500	1.1860
0.5903	1.1557
0.7051	1.1640
0.6031	1.2200
0.4794	1.0975
0.5981	1.1750
0.6897	1.0270
0.6639	0.9483
0.5788	1.0197
0.5123	1.1265
0.4745	1.2222
0.4754	1.1835
0.5469	1.3175
0.5254	1.0718
0.5197	1.1400
0.5503	1.1820
0.5896	1.1635
0.7064	1.1800
0.6036	1.2270
0.4798	1.1000
0.6010	1.1800
0.6899	1.0285
0.6614	0.9515
0.5764	1.0217
0.5118	1.1307
0.4740	1.2280
0.4764	1.1785
0.5487	1.3175
0.5242	1.0888
0.5193	1.1340
0.5502	1.1783
0.5890	1.1722
0.7075	1.1925
0.6041	1.2285
0.4805	1.1025
0.6038	1.1825
0.6898	1.0310
0.6587	0.9555
0.5742	1.0247
0.5115	1.1332
0.4732	1.2343
0.4773	1.1680
0.5507	1.3175
0.5237	1.1072
0.5188	1.1290
0.5499	1.1798
0.5883	1.1783
0.7094	1.2052
0.6047	1.2290
0.4810	1.1075
0.6066	1.1850
0.6898	1.0300
0.6560	0.9563
0.5720	1.0255
0.5111	1.1357
0.4726	1.2390
0.4778	1.1570
0.5526	1.3200
0.5233	1.1247
0.5184	1.1225
0.5494	1.1737
0.5876	1.1870
0.7113	1.2205
0.6054	1.2142
0.4815	1.1100
0.6094	1.1825
0.6900	1.0295
0.6535	0.9615
0.5696	1.0270
0.5109	1.1380
0.4721	1.2430
0.4781	1.1455
0.4780	1.1372
0.5546	1.3200
0.5231	1.1430
0.5177	1.1185
0.5490	1.1753
0.5872	1.1908
0.7131	1.2323
0.6059	1.1992
0.4821	1.1125
0.6121	1.1800
0.6901	1.0330
0.6511	0.9658
0.5673	1.0265
0.5109	1.1385
0.4715	1.2467
0.4777	1.1275
0.5568	1.3200
0.5227	1.1528
0.5171	1.1167
0.5484	1.1740
0.5868	1.2003
0.7150	1.2440
0.6064	1.1837
0.4829	1.1200
0.6150	1.1775
0.6901	1.0345
0.6484	0.9705
0.5649	1.0258
0.5112	1.1380
0.4710	1.2480
0.4773	1.1242
0.5589	1.3200
0.5227	1.1593
0.5162	1.1098
0.5475	1.1792
0.5877	1.2067
0.7176	1.2523
0.6059	1.1668
0.4835	1.1225
0.6174	1.1700
0.6902	1.0363
0.6463	0.9772
0.5624	1.0255
0.5114	1.1405
0.4705	1.2492
0.4771	1.1250
0.5612	1.3175
0.5225	1.1637
0.5154	1.1080
0.5468	1.1805
0.5884	1.2125
0.7197	1.2622
0.6055	1.1517
0.4842	1.1275
0.6198	1.1625
0.6904	1.0375
0.6440	0.9793
0.5601	1.0233
0.5116	1.1378
0.4700	1.2502
0.4767	1.1300
0.5633	1.3175
0.5225	1.1685
0.5144	1.1052
0.5457	1.1842
0.5894	1.2220
0.7221	1.2705
0.6051	1.1410
0.4850	1.1300
0.6222	1.1525
0.6907	1.0403
0.6419	0.9875
0.5578	1.0238
0.5117	1.1362
0.4694	1.2500
0.4765	1.1375
0.5657	1.3150
0.5222	1.1735
0.5132	1.1017
0.5450	1.1920
0.5904	1.2252
0.7246	1.2760
0.6051	1.1450
0.4856	1.1375
0.6241	1.1425
0.6911	1.0438
0.6398	0.9920
0.5554	1.0222
0.5117	1.1365
0.4689	1.2462
0.4762	1.1425
0.5678	1.3150
0.5222	1.1765
0.5122	1.1010
0.5441	1.1992
0.5914	1.2320
0.7271	1.2832
0.6051	1.1475
0.4863	1.1425
0.6261	1.1300
0.6914	1.0473
0.6379	1.0005
0.5530	1.0180
0.5116	1.1355
0.4685	1.2453
0.4759	1.1500
0.5702	1.3125
0.5219	1.1793
0.5109	1.0985
0.5433	1.2090
0.5924	1.2360
0.7297	1.2855
0.6055	1.1500
0.4872	1.1475
0.6277	1.1125
0.6917	1.0518
0.6362	1.0062
0.5508	1.0140
0.5115	1.1340
0.4680	1.2427
0.4757	1.1550
0.5726	1.3075
0.5217	1.1837
0.5097	1.0993
0.5425	1.2190
0.5933	1.2400
0.7321	1.2910
0.6061	1.1550
0.4880	1.1550
0.6290	1.1000
0.6922	1.0525
0.6345	1.0120
0.5485	1.0102
0.5114	1.1302
0.4675	1.2400
0.4755	1.1625
0.5750	1.3075
0.5212	1.1827
0.5085	1.0975
0.5418	1.2338
0.5943	1.2450
0.7346	1.2915
0.6068	1.1575
0.4887	1.1600
0.6299	1.0875
0.6932	1.0555
0.6330	1.0193
0.5462	1.0042
0.5112	1.1320
0.4669	1.2348
0.4754	1.1700
0.5772	1.3025
0.5209	1.1855
0.5072	1.0993
0.5412	1.2490
0.5955	1.2487
0.7368	1.2942
0.6079	1.1575
0.4895	1.1675
0.6306	1.0730
0.6943	1.0610
0.6315	1.0283
0.5439	0.9982
0.5108	1.1303
0.4664	1.2300
0.4752	1.1775
0.5794	1.3000
0.5203	1.1867
0.5059	1.1027
0.5408	1.2640
0.5964	1.2550
0.7392	1.2920
0.6092	1.1600
0.4905	1.1725
0.6310	1.0593
0.6951	1.0670
0.6303	1.0348
0.5416	0.9928
0.5104	1.1275
0.4660	1.2255
0.4753	1.1850
0.5817	1.2925
0.5194	1.1885
0.5046	1.1038
0.5407	1.2820
0.5976	1.2600
0.7412	1.2942
0.6103	1.1600
0.4913	1.1800
0.6315	1.0458
0.6964	1.0693
0.6289	1.0393
0.5393	0.9877
0.5100	1.1280
0.4654	1.2202
0.4752	1.1925
0.5838	1.2875
0.5184	1.1877
0.5032	1.1082
0.5406	1.2993
0.5989	1.2613
0.7434	1.2918
0.6118	1.1600
0.4923	1.1825
0.6313	1.0353
0.6977	1.0722
0.6280	1.0450
0.5371	0.9832
0.5095	1.1275
0.4648	1.2172
0.4753	1.2000
0.5858	1.2850
0.5175	1.1875
0.5019	1.1118
0.5408	1.3158
0.6001	1.2670
0.7452	1.2887
0.6136	1.1600
0.4930	1.1850
0.6310	1.0202
0.6994	1.0773
0.6271	1.0500
0.5349	0.9795
0.5088	1.1305
0.4643	1.2118
0.4754	1.2075
0.5877	1.2792
0.5162	1.1918
0.5006	1.1177
0.5411	1.3350
0.6014	1.2690
0.7471	1.2882
0.6153	1.1625
0.4941	1.1900
0.6305	1.0058
0.7011	1.0813
0.6260	1.0572
0.5326	0.9765
0.5082	1.1305
0.4638	1.2070
0.4756	1.2150
0.5894	1.2733
0.5149	1.1930
0.4995	1.1220
0.5417	1.3495
0.6027	1.2695
0.7489	1.2847
0.6173	1.1625
0.4949	1.1900
0.6298	0.9915
0.7030	1.0855
0.6250	1.0615
0.5304	0.9770
0.5075	1.1338
0.4633	1.2045
0.4757	1.2200
0.5912	1.2668
0.5134	1.1953
0.4981	1.1280
0.5424	1.3655
0.6041	1.2708
0.7507	1.2838
0.6198	1.1625
0.4957	1.1900
0.6287	0.9790
0.7047	1.0865
0.6240	1.0668
0.5283	0.9752
0.5068	1.1385
0.4628	1.2008
0.4760	1.2250
0.5928	1.2650
0.5118	1.1957
0.4970	1.1347
0.5434	1.3767
0.6053	1.2698
0.7522	1.2600
0.6222	1.1650
0.4966	1.1875
0.6274	0.9670
0.7067	1.0898
0.6232	1.0717
0.5262	0.9775
0.5060	1.1400
0.4623	1.1960
0.4762	1.2300
0.5943	1.2650
0.5102	1.2005
0.4959	1.1377
0.5445	1.3890
0.6067	1.2710
0.7540	1.2367
0.6248	1.1650
0.4974	1.1875
0.6257	0.9580
0.7085	1.0920
0.6224	1.0767
0.5243	0.9780
0.5053	1.1463
0.4619	1.1912
0.4764	1.2325
0.5955	1.2620
0.5085	1.2010
0.4948	1.1452
0.5456	1.3990
0.6080	1.2688
0.7557	1.2128
0.6277	1.1650
0.4981	1.1850
0.6241	0.9513
0.7105	1.0945
0.6215	1.0818
0.5223	0.9828
0.5046	1.1505
0.4614	1.1960
0.4767	1.2350
0.5969	1.2643
0.5067	1.2040
0.4939	1.1525
0.5480	1.4067
0.6091	1.2688
0.7553	1.1898
0.6307	1.1650
0.4989	1.1800
0.6222	0.9422
0.7123	1.0977
0.6207	1.0843
0.5205	0.9880
0.5039	1.1567
0.4609	1.2020
0.4602	1.2098
0.4769	1.2375
0.5984	1.2665
0.5051	1.2035
0.4929	1.1593
0.5508	1.4140
0.6105	1.2670
0.7544	1.1660
0.6335	1.1675
0.4996	1.1750
0.6205	0.9390
0.7144	1.1022
0.6196	1.0868
0.5187	0.9952
0.5032	1.1623
0.4600	1.2162
0.4772	1.2425
0.5995	1.2715
0.5032	1.2062
0.4920	1.1645
0.5536	1.4180
0.6118	1.2633
0.7539	1.1462
0.6366	1.1675
0.5002	1.1675
0.6185	0.9342
0.7160	1.1035
0.6187	1.0890
0.5167	1.0043
0.5027	1.1667
0.4596	1.2270
0.4774	1.2450
0.6008	1.2762
0.5014	1.2115
0.4913	1.1707
0.5565	1.4200
0.6130	1.2620
0.7533	1.1450
0.6400	1.1675
0.5007	1.1600
0.6164	0.9320
0.7178	1.1052
0.6176	1.0925
0.5146	1.0137
0.5020	1.1755
0.4595	1.2375
0.4778	1.2450
0.6019	1.2765
0.4994	1.2098
0.4906	1.1793
0.5596	1.4197
0.6141	1.2572
0.7530	1.1475
0.6432	1.1725
0.5010	1.1525
0.6144	0.9310
0.7194	1.1097
0.6166	1.0958
0.5127	1.0288
0.5015	1.1813
0.4591	1.2425
0.4781	1.2500
0.6032	1.2815
0.4978	1.2165
0.4900	1.1840
0.5623	1.4175
0.6151	1.2527
0.7533	1.1500
0.6466	1.1725
0.5013	1.1425
0.6123	0.9330
0.7206	1.1137
0.6155	1.0995
0.5110	1.0415
0.5008	1.1857
0.4588	1.2475
0.4782	1.2500
0.6045	1.2823
0.4963	1.2165
0.4895	1.1878
0.5651	1.4115
0.6162	1.2472
0.7536	1.1550
0.6500	1.1725
0.5016	1.1300
0.6101	0.9390
0.7217	1.1170
0.6143	1.1037
0.5092	1.0590
0.5004	1.1948
0.4585	1.2500
0.4785	1.2525
0.6054	1.2868
0.4946	1.2228
0.4891	1.1925
0.5678	1.4015
0.6169	1.2425
0.7539	1.1600
0.6534	1.1750
0.5017	1.1200
0.6081	0.9448
0.7228	1.1183
0.6131	1.1057
0.5077	1.0752
0.5000	1.2000
0.4584	1.2550
0.4787	1.2500
0.6066	1.2875
0.4932	1.2240
0.4887	1.1965
0.5705	1.3897
0.6179	1.2378
0.7547	1.1625
0.6566	1.1750
0.5016	1.1075
0.6060	0.9543
0.7235	1.1205
0.6121	1.1110
0.5062	1.0955
0.4994	1.2097
0.4582	1.2575
0.4789	1.2500
0.6077	1.2878
0.4918	1.2265
0.4884	1.2000
0.5729	1.3790
0.6187	1.2323
0.7561	1.1650
0.6597	1.1775
0.5014	1.0925
0.6042	0.9657
0.7238	1.1260
0.6107	1.1140
0.5048	1.1147
0.4993	1.2138
0.4579	1.2625
0.4791	1.2500
0.6088	1.2900
0.4907	1.2312
0.4882	1.2023
0.5751	1.3675
0.6192	1.2272
0.7576	1.1700
0.6628	1.1750
0.5011	1.0775
0.6024	0.9762
0.7239	1.1275
0.6095	1.1177
0.5037	1.1360
0.4989	1.2207
0.4577	1.2650
0.4792	1.2500
0.6099	1.2912
0.4897	1.2308
0.4881	1.2062
0.5771	1.3532
0.6199	1.2197
0.7596	1.1725
0.6656	1.1775
0.5007	1.0650
0.6007	0.9865
0.7232	1.1318
0.6081	1.1195
0.5028	1.1560
0.4987	1.2280
0.4575	1.2675
0.4793	1.2500
0.6109	1.2933
0.4889	1.2357
0.4879	1.2073
0.5791	1.3392
0.6204	1.2153
0.7619	1.1750
0.6684	1.1775
0.4999	1.0500
0.5992	0.9980
0.7229	1.1345
0.6069	1.1215
0.5019	1.1762
0.4986	1.2305
0.4574	1.2700
0.4794	1.2475
0.6119	1.2912
0.4880	1.2372
0.4879	1.2113
0.5808	1.3277
0.6209	1.2125
0.7645	1.1775
0.6709	1.1775
0.4992	1.0350
0.5978	1.0093
0.7219	1.1367
0.6055	1.1242
0.5012	1.1950
0.4985	1.2370
0.4573	1.2700
0.4796	1.2450
0.6129	1.2920
0.4873	1.2367
0.4881	1.2135
0.5825	1.3170
0.6211	1.2055
0.7672	1.1800
0.6735	1.1775
0.4983	1.0250
0.5964	1.0213
0.7209	1.1430
0.6041	1.1228
0.5006	1.2105
0.4983	1.2408
0.4571	1.2725
0.4796	1.2450
0.6141	1.2908
0.4868	1.2393
0.4881	1.2157
0.5839	1.3065
0.6216	1.2000
0.7707	1.1825
0.6757	1.1750
0.4972	1.0133
0.5953	1.0300
0.7195	1.1442
0.6027	1.1215
0.5002	1.2288
0.4983	1.2445
0.4570	1.2725
0.4796	1.2450
0.6148	1.2918
0.4864	1.2403
0.4882	1.2193
0.5852	1.2952
0.6219	1.1978
0.7743	1.1825
0.6780	1.1750
0.4960	1.0095
0.5942	1.0390
0.7178	1.1480
0.6012	1.1207
0.4999	1.2435
0.4983	1.2462
0.4568	1.2725
0.4796	1.2400
0.6158	1.2872
0.4859	1.2397
0.4884	1.2203
0.5863	1.2843
0.6221	1.1950
0.7779	1.1875
0.6798	1.1700
0.4948	1.0037
0.5935	1.0505
0.7163	1.1482
0.5995	1.1207
0.4998	1.2573
0.4985	1.2495
0.4567	1.2725
0.4796	1.2375
0.6166	1.2835
0.4857	1.2377
0.4887	1.2250
0.5875	1.2763
0.6223	1.1897
0.7821	1.1875
0.6816	1.1675
0.4935	1.0037
0.5927	1.0587
0.7142	1.1520
0.5980	1.1163
0.4997	1.2700
0.4985	1.2505
0.4566	1.2700
0.4796	1.2350
0.6174	1.2825
0.4854	1.2375
0.4890	1.2275
0.5885	1.2663
0.6227	1.1722
0.7853	1.1900
0.6833	1.1625
0.4924	1.0045
0.5920	1.0690
0.7121	1.1543
0.5964	1.1123
0.4998	1.2785
0.4986	1.2512
0.4566	1.2725
0.4796	1.2350
0.6180	1.2785
0.4852	1.2365
0.4893	1.2315
0.5891	1.2595
0.6230	1.1553
0.7894	1.1925
0.6846	1.1600
0.4912	1.0030
0.5915	1.0745
0.7098	1.1545
0.5948	1.1115
0.4999	1.2892
0.4988	1.2493
0.4566	1.2700
0.4796	1.2300
0.6186	1.2730
0.4850	1.2323
0.4898	1.2358
0.5900	1.2493
0.6233	1.1368
0.7932	1.1925
0.6858	1.1550
0.4900	1.0042
0.5912	1.0840
0.7075	1.1555
0.5931	1.1060
0.5001	1.2947
0.4990	1.2468
0.4565	1.2675
0.4795	1.2250
0.6190	1.2660
0.4850	1.2280
0.4908	1.2385
0.5905	1.2405
0.6227	1.1175
0.7972	1.1950
0.6867	1.1475
0.4888	1.0010
0.5912	1.0905
0.7052	1.1545
0.5913	1.0993
0.5004	1.3000
0.4991	1.2445
0.4566	1.2650
0.4796	1.2225
0.6194	1.2605
0.4848	1.2285
0.4921	1.2445
0.5910	1.2352
0.6217	1.1027
0.8015	1.1950
0.6878	1.1450
0.4875	1.0005
0.5909	1.0977
0.7027	1.1545
0.5898	1.0930
0.5006	1.3037
0.4992	1.2413
0.4566	1.2600
0.4795	1.2200
0.6194	1.2538
0.4849	1.2240
0.4935	1.2485
0.5915	1.2260
0.6209	1.0895
0.8058	1.1975
0.6883	1.1375
0.4862	1.0000
0.5912	1.1052
0.7003	1.1552
0.5881	1.0875
0.5010	1.3020
0.4994	1.2357
0.4567	1.2600
0.4795	1.2175
0.6195	1.2460
0.4848	1.2205
0.4948	1.2522
0.5917	1.2210
0.6203	1.0900
0.8100	1.1975
0.6887	1.1300
0.4851	0.9977
0.5914	1.1103
0.6976	1.1543
0.5863	1.0807
0.5014	1.3058
0.4996	1.2295
0.4568	1.2550
0.4793	1.2307
0.6192	1.2390
0.4849	1.2163
0.4962	1.2583
0.5919	1.2120
0.6198	1.0925
0.8144	1.1975
0.6890	1.1200
0.4839	1.0010
0.5918	1.1155
0.6950	1.1510
0.5845	1.0712
0.5018	1.3025
0.4998	1.2202
0.4569	1.2500
0.4794	1.2462
0.6190	1.2315
0.4849	1.2110
0.4975	1.2667
0.5920	1.2095
0.6196	1.0975
0.8188	1.2000
0.6888	1.1125
0.4826	1.0070
0.5925	1.1223
0.6931	1.1517
0.5828	1.0637
0.5022	1.2985
0.4997	1.2150
0.4571	1.2475
0.4794	1.2640
0.6185	1.2235
0.4850	1.2073
0.4988	1.2720
0.5921	1.2045
0.6196	1.1025
0.8234	1.2000
0.6885	1.1025
0.4814	1.0085
0.5932	1.1290
0.6905	1.1503
0.5811	1.0570
0.5027	1.2942
0.4997	1.2065
0.4987	1.2000
0.4572	1.2425
0.4802	1.2837
0.6179	1.2185
0.4850	1.2010
0.5003	1.2803
0.5920	1.2003
0.6196	1.1075
0.8276	1.2000
0.6882	1.0900
0.4805	1.0137
0.5940	1.1335
0.6880	1.1503
0.5796	1.0480
0.5030	1.2880
0.4978	1.1977
0.4574	1.2400
0.4811	1.3032
0.6168	1.2125
0.4849	1.1985
0.5018	1.2882
0.5921	1.1977
0.6198	1.1100
0.8317	1.1975
0.6874	1.0922
0.4795	1.0220
0.5953	1.1373
0.6862	1.1453
0.5778	1.0435
0.5034	1.2830
0.4967	1.1952
0.4577	1.2350
0.4821	1.3247
0.6158	1.2043
0.4850	1.1915
0.5033	1.2965
0.5920	1.1928
0.6203	1.1125
0.8359	1.1975
0.6862	1.0915
0.4785	1.0310
0.5965	1.1435
0.6839	1.1440
0.5762	1.0378
0.5038	1.2740
0.4956	1.2000
0.4578	1.2300
0.4832	1.3295
0.6145	1.1993
0.4849	1.1922
0.5048	1.3037
0.5919	1.1917
0.6211	1.1200
0.8399	1.1975
0.6849	1.0945
0.4776	1.0355
0.5978	1.1490
0.6820	1.1465
0.5743	1.0328
0.5041	1.2697
0.4945	1.2000
0.4580	1.2275
0.4842	1.3365
0.6132	1.1950
0.4850	1.1903
0.5065	1.3070
0.5920	1.1885
0.6209	1.1225
0.8431	1.1950
0.6846	1.0987
0.4769	1.0425
0.5991	1.1532
0.6801	1.1442
0.5725	1.0300
0.5044	1.2650
0.4934	1.2025
0.4584	1.2225
0.4856	1.3375
0.6116	1.1920
0.4849	1.1900
0.5081	1.3148
0.5918	1.1885
0.6212	1.1275
0.8466	1.1925
0.6836	1.1037
0.4762	1.0515
0.6008	1.1590
0.6783	1.1460
0.5707	1.0285
0.5046	1.2590
0.4924	1.2050
0.4585	1.2200
0.4866	1.3387
0.6100	1.1888
0.4851	1.1877
0.5096	1.3177
0.5916	1.1890
0.6215	1.1300
0.8504	1.1900
0.6831	1.1097
0.4754	1.0590
0.6023	1.1625
0.6766	1.1475
0.5686	1.0290
0.5050	1.2542
0.4911	1.2075
0.4587	1.2175
0.4879	1.3428
0.6083	1.1870
0.4850	1.1903
0.5113	1.3187
0.5917	1.1868
0.6216	1.1350
0.8533	1.1900
0.6822	1.1073
0.4748	1.0642
0.6042	1.1677
0.6750	1.1503
0.5667	1.0290
0.5053	1.2485
0.4901	1.2075
0.4589	1.2125
0.4890	1.3410
0.6066	1.1875
0.4850	1.1935
0.5129	1.3227
0.5917	1.1882
0.6222	1.1375
0.8561	1.1875
0.6810	1.1037
0.4742	1.0703
0.6059	1.1720
0.6735	1.1505
0.5648	1.0322
0.5056	1.2432
0.4891	1.2075
0.4591	1.2100
0.4903	1.3390
0.6049	1.1900
0.4849	1.1950
0.5146	1.3235
0.5919	1.1912
0.6227	1.1400
0.8588	1.1825
0.6800	1.1000
0.4736	1.0815
0.6075	1.1768
0.6722	1.1525
0.5630	1.0383
0.5059	1.2387
0.4880	1.2100
0.4593	1.2100
0.4915	1.3377
0.6035	1.1930
0.4851	1.1978
0.5161	1.3220
0.5918	1.1918
0.6231	1.1425
0.8613	1.1800
0.6789	1.0965
0.4731	1.0885
0.6093	1.1788
0.6711	1.1560
0.5611	1.0450
0.5060	1.2345
0.4869	1.2125
0.4594	1.2075
0.4926	1.3377
0.6016	1.1947
0.4852	1.2040
0.5178	1.3215
0.5919	1.1675
0.6238	1.1450
0.8638	1.1750
0.6773	1.0963
0.4726	1.0952
0.6110	1.1827
0.6699	1.1572
0.5595	1.0508
0.5062	1.2277
0.4861	1.2150
0.4594	1.2025
0.4936	1.3345
0.6002	1.2015
0.4852	1.2120
0.5193	1.3187
0.5922	1.1353
0.6246	1.1475
0.8653	1.1700
0.6760	1.0933
0.4722	1.1035
0.6125	1.1880
0.6688	1.1578
0.5578	1.0590
0.5065	1.2235
0.4851	1.2150
0.4595	1.2000
0.4947	1.3292
0.5989	1.2063
0.4853	1.2153
0.5209	1.3190
0.5925	1.1090
0.6252	1.1500
0.8669	1.1650
0.6747	1.0905
0.4718	1.1113
0.6141	1.1913
0.6679	1.1602
0.5563	1.0697
0.5066	1.2197
0.4842	1.2175
0.4595	1.1975
0.4955	1.3257
0.5975	1.2153
0.4867	1.2247
0.5224	1.3148
0.5912	1.0805
0.6260	1.1550
0.8679	1.1575
0.6731	1.0913
0.4714	1.1205
0.6158	1.1935
0.6671	1.1665
0.5547	1.0790
0.5067	1.2162
0.4835	1.2175
0.4592	1.1950
0.4963	1.3265
0.5965	1.2200
0.4885	1.2333
0.5238	1.3113
0.5894	1.0530
0.6269	1.1550
0.8687	1.1525
0.6713	1.0933
0.4712	1.1287
0.6172	1.1972
0.6663	1.1690
0.5532	1.0890
0.5069	1.2095
0.4826	1.2200
0.4591	1.1925
0.4971	1.3207
0.5954	1.2285
0.4902	1.2422
0.5253	1.3060
0.5879	1.0265
0.6277	1.1600
0.8694	1.1425
0.6698	1.0928
0.4709	1.1357
0.6184	1.2015
0.6658	1.1700
0.5521	1.1003
0.5070	1.2030
0.4819	1.2200
0.4587	1.1875
0.4976	1.3210
0.5945	1.2377
0.4921	1.2498
0.5266	1.2987
0.5865	1.0250
0.6288	1.1625
0.8693	1.1375
0.6681	1.0947
0.4706	1.1455
0.6197	1.2035
0.6654	1.1728
0.5509	1.1115
0.5072	1.1932
0.4810	1.2200
0.4583	1.1845
0.4981	1.3215
0.5937	1.2458
0.4939	1.2608
0.5279	1.2925
0.5853	1.0325
0.6295	1.1650
0.8688	1.1275
0.6666	1.0985
0.4704	1.1553
0.6208	1.2045
0.6652	1.1758
0.5500	1.1252
0.5073	1.1805
0.4804	1.2225
0.4579	1.1790
0.4986	1.3207
0.5934	1.2577
0.4957	1.2740
0.5289	1.2838
0.5845	1.0400
0.6305	1.1675
0.8679	1.1210
0.6649	1.1025
0.4703	1.1660
0.6218	1.2082
0.6650	1.1787
0.5490	1.1360
0.5071	1.1725
0.5070	1.1613
0.4795	1.2225
0.4574	1.1752
0.4990	1.3198
0.5931	1.2672
0.4976	1.2835
0.5299	1.2740
0.5834	1.0450
0.6313	1.1700
0.8667	1.1190
0.6634	1.1072
0.4702	1.1733
0.6228	1.2088
0.6653	1.1787
0.5481	1.1470
0.5067	1.1545
0.4788	1.2250
0.4566	1.1730
0.4993	1.3197
0.5932	1.2775
0.4997	1.2930
0.5309	1.2637
0.5829	1.0525
0.6322	1.1725
0.8646	1.1153
0.6619	1.1128
0.4703	1.1815
0.6233	1.2120
0.6659	1.1800
0.5475	1.1568
0.5066	1.1497
0.4781	1.2250
0.4558	1.1673
0.4994	1.3217
0.5935	1.2887
0.5017	1.3055
0.5317	1.2565
0.5823	1.0575
0.6329	1.1750
0.8626	1.1177
0.6604	1.1187
0.4703	1.1900
0.6240	1.2140
0.6664	1.1800
0.5469	1.1672
0.5064	1.1525
0.4774	1.2275
0.4548	1.1705
0.4994	1.3227
0.5940	1.2977
0.5039	1.3145
0.5324	1.2485
0.5815	1.0650
0.6338	1.1750
0.8612	1.1163
0.6591	1.1225
0.4703	1.1993
0.6245	1.2167
0.6670	1.1815
0.5464	1.1765
0.5063	1.1550
0.4766	1.2275
0.4540	1.1708
0.4995	1.3230
0.5947	1.3072
0.5059	1.3212
0.5330	1.2395
0.5810	1.0725
0.6343	1.1775
0.8590	1.1210
0.6579	1.1298
0.4705	1.2055
0.6251	1.2205
0.6674	1.1817
0.5459	1.1785
0.5062	1.1575
0.4759	1.2275
0.4529	1.1755
0.4994	1.3248
0.5957	1.3120
0.5082	1.3298
0.5335	1.2332
0.5804	1.0775
0.6350	1.1800
0.8571	1.1205
0.6566	1.1325
0.4707	1.2118
0.6254	1.2197
0.6676	1.1783
0.5455	1.1825
0.5060	1.1625
0.4751	1.2300
0.4521	1.1773
0.4995	1.3302
0.5966	1.3172
0.5103	1.3333
0.5341	1.2263
0.5800	1.0850
0.6355	1.1775
0.8544	1.1167
0.6552	1.1385
0.4710	1.2185
0.6260	1.2250
0.6679	1.1768
0.5451	1.1860
0.5059	1.1675
0.4744	1.2300
0.4510	1.1813
0.4994	1.3285
0.5980	1.3230
0.5124	1.3370
0.5344	1.2207
0.5796	1.0875
0.6360	1.1800
0.8521	1.1158
0.6541	1.1435
0.4713	1.2228
0.6266	1.2255
0.6683	1.1725
0.5446	1.1870
0.5057	1.1700
0.4737	1.2325
0.4502	1.1835
0.4992	1.3303
0.5991	1.3267
0.5147	1.3405
0.5348	1.2170
0.5794	1.0950
0.6367	1.1800
0.8493	1.1128
0.6529	1.1483
0.4718	1.2282
0.6269	1.2268
0.6682	1.1702
0.5442	1.1855
0.5057	1.1725
0.4729	1.2325
0.4491	1.1837
0.4992	1.3308
0.6005	1.3310
0.5168	1.3422
0.5352	1.2110
0.5793	1.1025
0.6370	1.1800
0.8464	1.1092
0.6517	1.1520
0.4722	1.2275
0.6275	1.2282
0.6682	1.1630
0.5438	1.1830
0.5056	1.1775
0.4722	1.2325
0.4482	1.1890
0.4991	1.3322
0.6020	1.3305
0.5190	1.3445
0.5354	1.2085
0.5791	1.1075
0.6372	1.1800
0.8435	1.1060
0.6509	1.1580
0.4727	1.2320
0.6281	1.2275
0.6679	1.1587
0.5433	1.1807
0.5055	1.1800
0.4716	1.2325
0.4471	1.1862
0.4989	1.3315
0.6036	1.3335
0.5212	1.3388
0.5356	1.2027
0.5792	1.1125
0.6376	1.1775
0.8405	1.1067
0.6499	1.1627
0.4733	1.2320
0.6287	1.2298
0.6677	1.1532
0.5427	1.1767
0.5055	1.1825
0.4708	1.2325
0.4462	1.1905
0.4989	1.3305
0.6053	1.3345
0.5231	1.3393
0.5359	1.1970
0.5795	1.1175
0.6378	1.1800
0.8375	1.1073
0.6487	1.1662
0.4739	1.2325
0.6295	1.2268
0.6670	1.1508
0.5421	1.1727
0.5053	1.1825
0.4700	1.2325
0.4453	1.1870
0.4988	1.3332
0.6068	1.3335
0.5252	1.3362
0.5360	1.1950
0.5797	1.1250
0.6378	1.1775
0.8342	1.1057
0.6482	1.1677
0.4746	1.2312
0.6303	1.2272
0.6666	1.1452
0.5415	1.1698
0.5054	1.1875
0.4693	1.2275
0.4443	1.1895
0.4988	1.3332
0.6087	1.3330
0.5270	1.3318
0.5362	1.1875
0.5798	1.1325
0.6379	1.1750
0.8316	1.1070
0.6472	1.1705
0.4753	1.2290
0.6311	1.2250
0.6658	1.1410
0.5409	1.1638
0.5053	1.1875
0.4685	1.2275
0.4434	1.1895
0.4988	1.3312
0.6106	1.3310
0.5289	1.3275
0.5361	1.1833
0.5800	1.1350
0.6381	1.1725
0.8288	1.1118
0.6466	1.1773
0.4759	1.2287
0.6318	1.2200
0.6654	1.1388
0.5403	1.1575
0.5054	1.1900
0.4677	1.2250
0.4424	1.1882
0.4989	1.3305
0.6122	1.3310
0.5306	1.3195
0.5364	1.1783
0.5804	1.1400
0.6380	1.1700
0.8260	1.1148
0.6459	1.1790
0.4766	1.2218
0.6327	1.2172
0.6646	1.1337
0.5396	1.1545
0.5054	1.1925
0.4669	1.2250
0.4414	1.1913
0.4990	1.3282
0.6144	1.3293
0.5322	1.3165
0.5364	1.1738
0.5809	1.1475
0.6379	1.1675
0.8236	1.1170
0.6453	1.1833
0.4773	1.2180
0.6336	1.2127
0.6635	1.1335
0.5390	1.1498
0.5054	1.1950
0.4662	1.2225
0.4406	1.1895
0.4991	1.3258
0.6163	1.3262
0.5339	1.3080
0.5365	1.1715
0.5811	1.1525
0.6374	1.1625
0.8214	1.1235
0.6451	1.1860
0.4780	1.2125
0.6345	1.2080
0.6627	1.1265
0.5381	1.1433
0.5054	1.1975
0.4654	1.2200
0.4397	1.1915
0.4993	1.3215
0.6183	1.3245
0.5352	1.3020
0.5365	1.1542
0.5814	1.1575
0.6371	1.1600
0.8196	1.1297
0.6450	1.1880
0.4786	1.2080
0.6353	1.2000
0.6616	1.1285
0.5374	1.1378
0.5055	1.2000
0.4648	1.2200
0.4389	1.1935
0.4994	1.3197
0.6204	1.3215
0.5365	1.2947
0.5366	1.1422
0.5819	1.1600
0.6367	1.1575
0.8178	1.1347
0.6448	1.1902
0.4792	1.2005
0.6362	1.1932
0.6606	1.1262
0.5365	1.1362
0.5056	1.2025
0.4640	1.2150
0.4381	1.1928
0.4997	1.3148
0.6224	1.3200
0.5378	1.2860
0.5367	1.1298
0.5820	1.1675
0.6362	1.1550
0.8168	1.1412
0.6448	1.1935
0.4798	1.1940
0.6370	1.1868
0.6594	1.1275
0.5357	1.1335
0.5057	1.2025
0.4633	1.2125
0.4372	1.1940
0.4999	1.3127
0.6253	1.3185
0.5389	1.2812
0.5360	1.1167
0.5823	1.1725
0.6357	1.1510
0.8154	1.1470
0.6449	1.1942
0.4803	1.1885
0.6377	1.1817
0.6585	1.1280
0.5349	1.1295
0.5058	1.2050
0.4626	1.2075
0.4365	1.1940
0.5002	1.3110
0.6282	1.3165
0.5400	1.2742
0.5355	1.1083
0.5826	1.1725
0.6353	1.1627
0.8148	1.1530
0.6451	1.1965
0.4807	1.1832
0.6382	1.1740
0.6571	1.1292
0.5342	1.1292
0.5059	1.2050
0.4619	1.2025
0.4357	1.1952
0.5005	1.3067
0.6311	1.3177
0.5407	1.2688
0.5350	1.0995
0.5829	1.1775
0.6343	1.1735
0.8144	1.1587
0.6457	1.1975
0.4810	1.1770
0.6388	1.1700
0.6562	1.1333
0.5334	1.1315
0.5059	1.2075
0.4611	1.2000
0.4350	1.1970
0.5009	1.3057
0.6341	1.3183
0.5416	1.2658
0.5346	1.1050
0.5832	1.1800
0.6336	1.1830
0.8140	1.1638
0.6460	1.2005
0.4814	1.1715
0.6395	1.1645
0.6552	1.1355
0.5327	1.1327
0.5321	1.1355
0.5060	1.2050
0.4603	1.1913
0.4342	1.1957
0.5012	1.3033
0.6369	1.3158
0.5425	1.2628
0.5335	1.1125
0.5832	1.1825
0.6339	1.1970
0.8138	1.1708
0.6466	1.2040
0.4817	1.1695
0.6398	1.1595
0.6541	1.1405
0.5316	1.1392
0.5061	1.2050
0.4596	1.1880
0.4334	1.1980
0.5016	1.3020
0.6397	1.3165
0.5431	1.2633
0.5324	1.1175
0.5832	1.1825
0.6342	1.2090
0.8143	1.1728
0.6471	1.2017
0.4818	1.1660
0.6402	1.1570
0.6532	1.1442
0.5311	1.1417
0.5062	1.2050
0.4588	1.1840
0.4327	1.1987
0.5019	1.2997
0.6424	1.3165
0.5439	1.2590
0.5316	1.1250
0.5834	1.1825
0.6343	1.2245
0.8144	1.1792
0.6479	1.2025
0.4819	1.1635
0.6403	1.1530
0.6523	1.1512
0.5310	1.1425
0.5062	1.2025
0.4578	1.1795
0.4320	1.1987
0.5022	1.3005
0.6447	1.3170
0.5447	1.2580
0.5307	1.1325
0.5834	1.1850
0.6347	1.2228
0.8149	1.1835
0.6488	1.2035
0.4820	1.1597
0.6401	1.1515
0.6516	1.1538
0.5306	1.1400
0.5062	1.2025
0.4571	1.1790
0.4313	1.1980
0.5024	1.3035
0.6474	1.3167
0.5455	1.2573
0.5299	1.1400
0.5835	1.1850
0.6349	1.2265
0.8153	1.1835
0.6495	1.2040
0.4820	1.1590
0.6403	1.1492
0.6510	1.1607
0.5303	1.1400
0.5062	1.2000
0.4562	1.1755
0.4306	1.1997
0.5029	1.3023
0.6499	1.3132
0.5461	1.2575
0.5289	1.1450
0.5834	1.1825
0.6354	1.2268
0.8161	1.1892
0.6502	1.2010
0.4819	1.1543
0.6405	1.1517
0.6506	1.1630
0.5300	1.1350
0.5062	1.1975
0.4553	1.1802
0.4298	1.1990
0.5034	1.3053
0.6522	1.3143
0.5468	1.2535
0.5284	1.1500
0.5833	1.1825
0.6355	1.2252
0.8170	1.1925
0.6510	1.1982
0.4820	1.1530
0.6406	1.1578
0.6499	1.1678
0.5294	1.1325
0.5063	1.1950
0.4544	1.1810
0.4290	1.1973
0.5039	1.3090
0.6545	1.3120
0.5474	1.2505
0.5276	1.1575
0.5833	1.1800
0.6361	1.2287
0.8176	1.1965
0.6517	1.1990
0.4817	1.1528
0.6409	1.1608
0.6497	1.1705
0.5291	1.1275
0.5062	1.1925
0.4536	1.1845
0.4284	1.1983
0.5041	1.3120
0.6566	1.3105
0.5484	1.2512
0.5270	1.1625
0.5830	1.1750
0.6364	1.2280
0.8191	1.1972
0.6520	1.1940
0.4815	1.1510
0.6412	1.1655
0.6492	1.1733
0.5285	1.1225
0.5061	1.1900
0.4527	1.1878
0.4277	1.1967
0.5049	1.3162
0.6587	1.3072
0.5489	1.2480
0.5265	1.1675
0.5827	1.1725
0.6369	1.2303
0.8202	1.1993
0.6522	1.1902
0.4814	1.1523
0.6420	1.1735
0.6491	1.1785
0.5279	1.1200
0.5061	1.1850
0.4518	1.1888
0.4270	1.1977
0.5054	1.3225
0.6606	1.3040
0.5497	1.2470
0.5259	1.1750
0.5824	1.1675
0.6373	1.2265
0.8211	1.2060
0.6527	1.1865
0.4812	1.1525
0.6426	1.1813
0.6490	1.1710
0.5271	1.1125
0.5059	1.1800
0.4509	1.1902
0.4264	1.1982
0.5060	1.3300
0.6626	1.3033
0.5507	1.2400
0.5253	1.1825
0.5819	1.1625
0.6381	1.2312
0.8223	1.2082
0.6526	1.1857
0.4809	1.1562
0.6436	1.1905
0.6490	1.1618
0.5263	1.1075
0.5059	1.1775
0.4500	1.1920
0.4258	1.1977
0.5068	1.3325
0.6643	1.2995
0.5513	1.2383
0.5249	1.1875
0.5815	1.1550
0.6387	1.2320
0.8233	1.2097
0.6524	1.1800
0.4807	1.1550
0.6448	1.1990
0.6490	1.1507
0.6485	1.1397
0.5256	1.1000
0.5056	1.1725
0.4489	1.1942
0.4251	1.1962
0.5078	1.3435
0.6658	1.2952
0.5522	1.2160
0.5247	1.1950
0.5807	1.1475
0.6393	1.2325
0.8248	1.2143
0.6521	1.1747
0.4809	1.1578
0.6460	1.2135
0.6477	1.1270
0.5248	1.0950
0.5053	1.1675
0.4479	1.1938
0.4246	1.1957
0.5088	1.3503
0.6672	1.2908
0.5531	1.1825
0.5243	1.2025
0.5799	1.1425
0.6401	1.2333
0.8261	1.2183
0.6516	1.1705
0.4813	1.1615
0.6477	1.2255
0.6468	1.1145
0.5238	1.0900
0.5051	1.1600
0.4470	1.1942
0.4240	1.1963
0.5097	1.3578
0.6685	1.2872
0.5540	1.1537
0.5240	1.2075
0.5790	1.1325
0.6411	1.2343
0.8276	1.2218
0.6506	1.1662
0.4816	1.1605
0.6496	1.2410
0.6462	1.1100
0.5227	1.0850
0.5049	1.1575
0.4458	1.1957
0.4235	1.1962
0.5120	1.3665
0.6695	1.2805
0.5539	1.1270
0.5238	1.2125
0.5779	1.1250
0.6420	1.2398
0.8288	1.2260
0.6494	1.1595
0.4821	1.1635
0.6521	1.2535
0.6456	1.1100
0.5217	1.0800
0.5045	1.1500
0.4447	1.1970
0.4230	1.1963
0.5148	1.3742
0.6705	1.2752
0.5531	1.1000
0.5236	1.2150
0.5768	1.1200
0.6433	1.2397
0.8301	1.2290
0.6479	1.1543
0.4825	1.1648
0.6546	1.2655
0.6452	1.1100
0.5206	1.0775
0.5040	1.1450
0.4435	1.1955
0.4225	1.1977
0.5175	1.3848
0.6714	1.2715
0.5526	1.0752
0.5234	1.2200
0.5755	1.1177
0.6443	1.2445
0.8317	1.2340
0.6461	1.1493
0.4829	1.1705
0.6576	1.2787
0.6445	1.1100
0.5196	1.0750
0.5037	1.1400
0.4421	1.1938
0.4221	1.2025
0.5204	1.3912
0.6719	1.2668
0.5523	1.0725
0.5232	1.2250
0.5740	1.1263
0.6459	1.2462
0.8334	1.2367
0.6442	1.1423
0.4834	1.1712
0.6604	1.2875
0.6443	1.1075
0.5184	1.0750
0.5029	1.1350
0.4409	1.1938
0.4218	1.2020
0.5234	1.4007
0.6726	1.2622
0.5519	1.0800
0.5230	1.2275
0.5726	1.1367
0.6472	1.2472
0.8350	1.2423
0.6423	1.1415
0.4838	1.1730
0.6637	1.2957
0.6439	1.1075
0.5174	1.0725
0.5024	1.1300
0.4395	1.1945
0.4214	1.2068
0.5263	1.4095
0.6732	1.2563
0.5514	1.0850
0.5227	1.2300
0.5713	1.1515
0.6491	1.2502
0.8364	1.2450
0.6398	1.1367
0.4844	1.1770
0.6671	1.3002
0.6437	1.1075
0.5163	1.0725
0.5017	1.1277
0.4381	1.1932
0.4212	1.2095
0.5293	1.4157
0.6732	1.2530
0.5506	1.0875
0.5227	1.2300
0.5706	1.1652
0.6507	1.2517
0.8379	1.2433
0.6374	1.1355
0.4849	1.1807
0.6707	1.3083
0.6433	1.1050
0.5153	1.0750
0.5011	1.1418
0.4366	1.1912
0.4209	1.2127
0.5324	1.4257
0.6736	1.2502
0.5496	1.0950
0.5225	1.2350
0.5699	1.1810
0.6521	1.2550
0.8397	1.2450
0.6352	1.1300
0.4856	1.1835
0.6741	1.3122
0.6433	1.1025
0.5141	1.0775
0.5002	1.1528
0.4352	1.1915
0.4207	1.2145
0.5355	1.4310
0.6738	1.2440
0.5486	1.1000
0.5223	1.2350
0.5694	1.1928
0.6539	1.2545
0.8412	1.2437
0.6328	1.1307
0.4861	1.1860
0.6779	1.3103
0.6429	1.1000
0.5131	1.0825
0.4996	1.1690
0.4336	1.1920
0.4206	1.2203
0.5388	1.4383
0.6739	1.2415
0.5476	1.1025
0.5220	1.2325
0.5689	1.1987
0.6558	1.2547
0.8422	1.2448
0.6302	1.1310
0.4868	1.1888
0.6816	1.3075
0.6413	1.1000
0.5122	1.0850
0.4994	1.1875
0.4320	1.1898
0.4205	1.2243
0.5421	1.4445
0.6740	1.2385
0.5467	1.1050
0.5219	1.2325
0.5685	1.2012
0.6579	1.2570
0.8436	1.2395
0.6276	1.1285
0.4875	1.1940
0.6852	1.3070
0.6398	1.0975
0.5114	1.0925
0.4993	1.2113
0.4305	1.1860
0.4204	1.2282
0.5453	1.4490
0.6740	1.2357
0.5458	1.1100
0.5216	1.2300
0.5680	1.2043
0.6597	1.2565
0.8446	1.2380
0.6255	1.1305
0.4883	1.1983
0.6885	1.3007
0.6380	1.0925
0.5105	1.0975
0.4992	1.2290
0.4288	1.1843
0.4204	1.2312
0.5488	1.4525
0.6740	1.2308
0.5448	1.1150
0.5214	1.2300
0.5676	1.2100
0.6614	1.2547
0.8458	1.2335
0.6234	1.1320
0.4891	1.2038
0.6916	1.2918
0.6361	1.0900
0.5098	1.1050
0.4992	1.2352
0.4271	1.1855
0.4204	1.2343
0.5523	1.4568
0.6741	1.2255
0.5439	1.1175
0.5212	1.2250
0.5674	1.2135
0.6633	1.2553
0.8462	1.2263
0.6212	1.1362
0.4901	1.2103
0.6949	1.2803
0.6340	1.0875
0.5092	1.1125
0.4993	1.2477
0.4254	1.1815
0.4205	1.2410
0.5557	1.4620
0.6743	1.2213
0.5430	1.1225
0.5209	1.2225
0.5672	1.2203
0.6648	1.2525
0.8468	1.2193
0.6194	1.1385
0.4909	1.2155
0.6976	1.2720
0.6318	1.0850
0.5086	1.1225
0.4994	1.2560
0.4238	1.1780
0.4206	1.2427
0.5592	1.4655
0.6740	1.2080
0.5420	1.1250
0.5207	1.2175
0.5674	1.2270
0.6665	1.2542
0.8464	1.2070
0.6178	1.1430
0.4921	1.2250
0.7002	1.2588
0.6296	1.0800
0.5080	1.1325
0.4994	1.2625
0.4221	1.1787
0.4208	1.2472
0.5628	1.4677
0.6740	1.1967
0.5410	1.1300
0.5202	1.2125
0.5676	1.2343
0.6683	1.2510
0.8459	1.1970
0.6165	1.1505
0.4933	1.2308
0.7021	1.2427
0.6269	1.0750
0.5078	1.1425
0.4997	1.2710
0.4203	1.1767
0.4211	1.2500
0.5663	1.4690
0.6739	1.1875
0.5401	1.1325
0.5200	1.2100
0.5681	1.2423
0.6697	1.2505
0.8451	1.1820
0.6152	1.1570
0.4945	1.2417
0.7039	1.2270
0.6244	1.0725
0.5076	1.1550
0.4998	1.2805
0.4185	1.1753
0.4216	1.2555
0.5701	1.4708
0.6732	1.1808
0.5388	1.1350
0.5195	1.2025
0.5689	1.2475
0.6713	1.2480
0.8433	1.1698
0.6145	1.1632
0.4959	1.2488
0.7049	1.2085
0.6217	1.0700
0.5074	1.1650
0.5000	1.2888
0.4168	1.1723
0.4221	1.2588
0.5737	1.4712
0.6727	1.1757
0.5378	1.1400
0.5191	1.1950
0.5698	1.2560
0.6722	1.2450
0.8414	1.1575
0.6141	1.1725
0.4974	1.2592
0.7057	1.1890
0.6186	1.0675
0.5074	1.1750
0.5004	1.2943
0.4151	1.1700
0.4227	1.2622
0.5773	1.4712
0.6723	1.1750
0.5366	1.1400
0.5187	1.1900
0.5711	1.2617
0.6732	1.2425
0.8384	1.1428
0.6141	1.1827
0.4991	1.2690
0.7059	1.1630
0.6156	1.0650
0.5075	1.1825
0.5007	1.2993
0.4134	1.1690
0.4232	1.2638
0.5810	1.4700
0.6720	1.1800
0.5355	1.1450
0.5182	1.1850
0.5724	1.2683
0.6741	1.2385
0.8352	1.1283
0.6143	1.1888
0.5008	1.2803
0.7054	1.1410
0.7045	1.1202
0.6127	1.0625
0.5077	1.1925
0.5009	1.3043
0.4117	1.1630
0.4237	1.2685
0.5846	1.4697
0.6723	1.1850
0.5343	1.1450
0.5175	1.1800
0.5741	1.2723
0.6749	1.2350
0.8316	1.1170
0.6152	1.1953
0.5027	1.2907
0.7027	1.1007
0.6096	1.0625
0.5080	1.2000
0.5013	1.3062
0.4099	1.1633
0.4242	1.2712
0.5884	1.4712
0.6725	1.1900
0.5330	1.1475
0.5172	1.1725
0.5759	1.2767
0.6751	1.2325
0.8275	1.1040
0.6167	1.2032
0.5046	1.3025
0.7008	1.0877
0.6067	1.0600
0.5083	1.2075
0.5016	1.3045
0.4082	1.1605
0.4246	1.2710
0.5920	1.4682
0.6727	1.1975
0.5318	1.1500
0.5166	1.1675
0.5781	1.2838
0.6758	1.2268
0.8222	1.0913
0.6181	1.2120
0.5067	1.3130
0.6986	1.0775
0.6036	1.0575
0.5089	1.2150
0.5018	1.3075
0.4064	1.1560
0.4251	1.2722
0.5959	1.4635
0.6732	1.2025
0.5305	1.1500
0.5162	1.1650
0.5801	1.2850
0.6758	1.2223
0.8175	1.0800
0.6198	1.2163
0.5090	1.3218
0.6961	1.0725
0.6005	1.0575
0.5093	1.2175
0.5021	1.3053
0.4048	1.1555
0.4256	1.2738
0.5997	1.4597
0.6739	1.2050
0.5293	1.1500
0.5155	1.1575
0.5826	1.2878
0.6759	1.2185
0.8114	1.0700
0.6219	1.2205
0.5114	1.3317
0.6937	1.0700
0.5976	1.0550
0.5100	1.2225
0.5024	1.3040
0.4031	1.1542
0.4259	1.2730
0.6033	1.4527
0.6748	1.2100
0.5279	1.1500
0.5151	1.1525
0.5853	1.2910
0.6755	1.2127
0.8054	1.0635
0.6238	1.2295
0.5138	1.3395
0.6911	1.0675
0.5945	1.0575
0.5107	1.2250
0.5027	1.3010
0.4015	1.1535
0.4263	1.2730
0.6069	1.4470
0.6757	1.2150
0.5267	1.1525
0.5145	1.1472
0.5879	1.2930
0.6754	1.2095
0.7995	1.0557
0.6259	1.2355
0.5164	1.3495
0.6887	1.0700
0.5917	1.0550
0.5112	1.2275
0.5029	1.2950
0.4000	1.1505
0.4267	1.2735
0.6106	1.4380
0.6768	1.2175
0.5253	1.1525
0.5139	1.1428
0.5907	1.2950
0.6749	1.2023
0.7931	1.0522
0.6282	1.2392
0.5189	1.3530
0.6861	1.0675
0.5889	1.0575
0.5119	1.2250
0.5032	1.2900
0.3985	1.1507
0.4269	1.2757
0.6141	1.4295
0.6780	1.2200
0.5239	1.1500
0.5134	1.1388
0.5938	1.2910
0.6742	1.1992
0.7865	1.0482
0.6306	1.2435
0.5218	1.3587
0.6835	1.0700
0.5863	1.0600
0.5126	1.2250
0.5032	1.2810
0.3970	1.1500
0.4273	1.2755
0.6176	1.4185
0.6794	1.2225
0.5227	1.1500
0.5129	1.1357
0.5965	1.2935
0.6735	1.1937
0.7800	1.0455
0.6330	1.2495
0.5245	1.3657
0.6812	1.0725
0.5837	1.0600
0.5133	1.2250
0.5032	1.2732
0.3956	1.1500
0.4276	1.2740
0.6210	1.4093
0.6807	1.2250
0.5214	1.1500
0.5123	1.1360
0.5996	1.2927
0.6725	1.1867
0.7736	1.0467
0.6353	1.2527
0.5274	1.3695
0.6789	1.0775
0.5814	1.0625
0.5139	1.2213
0.5031	1.2635
0.3943	1.1503
0.4279	1.2785
0.6244	1.3983
0.6822	1.2275
0.5202	1.1475
0.5119	1.1345
0.6025	1.2865
0.6715	1.1822
0.7670	1.0480
0.6379	1.2573
0.5303	1.3678
0.6766	1.0825
0.5793	1.0650
0.5147	1.2248
0.5030	1.2525
0.3930	1.1513
0.4282	1.2767
0.6273	1.3805
0.6837	1.2275
0.5189	1.1450
0.5114	1.1343
0.6055	1.2870
0.6704	1.1745
0.7605	1.0512
0.6403	1.2585
0.5332	1.3680
0.6745	1.0850
0.5772	1.0675
0.5152	1.2300
0.5028	1.2400
0.3918	1.1515
0.4284	1.2795
0.6306	1.3658
0.6851	1.2325
0.5176	1.1425
0.5112	1.1367
0.6084	1.2822
0.6690	1.1702
0.7545	1.0555
0.6427	1.2615
0.5361	1.3668
0.6728	1.0925
0.5753	1.0700
0.5156	1.2340
0.5024	1.2297
0.3908	1.1523
0.4288	1.2795
0.6336	1.3512
0.6866	1.2325
0.5164	1.1400
0.5109	1.1368
0.6111	1.2805
0.6675	1.1665
0.7488	1.0620
0.6452	1.2660
0.5390	1.3638
0.6705	1.1000
0.5737	1.0750
0.5165	1.2367
0.5020	1.2160
0.3899	1.1578
0.4291	1.2830
0.6361	1.3338
0.6881	1.2350
0.5151	1.1350
0.5108	1.1370
0.6137	1.2752
0.6659	1.1592
0.7433	1.0705
0.6474	1.2673
0.5418	1.3560
0.6680	1.1075
0.5722	1.0775
0.5175	1.2428
0.5012	1.2033
0.3890	1.1585
0.4294	1.2853
0.6387	1.3092
0.6897	1.2375
0.5139	1.1325
0.5106	1.1380
0.6163	1.2720
0.6644	1.1555
0.7381	1.0805
0.6499	1.2718
0.5446	1.3510
0.6661	1.1150
0.5708	1.0825
0.5182	1.2465
0.5006	1.1875
0.3882	1.1610
0.4297	1.2860
0.6413	1.2642
0.6913	1.2375
0.5127	1.1300
0.5103	1.1400
0.6188	1.2687
0.6626	1.1503
0.7331	1.0917
0.6523	1.2715
0.5473	1.3462
0.6643	1.1225
0.5699	1.0850
0.5189	1.2433
0.4996	1.1763
0.3877	1.1652
0.4300	1.2900
0.6434	1.2228
0.6930	1.2400
0.5114	1.1275
0.5103	1.1418
0.6209	1.2650
0.6608	1.1492
0.7289	1.1030
0.6543	1.2782
0.5497	1.3345
0.6624	1.1300
0.5689	1.0900
0.5197	1.2367
0.4987	1.1643
0.3873	1.1702
0.4302	1.2878
0.6450	1.1835
0.6945	1.2400
0.5102	1.1225
0.5103	1.1418
0.6229	1.2600
0.6587	1.1465
0.7249	1.1143
0.6566	1.2822
0.5523	1.3255
0.6611	1.1375
0.5684	1.0925
0.5202	1.2328
0.4975	1.1510
0.3877	1.1742
0.4306	1.2900
0.6445	1.1470
0.6959	1.2425
0.5091	1.1175
0.5103	1.1447
0.6246	1.2597
0.6569	1.1423
0.7213	1.1280
0.6585	1.2867
0.5547	1.3152
0.6598	1.1425
0.5678	1.0950
0.5207	1.2252
0.4963	1.1410
0.3881	1.1767
0.4309	1.2867
0.6439	1.1140
0.6975	1.2425
0.5079	1.1150
0.5104	1.1468
0.6262	1.2553
0.6547	1.1415
0.7186	1.1375
0.6608	1.2953
0.5568	1.3030
0.6586	1.1475
0.5674	1.0975
0.5211	1.2183
0.4951	1.1278
0.3886	1.1833
0.4311	1.2847
0.6437	1.0900
0.6992	1.2400
0.5067	1.1100
0.5103	1.1452
0.6276	1.2520
0.6526	1.1425
0.7157	1.1475
0.6630	1.2990
0.5590	1.2797
0.6577	1.1500
0.5671	1.1000
0.5214	1.2133
0.4937	1.1213
0.3890	1.1855
0.4314	1.2795
0.6437	1.0900
0.7007	1.2425
0.5053	1.1050
0.5105	1.1475
0.6290	1.2498
0.6502	1.1443
0.7135	1.1580
0.6652	1.3102
0.5610	1.2610
0.5626	1.2445
0.6571	1.1550
0.5670	1.1025
0.5215	1.2060
0.4924	1.1095
0.3896	1.1915
0.4316	1.2730
0.6433	1.0925
0.7023	1.2400
0.5042	1.1000
0.5106	1.1480
0.6302	1.2447
0.6476	1.1443
0.7117	1.1642
0.6677	1.3160
0.5637	1.2275
0.6563	1.1575
0.5669	1.1050
0.5216	1.1995
0.4910	1.1013
0.3901	1.1952
0.4319	1.2665
0.6433	1.0925
0.7038	1.2375
0.5029	1.0950
0.5105	1.1492
0.6311	1.2420
0.6454	1.1480
0.7113	1.1730
0.6699	1.3245
0.5648	1.2152
0.6557	1.1575
0.5670	1.1050
0.5217	1.1925
0.4898	1.0943
0.3905	1.1975
0.4320	1.2590
0.6433	1.0925
0.7053	1.2375
0.5017	1.0925
0.5105	1.1495
0.6318	1.2375
0.6428	1.1505
0.7108	1.1782
0.6727	1.3320
0.5658	1.2050
0.6554	1.1600
0.5673	1.1077
0.5215	1.1898
0.4884	1.0833
0.3911	1.2005
0.4321	1.2518
0.6433	1.0975
0.7066	1.2325
0.5005	1.0850
0.5106	1.1510
0.6326	1.2352
0.6403	1.1560
0.7104	1.1870
0.6751	1.3397
0.5667	1.2075
0.6550	1.1600
0.5676	1.1280
0.5213	1.1817
0.4871	1.0793
0.3917	1.2038
0.4322	1.2392
0.6435	1.0975
0.7079	1.2325
0.4993	1.0800
0.5104	1.1528
0.6331	1.2295
0.6379	1.1597
0.7102	1.1905
0.6780	1.3490
0.5680	1.2050
0.6547	1.1575
0.5677	1.1470
0.5211	1.1760
0.4858	1.0700
0.3922	1.2082
0.4322	1.2295
0.6437	1.1000
0.7095	1.2275
0.4980	1.0865
0.5104	1.1542
0.6337	1.2265
0.6352	1.1645
0.7098	1.1928
0.6811	1.3523
0.5688	1.2075
0.6545	1.1550
0.5686	1.1647
0.5209	1.1733
0.4844	1.0645
0.3927	1.2075
0.4323	1.2173
0.6443	1.1025
0.7104	1.2275
0.4967	1.0933
0.5103	1.1540
0.6340	1.2233
0.6326	1.1690
0.7099	1.1935
0.6841	1.3605
0.5688	1.2075
0.6544	1.1525
0.5701	1.1867
0.5204	1.1678
0.4834	1.0597
0.3933	1.2100
0.4321	1.2025
0.6447	1.1050
0.7118	1.2225
0.4955	1.1043
0.5101	1.1547
0.6342	1.2218
0.6300	1.1733
0.7095	1.1945
0.6873	1.3657
0.5685	1.2075
0.6541	1.1500
0.5720	1.2097
0.5200	1.1665
0.4822	1.0520
0.3939	1.2102
0.4320	1.1865
0.6444	1.1075
0.7126	1.2175
0.4947	1.1145
0.5100	1.1565
0.6345	1.2180
0.6277	1.1808
0.7095	1.1943
0.6908	1.3682
0.5685	1.2100
0.6538	1.1450
0.5738	1.2290
0.5197	1.1620
0.4812	1.0495
0.3944	1.2105
0.4318	1.1708
0.6441	1.1100
0.7140	1.2125
0.4941	1.1287
0.5098	1.1560
0.6350	1.2120
0.6250	1.1857
0.7090	1.1897
0.6944	1.3698
0.5681	1.2075
0.6537	1.1400
0.5759	1.2345
0.5190	1.1635
0.4804	1.0428
0.3949	1.2090
0.4315	1.1563
0.6436	1.1150
0.7148	1.2075
0.4935	1.1425
0.5094	1.1592
0.6353	1.2107
0.6226	1.1928
0.7089	1.1858
0.6982	1.3732
0.5679	1.2100
0.6533	1.1350
0.5781	1.2408
0.5188	1.1635
0.4795	1.0427
0.3954	1.2107
0.4311	1.1395
0.6431	1.1175
0.7157	1.2025
0.4929	1.1463
0.5091	1.1593
0.6356	1.2070
0.6204	1.1990
0.7084	1.1805
0.7019	1.3582
0.5676	1.2100
0.6531	1.1275
0.5804	1.2465
0.5183	1.1630
0.4788	1.0377
0.3958	1.2090
0.4308	1.1215
0.6428	1.1225
0.7162	1.1925
0.4926	1.1485
0.5088	1.1620
0.6358	1.2043
0.6182	1.2085
0.7078	1.1770
0.7058	1.3380
0.5671	1.2100
0.6524	1.1225
0.5828	1.2472
0.5180	1.1635
0.4782	1.0345
0.3963	1.2060
0.4302	1.1092
0.6425	1.1275
0.7167	1.1875
0.4921	1.1505
0.5084	1.1638
0.6362	1.2003
0.6160	1.2120
0.7074	1.1682
0.7101	1.3162
0.7128	1.2982
0.5666	1.2100
0.6516	1.1150
0.5853	1.2532
0.5174	1.1647
0.4778	1.0345
0.3968	1.2052
0.4297	1.0955
0.6420	1.1325
0.7171	1.1800
0.4918	1.1557
0.5079	1.1667
0.6367	1.1970
0.6154	1.2183
0.7066	1.1637
0.7153	1.2792
0.5662	1.2075
0.6508	1.1075
0.5879	1.2548
0.5172	1.1662
0.4773	1.0330
0.3971	1.2057
0.4291	1.0820
0.6419	1.1350
0.7171	1.1750
0.4914	1.1552
0.5074	1.1690
0.6372	1.1950
0.6150	1.2240
0.7057	1.1593
0.7176	1.2590
0.5657	1.2075
0.6502	1.1025
0.5904	1.2560
0.5168	1.1655
0.4770	1.0322
0.3974	1.2033
0.4286	1.0697
0.6417	1.1400
0.7172	1.1675
0.4911	1.1565
0.5069	1.1715
0.6379	1.1943
0.6146	1.2295
0.7047	1.1532
0.7205	1.2575
0.5651	1.2050
0.6491	1.0975
0.5931	1.2540
0.5166	1.1652
0.4768	1.0318
0.3977	1.2003
0.4279	1.0637
0.6412	1.1450
0.7171	1.1600
0.4909	1.1580
0.5065	1.1738
0.6383	1.1918
0.6143	1.2327
0.7038	1.1503
0.7233	1.2575
0.5646	1.2025
0.6481	1.0925
0.5957	1.2570
0.5162	1.1645
0.4765	1.0358
0.3981	1.2007
0.4273	1.0565
0.6411	1.1475
0.7168	1.1560
0.4907	1.1605
0.5059	1.1785
0.6387	1.1905
0.6140	1.2332
0.7030	1.1472
0.7262	1.2600
0.5640	1.2025
0.6471	1.0875
0.5984	1.2558
0.5159	1.1645
0.4765	1.0378
0.3983	1.1980
0.4266	1.0520
0.6411	1.1500
0.7163	1.1512
0.4903	1.1620
0.5054	1.1825
0.6396	1.1905
0.6138	1.2377
0.7020	1.1498
0.7294	1.2600
0.5634	1.1975
0.6459	1.0850
0.6009	1.2545
0.5156	1.1630
0.4763	1.0400
0.3985	1.1983
0.4262	1.0490
0.6410	1.1525
0.7156	1.1483
0.4902	1.1610
0.5049	1.1835
0.6400	1.1912
0.6135	1.2385
0.7012	1.1470
0.7326	1.2600
0.5627	1.1975
0.6448	1.0800
0.6036	1.2513
0.5153	1.1610
0.4764	1.0438
0.3988	1.1940
0.4255	1.0487
0.6408	1.1575
0.7148	1.1490
0.4900	1.1633
0.5046	1.1857
0.6407	1.1935
0.6132	1.2420
0.7002	1.1470
0.7358	1.2600
0.5623	1.1950
0.6437	1.0775
0.6060	1.2485
0.5150	1.1582
0.4763	1.0482
0.3989	1.1935
0.4250	1.0500
0.6407	1.1575
0.7140	1.1488
0.4897	1.1658
0.5041	1.1867
0.6412	1.1945
0.6130	1.2415
0.6995	1.1503
0.7391	1.2600
0.5615	1.1900
0.6426	1.0750
0.6086	1.2460
0.5147	1.1560
0.4763	1.0537
0.3991	1.1920
0.4243	1.0513
0.6405	1.1600
0.7134	1.1525
0.4895	1.1680
0.5037	1.1905
0.6420	1.1987
0.6127	1.2400
0.6989	1.1525
0.7427	1.2575
0.5612	1.1875
0.6414	1.0725
0.6108	1.2410
0.5144	1.1515
0.4763	1.0600
0.3992	1.1872
0.4237	1.0560
0.6406	1.1625
0.7130	1.1568
0.4892	1.1670
0.5031	1.1897
0.6425	1.2020
0.6126	1.2410
0.6981	1.1598
0.7460	1.2550
0.5606	1.1825
0.6404	1.0700
0.6131	1.2400
0.5141	1.1495
0.4764	1.0640
0.3994	1.1890
0.4231	1.0588
0.6404	1.1650
0.7124	1.1610
0.4889	1.1710
0.5026	1.1920
0.6432	1.2035
0.6124	1.2425
0.6976	1.1630
0.7496	1.2525
0.5599	1.1800
0.6392	1.0700
0.6151	1.2318
0.5137	1.1430
0.4764	1.0718
0.3996	1.1868
0.4225	1.0637
0.6403	1.1675
0.7118	1.1650
0.4887	1.1715
0.5024	1.1963
0.6439	1.2103
0.6120	1.2410
0.6975	1.1720
0.7530	1.2475
0.5593	1.1725
0.6383	1.0720
0.6171	1.2302
0.5134	1.1395
0.4766	1.0805
0.3996	1.1835
0.4219	1.0715
0.6405	1.1675
0.7115	1.1690
0.4883	1.1747
0.5020	1.1980
0.6442	1.2142
0.6119	1.2382
0.6975	1.1785
0.7564	1.2425
0.5587	1.1675
0.6372	1.0788
0.6192	1.2243
0.5129	1.1335
0.4766	1.0925
0.3997	1.1817
0.4213	1.0798
0.6402	1.1725
0.7109	1.1735
0.4882	1.1777
0.5016	1.2005
0.6446	1.2197
0.6120	1.2365
0.6976	1.1885
0.7596	1.2350
0.5582	1.1650
0.6366	1.0892
0.6207	1.2207
0.5124	1.1285
0.4767	1.0993
0.3998	1.1785
0.4207	1.0888
0.6402	1.1725
0.7103	1.1780
0.4876	1.1777
0.5014	1.2007
0.6451	1.2272
0.6118	1.2372
0.6981	1.1985
0.7625	1.2300
0.5575	1.1575
0.6358	1.1033
0.6222	1.2163
0.5121	1.1225
0.4767	1.1098
0.3997	1.1775
0.4202	1.0993
0.6400	1.1750
0.7101	1.1808
0.4873	1.1850
0.5010	1.2045
0.6455	1.2352
0.6119	1.2375
0.6987	1.2090
0.7647	1.2250
0.5570	1.1525
0.6360	1.1162
0.6232	1.2110
0.5115	1.1160
0.4770	1.1207
0.3997	1.1722
0.4197	1.1132
0.6400	1.1750
0.7097	1.1855
0.4869	1.1855
0.5008	1.2067
0.6458	1.2445
0.6120	1.2345
0.6996	1.2197
0.7664	1.2175
0.5564	1.1475
0.6361	1.1280
0.6245	1.2095
0.5110	1.1095
0.4769	1.1322
0.3998	1.1693
0.4194	1.1285
0.6399	1.1750
0.7095	1.1910
0.4863	1.1913
0.5006	1.2062
0.6462	1.2510
0.6122	1.2348
0.7008	1.2285
0.7677	1.2100
0.5557	1.1425
0.6367	1.1413
0.6253	1.2047
0.5105	1.1033
0.4771	1.1413
0.3996	1.1667
0.4190	1.1400
0.6397	1.1775
0.7091	1.1945
0.4859	1.1945
0.5003	1.2082
0.6464	1.2598
0.6125	1.2348
0.7025	1.2415
0.7691	1.2025
0.5550	1.1375
0.6372	1.1510
0.6262	1.2037
0.5100	1.1007
0.4769	1.1510
0.3996	1.1640
0.4188	1.1575
0.6393	1.1775
0.7087	1.2007
0.4854	1.1960
0.5002	1.2095
0.6466	1.2688
0.6127	1.2348
0.7042	1.2490
0.7701	1.1975
0.5544	1.1325
0.6381	1.1560
0.6267	1.2000
0.5093	1.0960
0.4769	1.1610
0.3996	1.1600
0.4185	1.1700
0.6389	1.1775
0.7087	1.2045
0.4848	1.2003
0.5000	1.2125
0.6470	1.2743
0.6131	1.2340
0.7061	1.2550
0.7085	1.2620
0.7706	1.1900
0.5537	1.1275
0.6389	1.1617
0.6272	1.1980
0.5088	1.0932
0.4768	1.1662
0.3994	1.1560
0.4183	1.1875
0.6387	1.1750
0.7087	1.2087
0.4842	1.2005
0.4997	1.2135
0.6470	1.2825
0.6138	1.2328
0.7107	1.2675
0.7707	1.1800
0.5529	1.1225
0.6400	1.1665
0.6273	1.1950
0.5082	1.0893
0.4767	1.1770
0.3993	1.1525
0.4182	1.1975
0.6385	1.1775
0.7088	1.2132
0.4835	1.2015
0.4995	1.2105
0.6475	1.2903
0.6144	1.2330
0.7130	1.2740
0.7713	1.1750
0.5523	1.1175
0.6409	1.1720
0.6275	1.1952
0.5077	1.0895
0.4765	1.1830
0.3992	1.1505
0.4181	1.2100
0.6380	1.1775
0.7087	1.2143
0.4829	1.2025
0.4995	1.2135
0.6479	1.2962
0.6149	1.2310
0.7161	1.2775
0.7710	1.1700
0.5514	1.1150
0.6423	1.1757
0.6278	1.1925
0.5072	1.0880
0.4761	1.1892
0.3990	1.1495
0.4182	1.2225
0.6376	1.1750
0.7086	1.2182
0.4821	1.2040
0.4994	1.2142
0.6481	1.3057
0.6157	1.2283
0.7189	1.2850
0.7707	1.1625
0.5506	1.1100
0.6436	1.1770
0.6276	1.1908
0.5067	1.0860
0.4760	1.1935
0.3988	1.1455
0.4182	1.2300
0.6374	1.1725
0.7090	1.2175
0.4812	1.2040
0.4991	1.2137
0.6485	1.3117
0.6167	1.2275
0.7220	1.2900
0.7704	1.1550
0.5497	1.1050
0.6449	1.1803
0.6276	1.1903
0.5061	1.0872
0.4757	1.1983
0.3987	1.1450
0.4184	1.2400
0.6368	1.1725
0.7088	1.2188
0.4804	1.2030
0.4991	1.2118
0.6489	1.3180
0.6173	1.2258
0.7252	1.2900
0.7699	1.1500
0.5490	1.1000
0.6462	1.1815
0.6274	1.1875
0.5056	1.0872
0.4753	1.2045
0.3986	1.1442
0.4185	1.2450
0.6363	1.1725
0.7091	1.2188
0.4795	1.2043
0.4990	1.2105
0.6494	1.3218
0.6182	1.2235
0.7289	1.2950
0.7690	1.1450
0.5481	1.0975
0.6476	1.1848
0.6271	1.1865
0.5052	1.0910
0.4750	1.2050
0.3984	1.1427
0.4187	1.2550
0.6359	1.1700
0.7092	1.2183
0.4785	1.2022
0.4989	1.2127
0.6497	1.3275
0.6193	1.2195
0.7323	1.2950
0.7683	1.1375
0.5471	1.0925
0.6487	1.1823
0.6269	1.1815
0.5048	1.0935
0.4746	1.2070
0.3983	1.1410
0.4189	1.2600
0.6355	1.1675
0.7094	1.2200
0.4776	1.1995
0.4988	1.2082
0.6502	1.3302
0.6203	1.2167
0.7361	1.2950
0.7673	1.1325
0.5461	1.0850
0.6502	1.1833
0.6265	1.1790
0.5043	1.0968
0.4743	1.2113
0.3981	1.1400
0.4192	1.2650
0.6350	1.1790
0.7094	1.2173
0.4767	1.1963
0.4987	1.2098
0.6508	1.3318
0.6213	1.2113
0.7399	1.2925
0.7660	1.1275
0.5453	1.0825
0.6514	1.1820
0.6261	1.1767
0.5040	1.1008
0.4737	1.2135
0.3979	1.1408
0.4195	1.2725
0.6348	1.1985
0.7095	1.2183
0.4755	1.1952
0.4987	1.2073
0.6513	1.3333
0.6225	1.2058
0.7438	1.2900
0.7651	1.1225
0.5443	1.0775
0.6524	1.1825
0.6256	1.1728
0.5037	1.1035
0.4733	1.2142
0.3979	1.1375
0.4198	1.2750
0.6342	1.2193
0.7100	1.2160
0.4745	1.1960
0.4987	1.2055
0.6519	1.3360
0.6234	1.1980
0.7479	1.2875
0.7640	1.1150
0.5434	1.0750
0.6535	1.1800
0.6249	1.1680
0.5034	1.1095
0.4729	1.2153
0.3974	1.1393
0.4202	1.2800
0.6349	1.2395
0.7099	1.2145
0.4734	1.1918
0.4989	1.2047
0.6525	1.3370
0.6243	1.1907
0.7519	1.2800
0.7626	1.1100
0.5424	1.0737
0.6545	1.1783
0.6242	1.1630
0.5032	1.1138
0.4724	1.2170
0.3966	1.1403
0.4206	1.2825
0.6362	1.2610
0.7103	1.2138
0.4723	1.1935
0.4989	1.2028
0.6532	1.3365
0.6254	1.1835
0.7559	1.2750
0.7613	1.1050
0.5415	1.0773
0.6554	1.1787
0.6236	1.1553
0.5030	1.1190
0.4719	1.2175
0.3957	1.1400
0.4210	1.2825
0.6374	1.2840
0.7104	1.2082
0.4713	1.1905
0.4992	1.2022
0.6541	1.3368
0.6262	1.1738
0.7599	1.2675
0.7597	1.0975
0.5406	1.0867
0.6562	1.1762
0.6228	1.1512
0.5028	1.1247
0.4714	1.2165
0.3950	1.1408
0.4215	1.2850
0.6389	1.2950
0.7104	1.2067
0.4701	1.1923
0.4994	1.1972
0.6550	1.3357
0.6273	1.1615
0.7632	1.2600
0.7581	1.0925
0.5400	1.0895
0.6570	1.1720
0.6219	1.1442
0.5027	1.1282
0.4708	1.2165
0.3942	1.1390
0.4219	1.2850
0.6402	1.2988
0.7107	1.2033
0.4691	1.1905
0.4997	1.1983
0.6561	1.3328
0.6282	1.1475
0.7663	1.2525
0.7566	1.0875
0.5398	1.0985
0.6575	1.1708
0.6208	1.1357
0.5027	1.1350
0.4704	1.2190
0.3934	1.1400
0.4224	1.2875
0.6418	1.3005
0.7106	1.2035
0.4680	1.1875
0.5001	1.1977
0.6572	1.3305
0.6288	1.1347
0.6293	1.1238
0.7687	1.2450
0.7549	1.0825
0.5396	1.1060
0.6579	1.1682
0.6198	1.1280
0.5026	1.1398
0.4698	1.2205
0.3925	1.1388
0.4229	1.2875
0.6433	1.3013
0.7108	1.1995
0.4670	1.1885
0.5007	1.1967
0.6584	1.3302
0.6297	1.1118
0.7717	1.2375
0.7535	1.0775
0.5392	1.1082
0.6582	1.1650
0.6187	1.1243
0.5026	1.1448
0.4693	1.2215
0.3916	1.1373
0.4235	1.2850
0.6451	1.3045
0.7108	1.1963
0.4660	1.1883
0.5015	1.1955
0.6594	1.3267
0.6299	1.1063
0.7739	1.2300
0.7517	1.0725
0.5393	1.1090
0.6585	1.1650
0.6172	1.1205
0.5028	1.1505
0.4689	1.2245
0.3908	1.1363
0.4240	1.2875
0.6467	1.3055
0.7110	1.1958
0.4650	1.1935
0.5023	1.1950
0.6609	1.3210
0.6305	1.1050
0.7763	1.2250
0.7499	1.0675
0.5393	1.1075
0.6587	1.1618
0.6157	1.1145
0.5029	1.1535
0.4684	1.2263
0.3900	1.1350
0.4246	1.2875
0.6482	1.3057
0.7107	1.1943
0.4640	1.1930
0.5031	1.1958
0.6624	1.3185
0.6309	1.1025
0.7786	1.2175
0.7481	1.0625
0.5391	1.1085
0.6587	1.1635
0.6145	1.1092
0.5031	1.1610
0.4680	1.2252
0.3890	1.1322
0.4251	1.2875
0.6499	1.3045
0.7107	1.1937
0.4631	1.1972
0.5039	1.1972
0.6639	1.3133
0.6315	1.1050
0.7808	1.2125
0.7462	1.0575
0.5391	1.1042
0.6588	1.1607
0.6129	1.1048
0.5034	1.1650
0.4676	1.2287
0.3882	1.1203
0.4257	1.2850
0.6512	1.3052
0.7107	1.1905
0.4624	1.1997
0.5046	1.1977
0.6651	1.3072
0.6323	1.1050
0.7829	1.2050
0.7443	1.0525
0.5392	1.1030
0.6586	1.1605
0.6114	1.1040
0.5036	1.1700
0.4671	1.2285
0.3873	1.1102
0.4263	1.2850
0.6528	1.3057
0.7107	1.1925
0.4616	1.2035
0.5053	1.1990
0.6666	1.3003
0.6329	1.1075
0.7849	1.2000
0.7422	1.0475
0.5392	1.1018
0.6585	1.1570
0.6099	1.1007
0.5041	1.1785
0.4666	1.2312
0.3864	1.1020
0.4269	1.2875
0.6541	1.3020
0.7105	1.1885
0.4610	1.2052
0.5063	1.2000
0.6679	1.2938
0.6337	1.1075
0.7871	1.1950
0.7402	1.0437
0.5393	1.0993
0.6581	1.1547
0.6079	1.0983
0.5051	1.1815
0.4664	1.2330
0.3852	1.0955
0.4274	1.2850
0.6557	1.3018
0.7103	1.1887
0.4604	1.2078
0.5070	1.2043
0.6693	1.2882
0.6347	1.1075
0.7888	1.1900
0.7380	1.0477
0.5393	1.0965
0.6578	1.1550
0.6064	1.0997
0.5059	1.1888
0.4660	1.2348
0.3841	1.0885
0.4280	1.2825
0.6569	1.3010
0.7100	1.1860
0.4598	1.2118
0.5079	1.2055
0.6708	1.2780
0.6357	1.1100
0.7907	1.1850
0.7361	1.0503
0.5391	1.0955
0.6569	1.1540
0.6048	1.0990
0.5070	1.1958
0.4656	1.2393
0.3831	1.0850
0.4287	1.2825
0.6582	1.2970
0.7096	1.1843
0.4593	1.2137
0.5086	1.2062
0.6722	1.2697
0.6366	1.1125
0.7926	1.1775
0.7340	1.0540
0.5391	1.0920
0.6564	1.1515
0.6029	1.1015
0.5078	1.2013
0.4653	1.2405
0.3821	1.0900
0.4292	1.2825
0.6593	1.2960
0.7091	1.1832
0.4590	1.2168
0.5096	1.2098
0.6735	1.2590
0.6371	1.1150
0.7945	1.1750
0.7326	1.0610
0.5390	1.0908
0.6557	1.1483
0.6014	1.1020
0.5087	1.2100
0.4651	1.2462
0.3811	1.0950
0.4298	1.2800
0.6605	1.2955
0.7087	1.1805
0.4588	1.2200
0.5104	1.2095
0.6745	1.2465
0.6377	1.1175
0.7961	1.1700
0.7309	1.0690
0.5390	1.0890
0.6549	1.1492
0.5996	1.1030
0.5098	1.2133
0.4647	1.2473
0.3802	1.1000
0.4305	1.2775
0.6613	1.2918
0.7082	1.1793
0.4587	1.2245
0.5113	1.2140
0.6755	1.2342
0.6384	1.1200
0.7978	1.1625
0.7297	1.0745
0.5387	1.0890
0.6538	1.1475
0.5978	1.1077
0.5108	1.2205
0.4646	1.2478
0.3792	1.1025
0.4311	1.2775
0.6626	1.2925
0.7076	1.1788
0.4586	1.2240
0.5121	1.2135
0.6766	1.2223
0.6391	1.1225
0.7994	1.1575
0.7286	1.0760
0.5386	1.0852
0.6525	1.1455
0.5960	1.1072
0.5118	1.2268
0.4645	1.2538
0.3783	1.1050
0.4317	1.2750
0.6635	1.2912
0.7071	1.1757
0.4587	1.2265
0.5128	1.2153
0.6773	1.2005
0.6397	1.1275
0.8009	1.1525
0.7275	1.0800
0.5383	1.0845
0.6514	1.1405
0.5944	1.1132
0.5129	1.2340
0.4643	1.2562
0.3775	1.1100
0.4324	1.2725
0.6641	1.2928
0.7061	1.1730
0.4589	1.2298
0.5137	1.2170
0.6781	1.1792
0.6403	1.1300
0.8020	1.1475
0.7262	1.0810
0.5381	1.0865
0.6502	1.1385
0.5929	1.1170
0.5139	1.2405
0.4641	1.2580
0.3766	1.1125
0.4329	1.2700
0.6653	1.2893
0.7056	1.1695
0.4591	1.2310
0.5145	1.2172
0.6789	1.1570
0.6784	1.1367
0.6409	1.1325
0.8037	1.1425
0.7252	1.0830
0.5377	1.0883
0.6488	1.1347
0.5910	1.1205
0.5151	1.2460
0.4641	1.2570
0.3757	1.1150
0.4335	1.2675
0.6662	1.2898
0.7048	1.1685
0.4599	1.2295
0.5152	1.2180
0.6780	1.1185
0.6416	1.1350
0.8048	1.1375
0.7245	1.0852
0.5373	1.0898
0.6469	1.1318
0.5895	1.1253
0.5163	1.2515
0.4640	1.2602
0.3750	1.1175
0.4342	1.2625
0.6669	1.2918
0.7039	1.1680
0.4608	1.2285
0.5160	1.2155
0.6775	1.1020
0.6425	1.1400
0.8056	1.1325
0.7236	1.0872
0.5370	1.0915
0.6452	1.1295
0.5879	1.1300
0.5176	1.2580
0.4641	1.2640
0.3742	1.1200
0.4348	1.2575
0.6677	1.2922
0.7029	1.1627
0.4617	1.2308
0.5167	1.2145
0.6768	1.0975
0.6432	1.1450
0.8064	1.1275
0.7231	1.0892
0.5367	1.0958
0.6432	1.1242
0.5864	1.1385
0.5188	1.2625
0.4640	1.2617
0.3734	1.1225
0.4354	1.2550
0.6689	1.2915
0.7022	1.1613
0.4627	1.2312
0.5173	1.2160
0.6764	1.0925
0.6438	1.1450
0.8071	1.1225
0.7226	1.0895
0.5363	1.0995
0.6414	1.1260
0.5850	1.1415
0.5200	1.2630
0.4642	1.2623
0.3726	1.1225
0.4359	1.2535
0.6697	1.2897
0.7014	1.1577
0.4636	1.2287
0.5180	1.2120
0.6761	1.0900
0.6447	1.1475
0.8073	1.1200
0.7218	1.0940
0.5358	1.1050
0.6395	1.1225
0.5837	1.1445
0.5213	1.2665
0.4643	1.2605
0.3718	1.1275
0.4365	1.2545
0.6708	1.2907
0.7005	1.1545
0.4646	1.2277
0.5184	1.2105
0.6757	1.0900
0.6455	1.1500
0.8079	1.1125
0.7216	1.0943
0.5353	1.1070
0.6374	1.1233
0.5825	1.1520
0.5226	1.2680
0.4644	1.2583
0.3710	1.1300
0.4371	1.2580
0.6715	1.2872
0.6994	1.1495
0.4656	1.2272
0.5190	1.2090
0.6752	1.0875
0.6462	1.1525
0.8078	1.1075
0.7207	1.0943
0.5349	1.1102
0.6357	1.1222
0.5813	1.1535
0.5239	1.2680
0.4644	1.2520
0.3703	1.1325
0.4378	1.2632
0.6724	1.2857
0.6985	1.1480
0.4667	1.2250
0.5196	1.2068
0.6748	1.0850
0.6469	1.1525
0.8076	1.1025
0.7207	1.0938
0.5347	1.1167
0.6335	1.1213
0.5800	1.1590
0.5251	1.2682
0.4643	1.2280
0.3697	1.1350
0.4386	1.2683
0.6734	1.2815
0.6974	1.1447
0.4677	1.2207
0.5201	1.2065
0.6748	1.0850
0.6478	1.1525
0.8071	1.0975
0.7201	1.0922
0.5342	1.1222
0.6314	1.1243
0.5792	1.1612
0.5263	1.2667
0.4640	1.2060
0.3690	1.1400
0.4395	1.2755
0.6743	1.2785
0.6964	1.1423
0.4686	1.2172
0.5205	1.2023
0.6745	1.0850
0.6486	1.1525
0.8067	1.0900
0.7197	1.0918
0.5338	1.1263
0.6296	1.1220
0.5784	1.1640
0.5275	1.2637
0.4637	1.1827
0.3684	1.1450
0.4403	1.2810
0.6752	1.2767
0.6957	1.1403
0.4696	1.2155
0.5209	1.2017
0.6745	1.0850
0.6496	1.1525
0.8054	1.0867
0.7189	1.0902
0.5334	1.1328
0.6277	1.1270
0.5790	1.1710
0.5287	1.2635
0.4626	1.1638
0.3678	1.1475
0.4412	1.2865
0.6763	1.2718
0.6945	1.1375
0.4705	1.2127
0.5214	1.1997
0.6745	1.0825
0.6506	1.1500
0.8046	1.0855
0.7182	1.0898
0.5330	1.1385
0.6260	1.1295
0.5795	1.1720
0.5296	1.2575
0.4614	1.1442
0.3673	1.1525
0.4422	1.2885
0.6771	1.2678
0.6936	1.1348
0.4714	1.2105
0.5217	1.1980
0.6748	1.0850
0.6513	1.1500
0.8031	1.0828
0.7176	1.0877
0.5328	1.1445
0.6244	1.1323
0.5800	1.1775
0.5305	1.2540
0.4602	1.1300
0.3668	1.1575
0.4433	1.2908
0.6779	1.2635
0.6926	1.1312
0.4724	1.2093
0.5222	1.1990
0.6746	1.0850
0.6522	1.1475
0.8016	1.0840
0.7169	1.0873
0.5325	1.1485
0.6227	1.1340
0.5805	1.1770
0.5316	1.2490
0.4591	1.1325
0.3663	1.1625
0.4444	1.2937
0.6788	1.2582
0.6914	1.1308
0.4733	1.2055
0.5227	1.1970
0.6745	1.0850
0.6529	1.1450
0.8003	1.0838
0.7160	1.0870
0.5323	1.1535
0.6214	1.1390
0.5811	1.1795
0.5322	1.2448
0.4579	1.1325
0.3659	1.1650
0.4456	1.2955
0.6795	1.2540
0.6903	1.1292
0.4743	1.2040
0.5231	1.1990
0.6747	1.0875
0.6539	1.1425
0.7988	1.0870
0.7151	1.0887
0.5319	1.1580
0.6201	1.1420
0.5816	1.1843
0.5329	1.2415
0.4569	1.1350
0.3656	1.1700
0.4466	1.2967
0.6802	1.2472
0.6892	1.1285
0.4751	1.2018
0.5236	1.1980
0.6746	1.0900
0.6548	1.1400
0.7972	1.0870
0.7141	1.0845
0.5318	1.1617
0.6188	1.1462
0.5820	1.1877
0.5335	1.2332
0.4558	1.1325
0.3652	1.1750
0.4477	1.2945
0.6812	1.2420
0.6882	1.1290
0.4759	1.2015
0.5241	1.1993
0.6747	1.0950
0.6555	1.1375
0.7957	1.0867
0.7129	1.0860
0.5316	1.1628
0.6178	1.1510
0.5827	1.1912
0.5341	1.2277
0.4546	1.1350
0.3649	1.1800
0.4488	1.2953
0.6817	1.2373
0.6869	1.1313
0.4768	1.1980
0.5247	1.2007
0.6748	1.0950
0.6559	1.1300
0.7940	1.0885
0.7121	1.0855
0.5313	1.1660
0.6168	1.1595
0.5833	1.1960
0.5345	1.2225
0.4535	1.1325
0.3647	1.1850
0.4500	1.2955
0.6822	1.2312
0.6860	1.1293
0.4776	1.1970
0.5253	1.2030
0.6749	1.1000
0.6569	1.1275
0.7921	1.0878
0.7106	1.0885
0.5310	1.1677
0.6160	1.1660
0.5842	1.1992
0.5349	1.2170
0.4524	1.1300
0.3645	1.1900
0.4511	1.2970
0.6825	1.2258
0.6847	1.1305
0.4784	1.1990
0.5259	1.2048
0.6752	1.1025
0.6573	1.1225
0.7906	1.0872
0.7094	1.0872
0.5306	1.1710
0.6155	1.1705
0.5849	1.2023
0.5349	1.2122
0.4513	1.1300
0.3644	1.1975
0.4522	1.2960
0.6832	1.2217
0.6837	1.1305
0.4790	1.1988
0.5266	1.2087
0.6753	1.1050
0.6577	1.1200
0.7890	1.0870
0.7076	1.0885
0.5302	1.1690
0.6153	1.1783
0.5859	1.2062
0.5350	1.2070
0.4502	1.1275
0.3643	1.2000
0.4534	1.2933
0.6834	1.2170
0.6822	1.1327
0.4798	1.1982
0.5276	1.2135
0.6757	1.1075
0.6581	1.1125
0.7871	1.0842
0.7063	1.0915
0.5300	1.1700
0.6149	1.1840
0.5867	1.2065
0.5351	1.2027
0.4490	1.1275
0.3643	1.2050
0.4545	1.2948
0.6836	1.2138
0.6812	1.1343
0.4805	1.2010
0.5283	1.2173
0.6760	1.1100
0.6586	1.1100
0.7852	1.0845
0.7045	1.0932
0.5298	1.1698
0.6146	1.1910
0.5876	1.2095
0.5350	1.2015
0.4478	1.1250
0.3642	1.2075
0.4556	1.2955
0.6839	1.2092
0.6796	1.1357
0.4812	1.2030
0.5295	1.2215
0.6765	1.1125
0.6587	1.1075
0.7838	1.0820
0.7032	1.0967
0.5292	1.1682
0.6146	1.1947
0.5887	1.2087
0.5349	1.1992
0.4467	1.1250
0.3642	1.2100
0.4566	1.2970
0.6839	1.2087
0.6784	1.1393
0.4819	1.2047
0.5305	1.2242
0.6770	1.1150
0.6587	1.1025
0.7815	1.0810
0.7014	1.0987
0.5290	1.1673
0.6146	1.1998
0.5897	1.2123
0.5348	1.1945
0.4456	1.1250
0.3643	1.2150
0.4577	1.2940
0.6837	1.2052
0.6770	1.1405
0.4827	1.2078
0.5318	1.2302
0.6776	1.1150
0.6588	1.0975
0.7801	1.0793
0.6997	1.1058
0.5284	1.1613
0.6147	1.2055
0.5908	1.2127
0.5346	1.1915
0.4445	1.1250
0.3643	1.2150
0.4588	1.2940
0.6837	1.2028
0.6758	1.1440
0.4833	1.2105
0.5329	1.2310
0.6781	1.1175
0.6587	1.0925
0.7784	1.0785
0.6979	1.1100
0.5280	1.1607
0.6149	1.2095
0.5917	1.2135
0.5344	1.1905
0.4433	1.1250
0.3644	1.2175
0.4599	1.2960
0.6837	1.2017
0.6744	1.1485
0.4841	1.2145
0.5342	1.2350
0.6789	1.1200
0.6584	1.0925
0.7766	1.0785
0.6964	1.1147
0.5275	1.1567
0.6153	1.2135
0.5928	1.2145
0.5339	1.1883
0.4423	1.1250
0.3645	1.2150
0.4609	1.2970
0.6834	1.2020
0.6730	1.1517
0.4848	1.2157
0.5356	1.2350
0.6793	1.1200
0.6579	1.0850
0.7753	1.0763
0.6948	1.1183
0.5269	1.1530
0.6157	1.2153
0.5938	1.2138
0.5336	1.1867
0.4412	1.1250
0.3646	1.2150
0.4619	1.2950
0.6832	1.2012
0.6717	1.1547
0.4857	1.2207
0.5371	1.2382
0.5386	1.2402
0.6800	1.1225
0.6571	1.0825
0.7738	1.0757
0.6935	1.1242
0.5262	1.1505
0.6160	1.2190
0.5949	1.2165
0.5334	1.1815
0.4400	1.1275
0.3647	1.2125
0.4628	1.2948
0.6827	1.2017
0.6706	1.1602
0.4864	1.2270
0.5400	1.2408
0.6808	1.1225
0.6568	1.0800
0.7721	1.0760
0.6918	1.1310
0.5258	1.1452
0.6165	1.2195
0.5960	1.2152
0.5332	1.1825
0.4389	1.1275
0.3646	1.2100
0.4639	1.2973
0.6825	1.2033
0.6695	1.1640
0.4872	1.2315
0.5417	1.2448
0.6816	1.1250
0.6559	1.0878
0.7709	1.0780
0.6903	1.1343
0.5250	1.1425
0.6169	1.2235
0.5970	1.2160
0.5330	1.1777
0.4378	1.1300
0.3647	1.2050
0.4648	1.2987
0.6819	1.2010
0.6683	1.1675
0.4880	1.2360
0.5433	1.2475
0.6825	1.1250
0.6551	1.0970
0.7695	1.0780
0.6888	1.1377
0.5243	1.1380
0.6178	1.2258
0.5980	1.2135
0.5326	1.1733
0.4368	1.1300
0.3646	1.2025
0.4657	1.2965
0.6814	1.2052
0.6672	1.1707
0.4890	1.2430
0.5450	1.2525
0.6832	1.1225
0.6540	1.1050
0.7683	1.0800
0.6879	1.1433
0.5236	1.1308
0.6181	1.2255
0.5990	1.2140
0.5324	1.1665
0.4357	1.1325
0.3647	1.1975
0.4666	1.2967
0.6808	1.2052
0.6661	1.1750
0.4900	1.2495
0.5463	1.2550
0.6837	1.1225
0.6539	1.1172
0.7676	1.0830
0.6863	1.1490
0.5229	1.1305
0.6192	1.2292
0.5999	1.2138
0.5321	1.1510
0.4347	1.1350
0.3647	1.1925
0.4676	1.2995
0.6799	1.2070
0.6648	1.1780
0.4910	1.2568
0.5475	1.2575
0.6844	1.1225
0.6536	1.1285
0.7667	1.0840
0.6851	1.1512
0.5221	1.1250
0.6200	1.2285
0.6009	1.2102
0.5317	1.1397
0.4337	1.1375
0.3646	1.1850
0.4683	1.2988
0.6792	1.2065
0.6637	1.1838
0.4921	1.2605
0.5487	1.2625
0.6848	1.1225
0.6535	1.1415
0.7661	1.0875
0.6840	1.1523
0.5212	1.1203
0.6210	1.2332
0.6018	1.2095
0.5315	1.1247
0.4327	1.1400
0.3644	1.1770
0.4692	1.2987
0.6784	1.2105
0.6626	1.1883
0.4933	1.2702
0.5499	1.2650
0.6853	1.1200
0.6532	1.1455
0.7653	1.0905
0.6828	1.1562
0.5205	1.1163
0.6229	1.2315
0.6027	1.2085
0.5306	1.1167
0.4316	1.1425
0.3643	1.1780
0.4701	1.2965
0.6773	1.2155
0.6615	1.1940
0.4945	1.2765
0.5511	1.2675
0.6861	1.1200
0.6531	1.1502
0.7646	1.0957
0.6816	1.1580
0.5197	1.1135
0.6246	1.2320
0.6032	1.2090
0.5301	1.1055
0.4308	1.1475
0.3641	1.1790
0.4707	1.2975
0.6764	1.2163
0.6607	1.1968
0.4957	1.2835
0.5522	1.2700
0.6865	1.1200
0.6531	1.1563
0.7645	1.1003
0.6803	1.1620
0.5188	1.1120
0.6265	1.2345
0.6040	1.2062
0.5294	1.1025
0.4298	1.1500
0.3638	1.1825
0.4715	1.2967
0.6753	1.2205
0.6596	1.2020
0.4972	1.2935
0.5535	1.2700
0.6865	1.1175
0.6530	1.1618
0.7646	1.1035
0.6793	1.1600
0.5179	1.1080
0.6281	1.2355
0.6047	1.2052
0.5287	1.1050
0.4290	1.1525
0.3637	1.1857
0.4721	1.2920
0.6743	1.2230
0.6585	1.2082
0.4986	1.3025
0.5546	1.2725
0.6867	1.1175
0.6530	1.1650
0.7646	1.1120
0.6782	1.1620
0.5169	1.1058
0.6299	1.2382
0.6054	1.2070
0.5276	1.1100
0.4281	1.1525
0.3636	1.1965
0.4728	1.2917
0.6731	1.2270
0.6576	1.2115
0.5001	1.3110
0.5556	1.2725
0.6866	1.1150
0.6530	1.1715
0.7647	1.1170
0.6773	1.1620
0.5161	1.1072
0.6314	1.2392
0.6059	1.2062
0.5270	1.1150
0.4272	1.1575
0.3634	1.2028
0.4734	1.2868
0.6717	1.2287
0.6567	1.2170
0.5019	1.3168
0.5565	1.2725
0.6866	1.1125
0.6533	1.1760
0.7648	1.1193
0.6758	1.1643
0.5153	1.1072
0.6332	1.2412
0.6065	1.2062
0.5261	1.1175
0.4265	1.1575
0.3633	1.2098
0.4738	1.2865
0.6701	1.2340
0.6561	1.2220
0.5037	1.3267
0.5577	1.2725
0.6866	1.1100
0.6534	1.1810
0.7654	1.1223
0.6746	1.1622
0.5143	1.1085
0.6348	1.2438
0.6072	1.2062
0.5253	1.1250
0.4256	1.1600
0.3633	1.2118
0.4743	1.2835
0.6688	1.2382
0.6554	1.2267
0.5054	1.3335
0.5585	1.2700
0.6863	1.1075
0.6539	1.1835
0.7656	1.1277
0.6732	1.1612
0.5135	1.1080
0.6364	1.2453
0.6076	1.2067
0.5245	1.1275
0.4251	1.1600
0.3631	1.2188
0.4746	1.2760
0.6674	1.2408
0.6548	1.2312
0.5073	1.3362
0.5595	1.2700
0.6858	1.1075
0.6540	1.1857
0.7660	1.1322
0.6722	1.1600
0.5126	1.1117
0.6380	1.2453
0.6083	1.2045
0.5235	1.1325
0.4243	1.1625
0.3630	1.2230
0.4750	1.2742
0.6660	1.2472
0.6542	1.2395
0.5095	1.3408
0.5603	1.2700
0.6855	1.1025
0.6546	1.1930
0.7662	1.1357
0.6708	1.1595
0.5118	1.1165
0.6395	1.2458
0.6088	1.2023
0.5228	1.1375
0.4236	1.1650
0.3629	1.2253
0.4753	1.2655
0.6645	1.2545
0.6536	1.2430
0.5115	1.3380
0.5610	1.2650
0.6847	1.0975
0.6549	1.1910
0.7670	1.1380
0.6697	1.1595
0.5109	1.1198
0.6409	1.2448
0.6094	1.2013
0.5220	1.1425
0.4230	1.1625
0.3628	1.2315
0.4754	1.2630
0.6632	1.2590
0.6534	1.2495
0.5137	1.3280
0.5618	1.2625
0.6843	1.1052
0.6555	1.1953
0.7672	1.1432
0.6681	1.1562
0.5104	1.1253
0.6424	1.2467
0.6096	1.1775
0.5212	1.1475
0.4225	1.1650
0.3627	1.2335
0.4754	1.2558
0.6618	1.2638
0.6535	1.2540
0.5158	1.3132
0.5177	1.3017
0.5625	1.2575
0.6835	1.1152
0.6563	1.1980
0.7676	1.1490
0.6668	1.1543
0.5098	1.1310
0.6437	1.2487
0.6100	1.1555
0.5205	1.1525
0.4220	1.1625
0.3625	1.2405
0.4753	1.2475
0.6614	1.2678
0.6531	1.2615
0.5195	1.2908
0.5631	1.2550
0.6825	1.1288
0.6566	1.1963
0.7678	1.1495
0.6656	1.1520
0.5093	1.1388
0.6448	1.2490
0.6105	1.1353
0.5197	1.1575
0.4215	1.1625
0.3624	1.2418
0.4752	1.2437
0.6613	1.2758
0.6535	1.2665
0.5205	1.2752
0.5637	1.2525
0.6823	1.1377
0.6573	1.1997
0.7681	1.1553
0.6641	1.1543
0.5099	1.1443
0.6462	1.2505
0.6092	1.1190
0.5189	1.1625
0.4210	1.1600
0.3622	1.2485
0.4751	1.2333
0.6616	1.2803
0.6535	1.2695
0.5215	1.2675
0.5641	1.2450
0.6824	1.1502
0.6583	1.1980
0.7683	1.1573
0.6624	1.1537
0.5105	1.1547
0.6474	1.2505
0.6083	1.1017
0.5181	1.1650
0.4206	1.1575
0.3622	1.2527
0.4747	1.2280
0.6616	1.2855
0.6540	1.2777
0.5224	1.2650
0.5647	1.2425
0.6828	1.1637
0.6588	1.2025
0.7683	1.1608
0.6611	1.1512
0.5111	1.1640
0.6485	1.2517
0.6073	1.0875
0.5174	1.1700
0.4202	1.1550
0.3619	1.2565
0.4744	1.2215
0.6619	1.2918
0.6543	1.2805
0.5233	1.2650
0.5652	1.2350
0.6827	1.1683
0.6595	1.2017
0.7685	1.1628
0.6596	1.1495
0.5117	1.1762
0.6497	1.2498
0.6066	1.0950
0.5165	1.1775
0.4199	1.1500
0.3619	1.2628
0.4738	1.2127
0.6623	1.2952
0.6549	1.2885
0.5241	1.2600
0.5655	1.2300
0.6828	1.1668
0.6601	1.1978
0.7679	1.1657
0.6583	1.1545
0.5125	1.1865
0.6508	1.2470
0.6059	1.1000
0.5158	1.1800
0.4195	1.1475
0.3616	1.2662
0.4731	1.2058
0.6630	1.3040
0.6559	1.2918
0.5250	1.2575
0.5657	1.2250
0.6828	1.1665
0.6611	1.2002
0.7674	1.1695
0.6568	1.1547
0.5133	1.1985
0.6517	1.2478
0.6055	1.1075
0.5151	1.1850
0.4191	1.1450
0.3615	1.2725
0.4726	1.1972
0.6636	1.3092
0.6567	1.3000
0.5258	1.2525
0.5659	1.2175
0.6828	1.1670
0.6619	1.1990
0.7665	1.1702
0.6554	1.1530
0.5142	1.2127
0.6523	1.2467
0.6051	1.1150
0.5143	1.1900
0.4188	1.1510
0.3614	1.2755
0.4717	1.1950
0.6643	1.3175
0.6581	1.3045
0.5266	1.2500
0.5662	1.2125
0.6825	1.1658
0.6621	1.1970
0.7659	1.1720
0.6544	1.1547
0.5150	1.2272
0.6531	1.2440
0.6048	1.1200
0.5135	1.1975
0.4185	1.1630
0.3612	1.2800
0.4708	1.1888
0.6654	1.3227
0.6593	1.3060
0.5274	1.2450
0.5663	1.2075
0.6825	1.1658
0.6627	1.1975
0.7649	1.1747
0.6530	1.1583
0.5159	1.2385
0.6538	1.2435
0.6046	1.1250
0.5128	1.2025
0.4183	1.1818
0.3610	1.2827
0.4698	1.1813
0.6664	1.3285
0.6608	1.3128
0.5280	1.2425
0.5663	1.2025
0.6824	1.1667
0.6635	1.1967
0.7635	1.1795
0.6516	1.1603
0.5169	1.2492
0.6545	1.2433
0.6040	1.1300
0.5120	1.2050
0.4183	1.1993
0.3608	1.2838
0.4689	1.1750
0.6680	1.3370
0.6625	1.3120
0.5288	1.2400
0.5665	1.1975
0.6822	1.1687
0.6638	1.1987
0.7615	1.1778
0.6507	1.1630
0.5182	1.2640
0.6548	1.2445
0.6027	1.1375
0.5114	1.2100
0.4186	1.2155
0.3605	1.2825
0.4679	1.1725
0.6695	1.3420
0.6641	1.3138
0.5294	1.2325
0.5663	1.1925
0.6819	1.1680
0.6645	1.1973
0.7599	1.1803
0.6495	1.1638
0.5193	1.2752
0.6552	1.2420
0.6014	1.1425
0.5108	1.2125
0.4191	1.2330
0.3603	1.2830
0.4668	1.1713
0.6711	1.3457
0.6659	1.3137
0.5301	1.2325
0.5662	1.1875
0.6816	1.1685
0.6651	1.1970
0.7584	1.1840
0.6484	1.1720
0.5205	1.2867
0.6556	1.2400
0.6001	1.1450
0.5102	1.2175
0.4197	1.2430
0.3600	1.2833
0.4657	1.1658
0.6727	1.3470
0.6677	1.3122
0.6696	1.3145
0.5306	1.2275
0.5661	1.1850
0.6816	1.1702
0.6653	1.1993
0.7559	1.1882
0.6475	1.1735
0.5218	1.2920
0.6561	1.2420
0.5991	1.1500
0.5097	1.2175
0.4201	1.2455
0.3596	1.2793
0.4647	1.1642
0.6746	1.3495
0.6716	1.3157
0.5310	1.2275
0.5660	1.1800
0.6814	1.1742
0.6657	1.1980
0.7539	1.1912
0.6464	1.1800
0.5231	1.3027
0.6564	1.2398
0.5981	1.1525
0.5091	1.2200
0.4205	1.2450
0.3593	1.2775
0.4636	1.1610
0.6767	1.3515
0.6736	1.3185
0.5316	1.2225
0.5657	1.1775
0.6809	1.1743
0.6657	1.2000
0.7517	1.1913
0.6458	1.1862
0.5246	1.3130
0.6565	1.2387
0.5969	1.1550
0.5086	1.2200
0.4210	1.2445
0.3591	1.2740
0.4625	1.1618
0.6784	1.3515
0.6757	1.3200
0.5320	1.2200
0.5656	1.1750
0.6805	1.1758
0.6661	1.2020
0.7496	1.1957
0.6449	1.1910
0.5260	1.3178
0.6569	1.2343
0.5959	1.1575
0.5082	1.2225
0.4215	1.2455
0.3587	1.2708
0.4614	1.1610
0.6806	1.3508
0.6782	1.3200
0.5324	1.2200
0.5652	1.1725
0.6803	1.1797
0.6661	1.2055
0.7473	1.1977
0.6445	1.2015
0.5275	1.3223
0.6569	1.2328
0.5948	1.1600
0.5078	1.2250
0.4221	1.2445
0.3584	1.2658
0.4601	1.1600
0.6824	1.3500
0.6805	1.3250
0.5328	1.2150
0.5648	1.1725
0.6800	1.1810
0.6663	1.2103
0.7446	1.1977
0.6440	1.2060
0.5292	1.3245
0.6572	1.2315
0.5937	1.1600
0.5074	1.2225
0.4226	1.2405
0.3580	1.2587
0.4590	1.1610
0.6846	1.3480
0.6828	1.3250
0.5331	1.2150
0.5644	1.1700
0.6798	1.1833
0.6662	1.2130
0.7422	1.2015
0.6439	1.2170
0.5307	1.3267
0.6571	1.2265
0.5929	1.1625
0.5072	1.2250
0.4231	1.2392
0.3576	1.2547
0.4579	1.1627
0.6867	1.3435
0.6852	1.3225
0.5333	1.2125
0.5639	1.1700
0.6797	1.1838
0.6660	1.2152
0.7400	1.2030
0.6438	1.2237
0.5321	1.3268
0.6570	1.2190
0.5921	1.1650
0.5070	1.2225
0.4235	1.2357
0.3572	1.2465
0.4568	1.1645
0.6888	1.3390
0.6878	1.3225
0.5335	1.2100
0.5633	1.1700
0.6794	1.1835
0.6661	1.2167
0.7376	1.2057
0.6437	1.2345
0.5338	1.3245
0.6572	1.2005
0.5912	1.1675
0.5067	1.2225
0.4239	1.2345
0.3568	1.2378
0.4556	1.1675
0.6908	1.3310
0.6901	1.3200
0.5338	1.2075
0.5628	1.1700
0.6789	1.1862
0.6657	1.2205
0.7358	1.2093
0.6441	1.2465
0.5352	1.3197
0.6570	1.1870
0.5905	1.1650
0.5067	1.2200
0.4242	1.2325
0.3564	1.2330
0.4546	1.1678
0.6927	1.3245
0.6925	1.3200
0.5340	1.2050
0.5623	1.1715
0.6786	1.1852
0.6654	1.2262
0.7337	1.2135
0.6449	1.2548
0.5367	1.3167
0.6566	1.1750
0.5898	1.1650
0.5066	1.2175
0.4246	1.2285
0.3560	1.2257
0.4535	1.1695
0.6944	1.3137
0.6949	1.3150
0.5343	1.2050
0.5618	1.1743
0.6780	1.1873
0.6647	1.2275
0.7317	1.2155
0.6468	1.2692
0.5382	1.3093
0.6553	1.1600
0.5890	1.1675
0.5066	1.2175
0.4250	1.2297
0.3556	1.2157
0.4525	1.1712
0.6961	1.3068
0.6971	1.3125
0.5343	1.2025
0.5612	1.1810
0.6777	1.1860
0.6639	1.2312
0.7302	1.2160
0.6488	1.2825
0.5396	1.3037
0.6542	1.1525
0.5882	1.1650
0.5065	1.2125
0.4254	1.2260
0.3553	1.2100
0.4516	1.1733
0.6979	1.2978
0.6994	1.3075
0.5344	1.2000
0.5605	1.1892
0.6771	1.1872
0.6635	1.2363
0.7289	1.2198
0.6505	1.2967
0.5408	1.2935
0.6534	1.1500
0.5876	1.1650
0.5066	1.2100
0.4256	1.2243
0.3549	1.2027
0.4506	1.1773
0.6993	1.2880
0.7013	1.3050
0.5345	1.2000
0.5600	1.1960
0.6768	1.1895
0.6624	1.2437
0.7276	1.2213
0.6529	1.3062
0.5420	1.2837
0.6523	1.1575
0.5869	1.1625
0.5068	1.2075
0.4260	1.2198
0.3545	1.1995
0.4497	1.1775
0.7007	1.2788
0.7029	1.3025
0.5347	1.1975
0.5597	1.2070
0.6761	1.1882
0.6612	1.2468
0.7264	1.2237
0.6551	1.3187
0.5433	1.2755
0.6519	1.1650
0.5863	1.1625
0.5068	1.2050
0.4261	1.2178
0.3542	1.1908
0.4489	1.1813
0.7020	1.2675
0.7041	1.2975
0.5348	1.1975
0.5593	1.2152
0.6756	1.1878
0.6601	1.2473
0.7258	1.2245
0.6574	1.3318
0.5442	1.2672
0.6515	1.1700
0.5857	1.1600
0.5070	1.2000
0.4263	1.2157
0.3539	1.1857
0.4482	1.1817
0.7030	1.2615
0.7056	1.2950
0.5349	1.1950
0.5588	1.2233
0.6751	1.1882
0.6592	1.2507
0.7251	1.2283
0.6595	1.3417
0.5453	1.2605
0.6510	1.1800
0.5851	1.1575
0.5070	1.1950
0.4265	1.2108
0.3536	1.1808
0.4474	1.1813
0.7039	1.2407
0.7065	1.2925
0.5348	1.1925
0.5587	1.2265
0.6744	1.1892
0.6577	1.2525
0.7248	1.2272
0.6621	1.3480
0.5462	1.2510
0.6508	1.1850
0.5844	1.1575
0.5073	1.1925
0.4267	1.2103
0.3533	1.1735
0.4467	1.1798
0.7048	1.2180
0.7075	1.2900
0.5350	1.1875
0.5585	1.2295
0.6738	1.1868
0.6562	1.2545
0.7244	1.2272
0.6645	1.3545
0.5472	1.2450
0.6508	1.1900
0.5838	1.1550
0.5073	1.1878
0.4269	1.2057
0.3531	1.1710
0.4460	1.1782
0.7056	1.2000
0.7052	1.1862
0.7085	1.2850
0.5349	1.1850
0.5583	1.2330
0.6731	1.1895
0.6545	1.2515
0.7242	1.2272
0.6670	1.3655
0.5481	1.2395
0.6510	1.1950
0.5833	1.1525
0.5075	1.1845
0.4271	1.2040
0.3530	1.1660
0.4452	1.1760
0.7045	1.1742
0.7095	1.2850
0.5349	1.1825
0.5580	1.2338
0.6727	1.1890
0.6530	1.2522
0.7239	1.2243
0.6694	1.3658
0.5489	1.2330
0.6513	1.2000
0.5826	1.1500
0.5078	1.1823
0.4273	1.1995
0.3531	1.1632
0.4444	1.1742
0.7042	1.1615
0.7101	1.2800
0.5348	1.1775
0.5578	1.2348
0.6719	1.1892
0.6515	1.2535
0.7240	1.2220
0.6719	1.3698
0.5496	1.2265
0.6517	1.2050
0.5822	1.1475
0.5078	1.1835
0.4274	1.1970
0.3531	1.1600
0.4438	1.1700
0.7040	1.1675
0.7108	1.2775
0.5346	1.1750
0.5577	1.2338
0.6716	1.1875
0.6495	1.2505
0.7238	1.2150
0.6747	1.3695
0.5505	1.2213
0.6519	1.2075
0.5816	1.1425
0.5080	1.1832
0.4276	1.1958
0.3531	1.1618
0.4430	1.1685
0.7040	1.1775
0.7117	1.2750
0.5345	1.1725
0.5575	1.2353
0.6712	1.1895
0.6480	1.2507
0.7239	1.2138
0.6769	1.3690
0.5512	1.2165
0.6523	1.2100
0.5810	1.1375
0.5082	1.1837
0.4276	1.1895
0.3531	1.1620
0.4423	1.1680
0.7040	1.1875
0.7121	1.2750
0.5343	1.1700
0.5573	1.2330
0.6708	1.1917
0.6463	1.2468
0.7239	1.2070
0.6794	1.3647
0.5520	1.2145
0.6527	1.2150
0.5805	1.1325
0.5085	1.1875
0.4278	1.1900
0.3530	1.1633
0.4416	1.1638
0.7045	1.1950
0.7129	1.2725
0.5342	1.1650
0.5572	1.2330
0.6706	1.1880
0.6445	1.2467
0.7235	1.2008
0.6817	1.3572
0.5529	1.2095
0.6531	1.2200
0.5797	1.1275
0.5087	1.1885
0.4281	1.1860
0.3529	1.1633
0.4409	1.1620
0.7050	1.2075
0.7135	1.2675
0.5339	1.1600
0.5571	1.2278
0.6705	1.1900
0.6430	1.2423
0.7236	1.1965
0.6839	1.3495
0.5537	1.2087
0.6535	1.2200
0.5791	1.1225
0.5089	1.1892
0.4280	1.1825
0.3527	1.1640
0.4402	1.1585
0.7060	1.2200
0.7144	1.2700
0.5336	1.1575
0.5569	1.2260
0.6705	1.1908
0.6416	1.2390
0.7232	1.1890
0.6857	1.3385
0.5546	1.2080
0.6540	1.2225
0.5784	1.1175
0.5091	1.1902
0.4283	1.1827
0.3525	1.1670
0.4394	1.1568
0.7070	1.2325
0.7148	1.2675
0.5333	1.1500
0.5568	1.2233
0.6705	1.1908
0.6403	1.2403
0.7229	1.1850
0.6874	1.3260
0.5555	1.2073
0.6546	1.2250
0.5777	1.1125
0.5093	1.1913
0.4284	1.1782
0.3523	1.1707
0.4388	1.1560
0.7087	1.2450
0.7157	1.2650
0.5328	1.1450
0.5566	1.2167
0.6706	1.1905
0.6391	1.2378
0.7226	1.1753
0.6890	1.3130
0.5565	1.2095
0.6550	1.2275
0.5770	1.1075
0.5095	1.1905
0.4285	1.1805
0.3520	1.1730
0.4381	1.1523
0.7102	1.2600
0.7166	1.2625
0.5324	1.1400
0.5565	1.2142
0.6710	1.1893
0.6381	1.2365
0.7219	1.1705
0.6903	1.2957
0.5575	1.1958
0.6554	1.2300
0.5761	1.1000
0.5097	1.1917
0.4288	1.1770
0.3517	1.1768
0.4373	1.1522
0.7128	1.2775
0.7174	1.2625
0.5319	1.1393
0.5562	1.2052
0.6712	1.1922
0.6374	1.2373
0.7212	1.1622
0.6913	1.2805
0.5587	1.1852
0.6560	1.2300
0.5753	1.0950
0.5097	1.1912
0.4289	1.1777
0.3514	1.1817
0.4366	1.1535
0.7151	1.2900
0.7184	1.2600
0.5314	1.1465
0.5558	1.2030
0.6718	1.1938
0.6369	1.2367
0.7201	1.1528
0.6920	1.2628
0.5600	1.1742
0.6567	1.2325
0.5743	1.0875
0.5098	1.1910
0.4291	1.1792
0.3509	1.1908
0.4359	1.1532
0.7181	1.3025
0.7193	1.2550
0.5308	1.1540
0.5555	1.1952
0.6722	1.1938
0.6368	1.2375
0.7206	1.1448
0.6919	1.2452
0.5605	1.1655
0.6573	1.2325
0.5733	1.0775
0.5099	1.1910
0.4292	1.1790
0.3505	1.1955
0.4352	1.1557
0.7211	1.3100
0.7207	1.2525
0.5303	1.1640
0.5548	1.1895
0.6732	1.1975
0.6368	1.2367
0.7205	1.1350
0.6922	1.2260
0.5612	1.1562
0.6580	1.2325
0.5722	1.0700
0.5098	1.1920
0.4293	1.1798
0.3500	1.1985
0.4346	1.1587
0.7234	1.3200
0.7216	1.2500
0.5301	1.1768
0.5545	1.1830
0.6744	1.1985
0.6370	1.2370
0.7203	1.1305
0.6919	1.2058
0.5620	1.1512
0.6585	1.2300
0.5709	1.0625
0.5096	1.1925
0.4295	1.1780
0.3495	1.2055
0.4340	1.1615
0.7255	1.3200
0.7228	1.2450
0.5302	1.1885
0.5539	1.1763
0.6754	1.2005
0.6375	1.2388
0.7198	1.1207
0.6915	1.1900
0.5631	1.1575
0.6590	1.2250
0.5694	1.0692
0.5095	1.1900
0.4297	1.1787
0.3491	1.2075
0.4335	1.1675
0.7279	1.3175
0.7240	1.2375
0.5300	1.1965
0.5533	1.1713
0.6768	1.2005
0.6383	1.2345
0.7190	1.1158
0.6906	1.1730
0.5642	1.1650
0.6595	1.2225
0.5681	1.0825
0.5094	1.1913
0.4296	1.1767
0.3486	1.2075
0.4331	1.1730
0.7300	1.3125
0.7254	1.2300
0.5301	1.2013
0.5525	1.1650
0.6780	1.2017
0.6394	1.2370
0.7179	1.1095
0.6897	1.1567
0.5656	1.1725
0.6599	1.2175
0.5668	1.0935
0.5091	1.1913
0.4297	1.1758
0.3481	1.2055
0.4326	1.1790
0.7320	1.3050
0.7265	1.2225
0.5301	1.2025
0.5517	1.1603
0.6795	1.2037
0.6407	1.2365
0.7168	1.1055
0.6886	1.1385
0.5661	1.1775
0.6603	1.2125
0.5662	1.1080
0.5090	1.1865
0.4296	1.1685
0.3477	1.2035
0.4323	1.1862
0.7339	1.2950
0.7277	1.2125
0.5301	1.2060
0.5510	1.1538
0.6810	1.2060
0.6418	1.2330
0.7154	1.1020
0.6875	1.1228
0.5664	1.1825
0.6607	1.2025
0.5661	1.1200
0.5089	1.1832
0.4295	1.1652
0.3473	1.1988
0.4322	1.1895
