#rho	velocity
0.2525	1.4375
0.3264	1.5035
0.4568	1.4522
0.5230	1.2248
0.4623	1.4630
0.2997	1.6507
0.2526	1.4305
0.3269	1.4975
0.4562	1.4695
0.5203	1.2400
0.4627	1.4667
0.3002	1.6205
0.2524	1.4292
0.3271	1.4980
0.4562	1.4988
0.5185	1.2795
0.4633	1.4760
0.3006	1.5770
0.2523	1.4125
0.3272	1.5080
0.4560	1.5077
0.5177	1.2740
0.4639	1.4615
0.3008	1.5397
0.2521	1.3932
0.3275	1.5235
0.4562	1.5112
0.5175	1.2895
0.4643	1.4490
0.3006	1.5082
0.2520	1.4018
0.3278	1.5455
0.4569	1.5095
0.5176	1.3083
0.4641	1.4425
0.3004	1.4895
0.2518	1.4098
0.3283	1.5623
0.4575	1.5177
0.5178	1.3218
0.4643	1.4447
0.2999	1.4938
0.2516	1.4187
0.3285	1.5827
0.4578	1.5218
0.5190	1.3435
0.4643	1.4223
0.2993	1.5073
0.2514	1.4277
0.3297	1.6075
0.4586	1.5070
0.5166	1.3647
0.4644	1.4128
0.2991	1.5120
0.2512	1.4245
0.3306	1.6107
0.4593	1.4980
0.5154	1.3840
0.4643	1.3897
0.2988	1.5300
0.2512	1.4230
0.3315	1.6148
0.4596	1.4752
0.5133	1.4045
0.4641	1.3677
0.2987	1.5313
0.2512	1.4292
0.3321	1.6143
0.4593	1.4515
0.5112	1.4193
0.4642	1.3480
0.2990	1.5373
0.2993	1.5295
0.2511	1.4230
0.3323	1.6015
0.4604	1.4322
0.5099	1.4000
0.4635	1.3203
0.2991	1.5048
0.2513	1.4235
0.3325	1.5980
0.4600	1.4250
0.5100	1.4475
0.4633	1.3185
0.2992	1.4800
0.2512	1.4207
0.3325	1.5860
0.4608	1.4280
0.5098	1.4220
0.4628	1.3243
0.2989	1.4448
0.2513	1.4117
0.3324	1.5870
0.4615	1.4315
0.5109	1.4477
0.4617	1.3312
0.2985	1.4070
0.2515	1.3845
0.3326	1.6057
0.4618	1.4345
0.5115	1.4210
0.4608	1.3198
0.2980	1.3815
0.2515	1.3818
0.3329	1.6235
0.4626	1.4390
0.5122	1.4118
0.4599	1.3482
0.2974	1.3785
0.2513	1.3710
0.3330	1.6308
0.4632	1.4582
0.5136	1.3970
0.4599	1.3585
0.2969	1.3787
0.2511	1.3818
0.3342	1.6153
0.4637	1.4653
0.5124	1.3940
0.4601	1.3888
0.2962	1.4022
0.2509	1.3802
0.3346	1.6110
0.4639	1.4838
0.5134	1.3872
0.4606	1.3945
0.2955	1.4132
0.2506	1.3882
0.3362	1.6032
0.4642	1.4990
0.5119	1.3877
0.4615	1.4522
0.2950	1.4342
0.2504	1.4048
0.3371	1.5855
0.4643	1.5220
0.5114	1.4020
0.4620	1.4772
0.2946	1.4427
0.2502	1.4210
0.3377	1.5617
0.4642	1.5103
0.5109	1.4020
0.4627	1.4942
0.2950	1.4520
0.2502	1.4438
0.3374	1.5255
0.4640	1.5020
0.5106	1.4505
0.4631	1.4690
0.2952	1.4462
0.2500	1.4670
0.3374	1.5187
0.4653	1.5048
0.5101	1.4528
0.4624	1.4685
0.2951	1.4327
0.2501	1.4948
0.3374	1.4773
0.4638	1.5053
0.5102	1.4982
0.4635	1.4725
0.2954	1.4100
0.2500	1.5075
0.3370	1.4338
0.4645	1.5130
0.5105	1.5275
0.4630	1.4725
0.2953	1.3880
0.2502	1.5333
0.3366	1.4187
0.4638	1.5223
0.5115	1.5465
0.4631	1.4877
0.2956	1.3655
0.2504	1.5392
0.3359	1.4630
0.4651	1.5473
0.5123	1.5713
0.4612	1.4858
0.2950	1.3462
0.2505	1.5585
0.3361	1.4840
0.4654	1.5655
0.5138	1.6003
0.4607	1.5218
0.2947	1.3422
0.2505	1.5615
0.3357	1.5258
0.4656	1.6025
0.5154	1.6280
0.4605	1.5035
0.2946	1.3375
0.2503	1.5492
0.3350	1.5715
0.4660	1.6075
0.5177	1.6110
0.4605	1.5033
0.2941	1.3447
0.2503	1.5568
0.3349	1.5835
0.4657	1.6335
0.5193	1.6215
0.4608	1.4863
0.2933	1.3442
0.2501	1.5537
0.3350	1.5870
0.4667	1.6458
0.5215	1.6210
0.4608	1.5165
0.2928	1.3555
0.2499	1.5450
0.3348	1.5378
0.4672	1.6407
0.5236	1.6142
0.4608	1.5077
0.2920	1.3707
0.2496	1.5165
0.3351	1.5115
0.4681	1.6243
0.5255	1.6015
0.4611	1.5168
0.2914	1.3748
0.2493	1.5003
0.3361	1.4757
0.4690	1.6030
0.5251	1.5987
0.4611	1.5047
0.2912	1.3775
0.2493	1.4595
0.3358	1.4512
0.4703	1.5888
0.5264	1.5860
0.4601	1.5148
0.2914	1.3807
0.2492	1.4455
0.3352	1.3972
0.4708	1.5727
0.5272	1.5592
0.4596	1.4983
0.2918	1.3867
0.2493	1.4300
0.3344	1.3668
0.4713	1.5697
0.5278	1.5280
0.4591	1.5017
0.2923	1.3775
0.2491	1.4043
0.3337	1.3262
0.4703	1.5532
0.5279	1.4937
0.4605	1.4838
0.2928	1.3635
0.2491	1.3840
0.3322	1.2922
0.4703	1.5450
0.5299	1.4952
0.4607	1.5020
0.2928	1.3535
0.2487	1.3943
0.3319	1.2867
0.4690	1.5727
0.5308	1.4625
0.4632	1.5063
0.2930	1.3418
0.2485	1.3853
0.3314	1.2998
0.4700	1.5892
0.5314	1.4415
0.4630	1.5033
0.2931	1.3232
0.2482	1.3833
0.3312	1.3085
0.4702	1.5990
0.5315	1.4282
0.4639	1.4955
0.2929	1.3087
0.2477	1.4213
0.3314	1.3312
0.4712	1.6142
0.5320	1.4360
0.4645	1.4627
0.2926	1.3030
0.2473	1.4175
0.3316	1.3660
0.4709	1.6190
0.5325	1.4250
0.4661	1.4545
0.2924	1.3015
0.2471	1.4385
0.3318	1.3620
0.4732	1.6113
0.5325	1.4430
0.4649	1.4110
0.2921	1.2930
0.2467	1.4332
0.3320	1.3643
0.4746	1.6080
0.5328	1.4590
0.4647	1.4145
0.4639	1.4037
0.2921	1.2820
0.2466	1.4275
0.3317	1.3508
0.4759	1.5960
0.5337	1.4803
0.4623	1.3977
0.2919	1.2800
0.2467	1.4502
0.3314	1.3365
0.4771	1.5810
0.5351	1.4960
0.4623	1.3765
0.2917	1.2832
0.2466	1.4888
0.3309	1.3135
0.4777	1.6027
0.5369	1.5120
0.4620	1.3685
0.2918	1.2825
0.2466	1.4613
0.3301	1.2807
0.4779	1.5473
0.5389	1.5297
0.4622	1.3652
0.2918	1.2932
0.2463	1.4575
0.3293	1.2465
0.4787	1.5810
0.5410	1.5395
0.4628	1.3730
0.2920	1.3057
0.2461	1.4712
0.3284	1.3185
0.4788	1.5855
0.5429	1.5453
0.4622	1.3700
0.2919	1.3118
0.2461	1.4345
0.3279	1.3290
0.4795	1.5990
0.5445	1.5490
0.4613	1.3537
0.2921	1.3208
0.2459	1.4492
0.3273	1.2833
0.4812	1.6012
0.5458	1.5540
0.4609	1.3235
0.2924	1.3292
0.2460	1.4488
0.3265	1.3393
0.4814	1.6090
0.5469	1.5555
0.4607	1.3197
0.2929	1.3518
0.2452	1.4532
0.3257	1.3538
0.4846	1.5977
0.5472	1.5543
0.4597	1.2930
0.2919	1.3860
0.2452	1.4570
0.3268	1.3822
0.4857	1.5902
0.5477	1.5535
0.4595	1.2857
0.2916	1.4133
0.2448	1.4350
0.3266	1.3878
0.4877	1.5892
0.5491	1.5548
0.4583	1.2822
0.2924	1.4405
0.2447	1.4132
0.3251	1.3980
0.4893	1.5635
0.5507	1.5642
0.4567	1.2930
0.2916	1.4715
0.2447	1.4147
0.3254	1.4143
0.4914	1.5773
0.5524	1.5810
0.4566	1.2925
0.2918	1.4953
0.2446	1.4138
0.3250	1.4382
0.4918	1.5315
0.5531	1.6045
0.4559	1.2865
0.2920	1.5278
0.2445	1.4017
0.3248	1.3603
0.4929	1.5273
0.5530	1.6255
0.4559	1.2912
0.2923	1.5707
0.2443	1.4177
0.3244	1.3332
0.4939	1.5088
0.5531	1.6567
0.4558	1.2853
0.2928	1.6022
0.2441	1.4253
0.3237	1.3735
0.4946	1.5055
0.5533	1.6697
0.4558	1.3015
0.2934	1.6195
0.2441	1.4350
0.3229	1.3125
0.4949	1.4988
0.5535	1.6757
0.4556	1.2860
0.2939	1.6387
0.2438	1.4420
0.3222	1.3010
0.4961	1.4878
0.5538	1.6922
0.4549	1.2867
0.2947	1.6363
0.2437	1.4503
0.3212	1.2775
0.4974	1.4698
0.5536	1.6948
0.4543	1.2835
0.2957	1.6355
0.2437	1.4597
0.3199	1.2800
0.4983	1.4550
0.5543	1.6792
0.4524	1.2705
0.2964	1.6622
0.2438	1.4555
0.3190	1.2767
0.5001	1.4460
0.5548	1.6415
0.4512	1.2620
0.2970	1.6755
0.2439	1.4608
0.3179	1.2877
0.5011	1.4390
0.5558	1.6007
0.4502	1.2643
0.2976	1.6718
0.2440	1.4495
0.3170	1.3013
0.5017	1.4280
0.5564	1.5555
0.4492	1.2640
0.2983	1.6512
0.2443	1.4603
0.3162	1.3118
0.5019	1.4297
0.5566	1.5177
0.5558	1.4582
0.4487	1.2745
0.2985	1.6615
0.2443	1.4752
0.3162	1.3395
0.5024	1.4457
0.5520	1.4195
0.4482	1.3000
0.2995	1.6420
0.2442	1.4437
0.3163	1.3507
0.5033	1.4668
0.5490	1.3702
0.4477	1.3342
0.3002	1.6892
0.2443	1.4387
0.3165	1.3672
0.5037	1.4947
0.5468	1.3355
0.4481	1.3543
0.3004	1.6640
0.2441	1.4655
0.3170	1.3702
0.5042	1.5275
0.5456	1.3110
0.4469	1.3658
0.3008	1.6993
0.2441	1.4535
0.3170	1.3670
0.5057	1.5462
0.5421	1.3162
0.4461	1.3680
0.3014	1.6723
0.2440	1.4535
0.3175	1.3662
0.5070	1.5620
0.5414	1.3268
0.4466	1.3880
0.3016	1.6883
0.2435	1.4643
0.3176	1.3728
0.5085	1.5632
0.5368	1.3317
0.4470	1.3967
0.3027	1.6373
0.2432	1.4582
0.3179	1.3715
0.5093	1.5710
0.5368	1.3387
0.4457	1.4055
0.3029	1.6487
0.2433	1.4768
0.3177	1.3773
0.5106	1.5597
0.5335	1.3458
0.4457	1.4220
0.3043	1.6687
0.2432	1.4512
0.3173	1.4075
0.5112	1.5538
0.5346	1.3522
0.4453	1.4265
0.3041	1.6670
0.2430	1.4435
0.3172	1.4160
0.5123	1.5490
0.5308	1.3495
0.4452	1.4285
0.3053	1.6922
0.2431	1.4443
0.3172	1.4265
0.5123	1.5280
0.5311	1.3705
0.4452	1.4130
0.3051	1.6465
0.2430	1.4405
0.3173	1.4530
0.5127	1.5240
0.5288	1.3787
0.4452	1.4085
0.3054	1.6743
0.2431	1.4195
0.3178	1.4782
0.5122	1.5145
0.5270	1.3882
0.4457	1.4040
0.3056	1.6355
0.2429	1.4348
0.3183	1.5065
0.5125	1.5390
0.5242	1.3933
0.4455	1.4043
0.3061	1.6683
0.2428	1.4560
0.3188	1.5250
0.5133	1.5430
0.5221	1.4027
0.4460	1.3840
0.3065	1.6213
0.2425	1.4700
0.3191	1.5382
0.5137	1.5488
0.5214	1.4145
0.4459	1.3912
0.3063	1.6212
0.2423	1.4920
0.3195	1.5440
0.5151	1.5050
0.5203	1.4280
0.4453	1.3970
0.3066	1.6455
0.2422	1.5095
0.3197	1.5370
0.5162	1.5587
0.5198	1.4342
0.4445	1.3940
0.3067	1.6353
0.2420	1.5203
0.3197	1.5210
0.5183	1.4930
0.5193	1.4367
0.4432	1.3850
0.3068	1.5813
0.2420	1.5217
0.3198	1.5048
0.5197	1.5128
0.5188	1.4412
0.4418	1.3850
0.3069	1.5538
0.2421	1.5342
0.3199	1.5097
0.5211	1.4550
0.5197	1.4415
0.4412	1.3905
0.3065	1.5625
0.2428	1.5355
0.3200	1.5017
0.5188	1.4590
0.5170	1.4337
0.4408	1.3867
0.3075	1.5312
0.2425	1.5310
0.3200	1.4993
0.5208	1.4400
0.5161	1.4212
0.4408	1.4277
0.3077	1.5130
0.2432	1.5302
0.3201	1.5035
0.5178	1.4452
0.5164	1.4045
0.4401	1.4497
0.3075	1.4657
0.2429	1.5410
0.3201	1.5105
0.5202	1.4872
0.5160	1.3960
0.4402	1.4892
0.3073	1.4582
0.2435	1.5450
0.3205	1.4890
0.5175	1.5250
0.5149	1.4233
0.4402	1.5043
0.3075	1.4948
0.2432	1.5363
0.3208	1.5463
0.5187	1.6188
0.5150	1.3817
0.4396	1.5170
0.3072	1.4453
0.2433	1.5197
0.3210	1.5550
0.5190	1.6072
0.5149	1.4155
0.4405	1.5368
0.3069	1.4217
0.2430	1.5120
0.3214	1.5500
0.5193	1.7028
0.5160	1.4225
0.4397	1.5680
0.3059	1.4253
0.2427	1.4960
0.3220	1.5595
0.5218	1.6843
0.5155	1.4255
0.4397	1.5965
0.3063	1.4138
0.2424	1.4768
0.3218	1.5455
0.5231	1.7515
0.5159	1.3810
0.4400	1.6145
0.3055	1.3835
0.2419	1.4415
0.3225	1.5495
0.5250	1.7105
0.5136	1.4218
0.4407	1.6502
0.3054	1.3470
0.2415	1.4172
0.3236	1.5690
0.5258	1.7440
0.5157	1.3987
0.4417	1.6470
0.3053	1.3558
0.2410	1.3930
0.3228	1.5900
0.5268	1.7093
0.5162	1.4458
0.4429	1.6595
0.3050	1.3732
0.2407	1.3438
0.3230	1.6043
0.5265	1.6718
0.5166	1.4595
0.4448	1.6597
0.3048	1.3603
0.2402	1.3148
0.3230	1.6440
0.5259	1.6530
0.5147	1.4522
0.4470	1.6465
0.3044	1.3238
0.2400	1.2895
0.3243	1.6090
0.5240	1.5972
0.5190	1.5010
0.4488	1.6402
0.3030	1.3005
0.2395	1.2838
0.3241	1.6145
0.5242	1.5883
0.5172	1.4705
0.4506	1.6370
0.3025	1.2910
0.2393	1.2812
0.3254	1.6392
0.5227	1.5545
0.5199	1.4893
0.4522	1.6303
0.3017	1.2793
0.2389	1.2770
0.3253	1.6482
0.5224	1.5520
0.5208	1.5058
0.4534	1.6065
0.3011	1.2800
0.2385	1.2895
0.3257	1.6642
0.5227	1.5422
0.5223	1.5492
0.5228	1.5577
0.4543	1.6058
0.3003	1.2855
0.2383	1.3068
0.3258	1.6690
0.5229	1.5125
0.5244	1.5263
0.4550	1.6007
0.2997	1.3387
0.2380	1.3112
0.3260	1.6660
0.5223	1.4995
0.5255	1.5668
0.4561	1.5842
0.2989	1.4043
0.2378	1.3160
0.3264	1.6692
0.5222	1.4555
0.5277	1.5335
0.4572	1.5895
0.2983	1.4340
0.2375	1.3160
0.3263	1.6758
0.5224	1.4135
0.5290	1.5653
0.4577	1.5812
0.2979	1.4560
0.2374	1.3297
0.3264	1.6890
0.5209	1.3995
0.5296	1.5568
0.4593	1.6020
0.2974	1.4795
0.2373	1.3357
0.3266	1.7112
0.5193	1.3635
0.5293	1.5522
0.4608	1.5793
0.2972	1.4977
0.2372	1.3332
0.3271	1.7415
0.5181	1.3925
0.5261	1.5755
0.4617	1.5870
0.2978	1.5102
0.2372	1.3315
0.3276	1.7505
0.5152	1.3732
0.5254	1.6200
0.4637	1.5790
0.2973	1.5230
0.2373	1.3322
0.3284	1.7572
0.5137	1.3593
0.5268	1.6050
0.4640	1.5797
0.2969	1.5300
0.2375	1.3500
0.3284	1.7667
0.5115	1.3660
0.5271	1.6315
0.4655	1.5817
0.2962	1.5387
0.2376	1.3587
0.3291	1.7687
0.5114	1.3735
0.5274	1.6760
0.4654	1.5785
0.2953	1.5338
0.2376	1.3693
0.3300	1.7698
0.5119	1.3978
0.5291	1.6627
0.4670	1.6048
0.2947	1.4803
0.2371	1.3750
0.3302	1.7652
0.5112	1.4260
0.5331	1.6833
0.4678	1.5917
0.2942	1.4847
0.2371	1.3868
0.3293	1.7597
0.5106	1.4445
0.5332	1.6758
0.4676	1.6055
0.2937	1.4943
0.2373	1.3743
0.3298	1.7628
0.5094	1.4292
0.5348	1.6948
0.4689	1.5948
0.2934	1.5120
0.2372	1.3790
0.3296	1.7545
0.5085	1.4607
0.5374	1.7300
0.4699	1.6247
0.2930	1.5385
0.2371	1.3835
0.3291	1.7603
0.5072	1.4272
0.5364	1.7363
0.4717	1.6027
0.2928	1.5595
0.2369	1.4003
0.3298	1.7663
0.5066	1.4007
0.5366	1.6975
0.4727	1.6050
0.2925	1.5718
0.2368	1.4138
0.3300	1.7802
0.5054	1.4092
0.5371	1.7790
0.4742	1.6067
0.2922	1.5743
0.2367	1.4162
0.3303	1.7813
0.5030	1.4075
0.5374	1.7740
0.4751	1.5843
0.2920	1.5530
0.2370	1.4247
0.3304	1.7698
0.5030	1.4067
0.5383	1.7265
0.4761	1.5760
0.2915	1.5402
0.2368	1.4365
0.3307	1.7417
0.5029	1.4282
0.5392	1.7540
0.4760	1.5457
0.2912	1.5115
0.2368	1.4375
0.3308	1.6995
0.5008	1.4315
0.5404	1.7450
0.4763	1.5455
0.2906	1.4787
0.2372	1.4583
0.3311	1.6648
0.5005	1.4235
0.5451	1.7053
0.4761	1.5358
0.2902	1.4540
0.2373	1.4787
0.3299	1.6230
0.5004	1.4870
0.5478	1.6750
0.4760	1.5380
0.2897	1.4338
0.2374	1.4860
0.3295	1.5935
0.4999	1.4672
0.5484	1.7223
0.4761	1.5348
0.2896	1.4180
0.2375	1.5050
0.3294	1.5630
0.5012	1.4742
0.5507	1.7132
0.4766	1.5653
0.2896	1.4010
0.2370	1.5130
0.3286	1.5548
0.5008	1.4937
0.5523	1.7017
0.4766	1.5523
0.2894	1.3995
0.2371	1.5172
0.3283	1.5468
0.4997	1.4968
0.5520	1.6405
0.4767	1.5577
0.2894	1.3902
0.2374	1.5095
0.3285	1.5605
0.5004	1.5122
0.5517	1.6143
0.4774	1.5692
0.2893	1.3940
0.2370	1.5040
0.3286	1.5830
0.4996	1.5155
0.5565	1.6378
0.4775	1.5740
0.2891	1.3833
0.2372	1.4902
0.3273	1.6047
0.4983	1.4872
0.5580	1.6215
0.4783	1.5783
0.2886	1.3813
0.2373	1.5025
0.3274	1.6220
0.4979	1.4640
0.5586	1.5695
0.4779	1.5882
0.2881	1.3855
0.2375	1.4867
0.3277	1.6248
0.4975	1.4755
0.5604	1.5970
0.4783	1.5895
0.2873	1.3860
0.2375	1.4712
0.3282	1.6228
0.4976	1.4537
0.5613	1.6100
0.4790	1.5875
0.2866	1.3830
0.2373	1.4795
0.3288	1.6050
0.4970	1.4457
0.5641	1.5380
0.4800	1.5920
0.2860	1.3875
0.2372	1.4635
0.3287	1.5748
0.4967	1.4435
0.5656	1.5298
0.4801	1.5610
0.2856	1.4078
0.2372	1.4580
0.3286	1.5413
0.4946	1.4665
0.5638	1.5230
0.4813	1.5752
0.2854	1.4195
0.2374	1.4605
0.3295	1.5140
0.4941	1.4762
0.5651	1.4985
0.4822	1.5653
0.2855	1.4495
0.2373	1.4482
0.3290	1.4867
0.4938	1.4855
0.5659	1.5075
0.4824	1.5502
0.2856	1.4858
0.2373	1.4482
0.3285	1.4705
0.4924	1.5025
0.5660	1.4805
0.4834	1.5280
0.2860	1.5202
0.2374	1.4367
0.3280	1.4910
0.4925	1.5175
0.5657	1.4745
0.4831	1.5390
0.2864	1.5497
0.2374	1.4102
0.3276	1.5153
0.4925	1.5485
0.5651	1.5143
0.4832	1.5280
0.2866	1.5670
0.2374	1.4030
0.3275	1.5440
0.4931	1.5577
0.5635	1.5050
0.4837	1.5307
0.2867	1.5815
0.2372	1.3905
0.3279	1.5740
0.4944	1.5460
0.5627	1.4938
0.4837	1.5147
0.2868	1.5945
0.2369	1.3590
0.3280	1.6060
0.4957	1.5473
0.5616	1.4850
0.4842	1.4938
0.2864	1.5948
0.2364	1.3610
0.3289	1.6185
0.4956	1.5532
0.5609	1.4730
0.4861	1.5050
0.2862	1.5975
0.2360	1.3543
0.3295	1.6070
0.4956	1.5050
0.5605	1.4685
0.4872	1.5122
0.2858	1.5910
0.2358	1.3577
0.3301	1.5840
0.4954	1.4780
0.5603	1.4707
0.4888	1.5143
0.2856	1.5745
0.2354	1.3668
0.3305	1.5537
0.4953	1.4863
0.5595	1.4690
0.4898	1.5158
0.2854	1.5512
0.2352	1.3785
0.3310	1.5270
0.4950	1.4350
0.5590	1.4742
0.4897	1.5155
0.2856	1.5268
0.2353	1.4210
0.3309	1.4820
0.4949	1.4300
0.5578	1.4895
0.4902	1.5070
0.2862	1.4990
0.2352	1.4288
0.3305	1.4723
0.4922	1.4315
0.5574	1.4792
0.4905	1.5213
0.2867	1.4935
0.2358	1.4447
0.3300	1.4615
0.4914	1.4725
0.5570	1.4872
0.4907	1.5328
0.2871	1.4805
0.2359	1.4473
0.3297	1.4415
0.4930	1.4595
0.5575	1.5135
0.4902	1.5675
0.2872	1.4725
0.2357	1.4625
0.3293	1.4220
0.4918	1.4667
0.5583	1.5158
0.4887	1.5965
0.2872	1.4692
0.2363	1.4463
0.3291	1.4103
0.4919	1.4788
0.5603	1.5325
0.4898	1.6185
0.2866	1.4533
0.2360	1.4403
0.3291	1.4142
0.3298	1.4155
0.4913	1.5375
0.5596	1.5400
0.4908	1.6078
0.2863	1.4505
0.2359	1.4238
0.3295	1.4102
0.4924	1.5758
0.5607	1.5455
0.4929	1.6075
0.2862	1.4535
0.2352	1.4210
0.3290	1.3925
0.4901	1.5690
0.5621	1.5368
0.4949	1.6162
0.2863	1.4525
0.2352	1.4078
0.3286	1.3680
0.4887	1.5587
0.5620	1.5465
0.4970	1.5972
0.2866	1.4762
0.2351	1.3865
0.3280	1.3235
0.4881	1.5548
0.5628	1.5330
0.4990	1.5937
0.2869	1.4742
0.2348	1.3993
0.3273	1.2882
0.4888	1.6038
0.5630	1.5525
0.4995	1.5660
0.2873	1.4540
0.2345	1.3945
0.3268	1.2755
0.4898	1.5535
0.5627	1.5422
0.4998	1.5392
0.2878	1.4193
0.2342	1.3995
0.3262	1.2730
0.4907	1.6590
0.5628	1.5328
0.5004	1.5120
0.2882	1.4187
0.2339	1.3830
0.3253	1.2873
0.4900	1.6875
0.5627	1.5325
0.4989	1.4908
0.2890	1.4040
0.2344	1.3708
0.3247	1.3053
0.4900	1.7300
0.5640	1.5153
0.4993	1.4530
0.2891	1.3937
0.2343	1.3617
0.3241	1.3262
0.4931	1.7498
0.5658	1.5065
0.4992	1.4450
0.2891	1.3698
0.2336	1.3470
0.3238	1.3572
0.4931	1.7435
0.5685	1.5045
0.4998	1.4227
0.2886	1.3570
0.2335	1.3227
0.3235	1.3792
0.4973	1.7563
0.5694	1.5125
0.5013	1.4050
0.2887	1.3575
0.2322	1.3218
0.3234	1.3902
0.4983	1.8147
0.5702	1.5025
0.5030	1.4120
0.2885	1.3567
0.2316	1.3080
0.3235	1.4028
0.5017	1.8265
0.5706	1.5068
0.5036	1.3878
0.2883	1.3725
0.2308	1.2985
0.3235	1.3988
0.5038	1.8083
0.5719	1.5095
0.5045	1.3718
0.2880	1.3900
0.2302	1.2913
0.3237	1.3910
0.5057	1.8357
0.5722	1.5270
0.5049	1.3512
0.2878	1.4077
0.2297	1.2980
0.3234	1.3745
0.5082	1.7797
0.5728	1.5317
0.5046	1.3335
0.2879	1.3972
0.2292	1.3180
0.3229	1.3750
0.5101	1.7742
0.5721	1.5465
0.5042	1.3110
0.2884	1.3912
0.2289	1.3415
0.3225	1.3632
0.5120	1.7388
0.5727	1.5525
0.5038	1.3080
0.2886	1.3950
0.2286	1.3415
0.3218	1.3422
0.5153	1.7247
0.5736	1.5645
0.5033	1.2987
0.2889	1.3987
0.2281	1.3503
0.3210	1.3613
0.5179	1.7330
0.5764	1.5642
0.5025	1.3037
0.2889	1.4040
0.2277	1.3783
0.3202	1.3695
0.5204	1.7190
0.5783	1.5575
0.5020	1.3017
0.2891	1.3905
0.2274	1.3765
0.3199	1.3847
0.5224	1.7268
0.5805	1.5647
0.5015	1.3030
0.2888	1.3605
0.2271	1.3790
0.3196	1.4025
0.5244	1.7253
0.5810	1.5617
0.5019	1.3140
0.2888	1.3415
0.2266	1.3900
0.3189	1.4252
0.5264	1.7050
0.5829	1.5610
0.5018	1.3152
0.2889	1.3543
0.2263	1.4005
0.3195	1.4238
0.5287	1.6633
0.5829	1.5478
0.5011	1.3213
0.2885	1.3662
0.2260	1.4023
0.3195	1.4270
0.5307	1.6830
0.5840	1.5343
0.5009	1.3180
0.2882	1.3567
0.2257	1.4082
0.3192	1.4160
0.5331	1.6888
0.5858	1.5180
0.5003	1.3095
0.2880	1.3457
0.2253	1.4007
0.3192	1.4145
0.5345	1.6900
0.5875	1.5112
0.5000	1.3005
0.2876	1.3170
0.2252	1.4075
0.3190	1.4285
0.5368	1.6970
0.5875	1.4950
0.4990	1.2997
0.2878	1.3015
0.2250	1.4080
0.3185	1.3920
0.5369	1.6772
0.5887	1.5090
0.4984	1.3040
0.2879	1.2823
0.2251	1.3948
0.3180	1.3848
0.5409	1.7005
0.5904	1.4933
0.4975	1.3175
0.2879	1.2905
0.2246	1.3868
0.3178	1.3827
0.5440	1.7122
0.5923	1.4640
0.4969	1.3150
0.2876	1.3090
0.2242	1.3872
0.3176	1.3807
0.5467	1.6738
0.5945	1.4412
0.4965	1.3178
0.2872	1.3362
0.2238	1.3743
0.3176	1.3845
0.5494	1.6563
0.5964	1.4152
0.4965	1.3262
0.2868	1.3282
0.2233	1.3647
0.3171	1.4043
0.5504	1.6833
0.5987	1.3987
0.4966	1.3223
0.2867	1.3440
0.2231	1.3752
0.3173	1.4205
0.5532	1.6840
0.5982	1.3780
0.4974	1.3205
0.2867	1.3730
0.2225	1.3702
0.3176	1.4145
0.5567	1.6722
0.5967	1.3688
0.4967	1.3288
0.2868	1.4093
0.2221	1.3775
0.3180	1.3973
0.5557	1.6225
0.5948	1.3603
0.4972	1.3280
0.2869	1.4403
0.2222	1.3837
0.3184	1.3753
0.5566	1.6670
0.5936	1.3610
0.4971	1.3273
0.2868	1.4665
0.2221	1.3957
0.3186	1.3797
0.5586	1.6823
0.5925	1.3275
0.4958	1.3137
0.2869	1.4770
0.2220	1.4072
0.3189	1.3830
0.5630	1.6840
0.5907	1.3380
0.4951	1.2915
0.2871	1.4728
0.2214	1.4092
0.3187	1.3860
0.5651	1.6797
0.5895	1.3385
0.4945	1.2933
0.2875	1.4703
0.2212	1.4188
0.3184	1.3750
0.5649	1.6890
0.5889	1.3438
0.4938	1.2692
0.2879	1.4590
0.2214	1.4267
0.3179	1.3760
0.5707	1.7110
0.5889	1.3368
0.4931	1.2600
0.2883	1.4630
0.2207	1.4410
0.3182	1.3567
0.5737	1.7185
0.5882	1.3445
0.4920	1.2520
0.2883	1.4552
0.2204	1.4438
0.3182	1.3677
0.5783	1.6538
0.5887	1.3472
0.4917	1.2580
0.2881	1.4582
0.2198	1.4535
0.3185	1.3793
0.5818	1.6560
0.5874	1.3375
0.4906	1.2417
0.2882	1.4582
0.2195	1.4613
0.3186	1.4085
0.5829	1.7260
0.5868	1.3315
0.4895	1.2485
0.2883	1.4660
0.2196	1.4628
0.3192	1.4600
0.5860	1.6338
0.5848	1.3180
0.4883	1.2490
0.2883	1.4905
0.2194	1.4590
0.3188	1.4510
0.5893	1.6358
0.5848	1.3243
0.4865	1.2493
0.2886	1.5017
0.2193	1.4738
0.3193	1.4738
0.5893	1.6100
0.5831	1.3137
0.4857	1.2393
0.2886	1.5370
0.2195	1.4895
0.3196	1.4775
0.5928	1.6392
0.5812	1.3120
0.4840	1.2397
0.2888	1.5335
0.2193	1.4863
0.3200	1.5263
0.5971	1.7032
0.5797	1.3102
0.4836	1.2377
0.2889	1.5273
0.2189	1.4920
0.3208	1.5352
0.5969	1.7470
0.5772	1.3525
0.4831	1.2393
0.2889	1.5137
0.2190	1.4878
0.3207	1.5580
0.6003	1.7492
0.5762	1.3048
0.4814	1.2325
0.2891	1.5060
0.2189	1.4940
0.3215	1.5500
0.6042	1.7970
0.5736	1.3005
0.4798	1.2323
0.2892	1.5008
0.2187	1.5005
0.3219	1.5620
0.6101	1.8067
0.5725	1.3002
0.4790	1.2600
0.2891	1.4985
0.2181	1.5087
0.3231	1.5540
0.6163	1.7687
0.5722	1.3048
0.4776	1.2800
0.2883	1.4970
0.2176	1.5265
0.3230	1.5322
0.6231	1.7912
0.5740	1.3088
0.4767	1.3048
0.2879	1.4847
0.2170	1.5445
0.3241	1.5565
0.6275	1.7647
0.5714	1.3152
0.4745	1.3215
0.2877	1.4885
0.2169	1.5397
0.3245	1.5537
0.6313	1.7650
0.5698	1.3273
0.4734	1.3485
0.2878	1.4692
0.2167	1.5440
0.3250	1.5645
0.6339	1.7217
0.5681	1.3300
0.4726	1.3715
0.2878	1.4792
0.2165	1.5532
0.3251	1.5450
0.6341	1.7067
0.5670	1.3477
0.4723	1.3998
0.2879	1.5035
0.2166	1.5560
0.3254	1.5448
0.6337	1.6653
0.5657	1.3262
0.4722	1.4307
0.2881	1.5270
0.2166	1.5645
0.3258	1.5433
0.6340	1.6832
0.5649	1.3415
0.4715	1.4647
0.2880	1.5395
0.2167	1.5667
0.3262	1.5438
0.6362	1.6720
0.5644	1.3667
0.4710	1.4960
0.2878	1.5747
0.2166	1.5843
0.3269	1.5285
0.6374	1.6570
0.5629	1.3607
0.4708	1.5157
0.2877	1.5952
0.2165	1.6133
0.3272	1.5277
0.6406	1.6435
0.5622	1.3522
0.4706	1.5450
0.2876	1.6210
0.2162	1.6455
0.3276	1.5285
0.6418	1.6390
0.5611	1.3373
0.4707	1.5603
0.2876	1.6470
0.2160	1.6605
0.3284	1.5200
0.6452	1.6425
0.5587	1.3262
0.4699	1.5978
0.2876	1.6705
0.2158	1.6710
0.3282	1.5342
0.6457	1.6100
0.5566	1.3140
0.4694	1.6343
0.2883	1.6838
0.2158	1.6930
0.3286	1.5172
0.6455	1.5837
0.5534	1.3197
0.4683	1.6525
0.2889	1.6975
0.2161	1.7010
0.3289	1.5145
0.6421	1.5395
0.5503	1.2895
0.4679	1.6763
0.2895	1.7017
0.2166	1.7118
0.3295	1.5360
0.6401	1.5150
0.5466	1.2845
0.4677	1.6825
0.2900	1.6920
0.2168	1.7110
0.3300	1.5492
0.6376	1.4745
0.5438	1.3040
0.4682	1.7053
0.2905	1.7012
0.2170	1.7000
0.3310	1.5687
0.6343	1.4540
0.5418	1.2915
0.4684	1.7120
0.2903	1.6573
0.2174	1.7055
0.3311	1.5830
0.6318	1.4405
0.5399	1.2947
0.4687	1.7205
0.2907	1.6455
0.2176	1.6838
0.3321	1.5978
0.6295	1.4442
0.5373	1.3033
0.4690	1.7227
0.2907	1.6285
0.2178	1.6557
0.3331	1.6157
0.6283	1.4480
0.5365	1.3298
0.4695	1.7130
0.2902	1.6087
0.2179	1.6562
0.3337	1.6285
0.6265	1.4475
0.5350	1.3520
0.4702	1.6945
0.2902	1.5917
0.2179	1.6637
0.3343	1.6078
0.6249	1.4538
0.5348	1.3967
0.4697	1.6790
0.2898	1.5795
0.2182	1.6382
0.3350	1.6238
0.6230	1.4523
0.5327	1.4240
0.4699	1.6783
0.2899	1.5515
0.2184	1.6218
0.3354	1.6110
0.6199	1.4530
0.5313	1.4755
0.4708	1.6467
0.2900	1.5315
0.2186	1.5972
0.3359	1.5910
0.6191	1.4542
0.5304	1.5035
0.4702	1.6410
0.2899	1.5185
0.2188	1.5815
0.2191	1.5590
0.3361	1.5865
0.6182	1.4438
0.5299	1.5367
0.4696	1.6273
0.2899	1.4975
0.2191	1.5053
0.3357	1.5808
0.6166	1.4352
0.5313	1.5395
0.4702	1.6253
0.2898	1.4985
0.2192	1.4750
0.3356	1.5938
0.6143	1.4377
0.5326	1.5620
0.4712	1.6255
0.2895	1.4785
0.2192	1.4495
0.3351	1.6090
0.6145	1.4410
0.5341	1.5765
0.4712	1.6113
0.2894	1.4788
0.2191	1.4212
0.3350	1.6095
0.6139	1.4245
0.5357	1.5817
0.4721	1.6265
0.2890	1.4863
0.2190	1.3985
0.3348	1.6050
0.6124	1.4292
0.5372	1.5935
0.4732	1.6415
0.2887	1.5115
0.2189	1.4115
0.3352	1.5905
0.6104	1.4233
0.5372	1.5808
0.4751	1.6418
0.2884	1.5445
0.2188	1.4140
0.3357	1.5677
0.6087	1.4330
0.5375	1.5797
0.4767	1.6430
0.2880	1.5915
0.2187	1.4200
0.3361	1.5497
0.6071	1.4325
0.5368	1.5787
0.4781	1.6567
0.2878	1.6127
0.2188	1.4150
0.3365	1.5230
0.6040	1.4270
0.5358	1.5762
0.4795	1.6578
0.2879	1.6265
0.2188	1.4160
0.3363	1.5013
0.6024	1.4355
0.5346	1.5583
0.4806	1.6708
0.2883	1.6330
0.2190	1.4238
0.3359	1.4882
0.6005	1.4423
0.5333	1.5562
0.4806	1.6685
0.2890	1.6235
0.2190	1.4293
0.3353	1.4810
0.5988	1.4383
0.5319	1.5623
0.4816	1.6515
0.2899	1.6237
0.2191	1.4265
0.3345	1.4755
0.5981	1.4312
0.5321	1.6000
0.4820	1.6518
0.2904	1.6082
0.2190	1.4238
0.3338	1.4687
0.5970	1.4372
0.5328	1.6162
0.4832	1.6540
0.2907	1.5877
0.2188	1.4163
0.3336	1.4790
0.5953	1.4250
0.5329	1.6222
0.4849	1.6525
0.2909	1.5675
0.2187	1.4050
0.3337	1.4935
0.5940	1.4445
0.5333	1.6450
0.4864	1.6572
0.2907	1.5515
0.2187	1.4180
0.3338	1.5068
0.5933	1.4120
0.5339	1.6235
0.4870	1.6518
0.2904	1.5402
0.2186	1.4307
0.3333	1.5135
0.5913	1.4142
0.5364	1.6248
0.4886	1.6560
0.2901	1.5558
0.2187	1.4447
0.3332	1.5100
0.5886	1.3995
0.5375	1.6270
0.4903	1.6470
0.2899	1.5892
0.2187	1.4650
0.3331	1.5020
0.5863	1.3925
0.5377	1.6863
0.4917	1.6263
0.2898	1.6180
0.2186	1.4653
0.3325	1.4857
0.5855	1.3948
0.5387	1.7055
0.4926	1.6322
0.2900	1.6538
0.2191	1.4710
0.3327	1.4643
0.5821	1.3930
0.5367	1.7040
0.4927	1.6405
0.2905	1.6693
0.2192	1.4730
0.3320	1.4443
0.5812	1.4027
0.5361	1.6765
0.4926	1.6350
0.2912	1.6843
0.2194	1.4727
0.3312	1.4380
0.5798	1.4193
0.5349	1.6275
0.4928	1.6167
0.2921	1.6920
0.2195	1.4747
0.3295	1.4312
0.5792	1.4365
0.5369	1.6548
0.4926	1.6142
0.2929	1.6938
0.2194	1.4753
0.3289	1.4463
0.5777	1.4432
0.5363	1.6338
0.4944	1.6023
0.2935	1.6647
0.2194	1.4572
0.3286	1.4667
0.5764	1.4812
0.5359	1.6565
0.4952	1.5840
0.2939	1.6255
0.2193	1.4498
0.3283	1.4932
0.5755	1.5007
0.5359	1.6445
0.4965	1.5873
0.2942	1.5985
0.2192	1.4512
0.3290	1.5430
0.5752	1.5062
0.5338	1.6427
0.4973	1.5760
0.2942	1.5570
0.2191	1.4520
0.3282	1.5763
0.5743	1.5065
0.5355	1.5875
0.4986	1.5642
0.2943	1.5367
0.2937	1.5097
0.2189	1.4700
0.3284	1.5952
0.5748	1.4915
0.5369	1.5888
0.4988	1.5263
0.2932	1.4970
0.2189	1.4710
0.3285	1.6003
0.5752	1.4918
0.5385	1.5960
0.4989	1.5095
0.2930	1.4657
0.2187	1.4835
0.3287	1.5897
0.5755	1.4867
0.5387	1.5627
0.4994	1.4935
0.2923	1.4397
0.2189	1.4807
0.3291	1.5617
0.5752	1.4795
0.5399	1.6178
0.4989	1.4805
0.2922	1.3975
0.2190	1.4778
0.3293	1.5380
0.5753	1.4765
0.5398	1.6040
0.4981	1.4637
0.2921	1.3745
0.2192	1.4660
0.3290	1.4985
0.5754	1.4908
0.5409	1.6213
0.4972	1.4645
0.2921	1.3645
0.2192	1.4600
0.3287	1.4785
0.5752	1.5117
0.5417	1.6375
0.4971	1.4735
0.2920	1.3422
0.2193	1.4448
0.3288	1.4795
0.5750	1.5200
0.5415	1.6597
0.4970	1.4698
0.2921	1.3135
0.2192	1.4358
0.3278	1.4682
0.5751	1.5405
0.5441	1.6975
0.4973	1.4732
0.2919	1.3055
0.2191	1.3990
0.3268	1.4855
0.5752	1.5313
0.5476	1.7150
0.4979	1.4675
0.2916	1.3105
0.2187	1.3945
0.3258	1.5038
0.5765	1.5643
0.5515	1.7008
0.4987	1.4863
0.2912	1.3083
0.2184	1.3648
0.3251	1.5285
0.5778	1.5508
0.5548	1.7485
0.4996	1.4865
0.2906	1.3240
0.2180	1.3543
0.3249	1.5463
0.5788	1.5373
0.5578	1.7497
0.5007	1.4893
0.2897	1.3345
0.2179	1.3693
0.3242	1.5627
0.5797	1.5275
0.5633	1.7503
0.5008	1.5060
0.2891	1.3553
0.2177	1.3772
0.3244	1.5700
0.5796	1.5088
0.5648	1.7310
0.5015	1.5143
0.2888	1.3985
0.2176	1.3943
0.3248	1.5753
0.5806	1.4907
0.5647	1.7230
0.5018	1.5285
0.2884	1.4105
0.2174	1.4105
0.3240	1.5720
0.5795	1.4435
0.5688	1.7043
0.5031	1.5445
0.2883	1.4033
0.2175	1.4252
0.3245	1.5520
0.5782	1.4217
0.5677	1.6993
0.5037	1.5542
0.2882	1.3992
0.2177	1.4305
0.3238	1.5290
0.5766	1.4277
0.5699	1.6465
0.5042	1.5518
0.2883	1.3778
0.2178	1.4615
0.3234	1.5067
0.5748	1.4553
0.5711	1.6280
0.5048	1.5737
0.2886	1.3587
0.2178	1.4707
0.3227	1.4928
0.5740	1.4328
0.5720	1.6460
0.5055	1.5738
0.2885	1.3472
0.2180	1.5045
0.3224	1.4793
0.5711	1.4610
0.5735	1.6010
0.5064	1.5597
0.2881	1.3425
0.2180	1.5180
0.3218	1.4895
0.5701	1.4748
0.5769	1.6108
0.5072	1.5550
0.2875	1.3593
0.2179	1.5157
0.3217	1.4968
0.5715	1.4748
0.5794	1.6027
0.5070	1.5508
0.2870	1.3262
0.2178	1.5263
0.3218	1.5053
0.5717	1.4817
0.5812	1.6357
0.5072	1.5270
0.2866	1.3032
0.2179	1.5295
0.3216	1.5090
0.5712	1.4200
0.5836	1.6247
0.5070	1.5355
0.2862	1.2975
0.2179	1.5245
0.3215	1.5333
0.5729	1.4787
0.5857	1.6152
0.5060	1.5405
0.2859	1.2937
0.2179	1.5350
0.3220	1.5080
0.5729	1.4663
0.5855	1.5910
0.5056	1.5413
0.2860	1.3207
0.2181	1.5365
0.3216	1.4863
0.5715	1.3897
0.5861	1.5765
0.5060	1.5560
0.2853	1.3175
0.2182	1.5180
0.3207	1.4550
0.5718	1.3775
0.5920	1.5815
0.5048	1.5532
0.2853	1.3295
0.2188	1.5558
0.3203	1.4225
0.5665	1.4255
0.5938	1.5777
0.5058	1.5648
0.2846	1.3302
0.2185	1.4898
0.3207	1.3895
0.5671	1.3515
0.5952	1.5845
0.5072	1.5825
0.2846	1.3267
0.2187	1.4765
0.3201	1.3610
0.5652	1.4010
0.5973	1.6127
0.5075	1.5660
0.2848	1.3272
0.2193	1.4563
0.3199	1.3562
0.5608	1.3975
0.5971	1.6193
0.5080	1.5322
0.2848	1.3550
0.2191	1.4287
0.3192	1.3497
0.5604	1.3872
0.5996	1.5910
0.5090	1.5177
0.2851	1.3522
0.2192	1.4080
0.3184	1.3473
0.5623	1.4295
0.6011	1.5805
0.5075	1.4727
0.2853	1.3495
0.2192	1.3975
0.3175	1.3130
0.5582	1.3190
0.6037	1.5860
0.5108	1.4465
0.5102	1.4202
0.2853	1.3513
0.2186	1.3713
0.3168	1.3350
0.5623	1.3612
0.6058	1.5947
0.5099	1.4022
0.2855	1.3267
0.2186	1.3825
0.3163	1.3435
0.5629	1.4053
0.6069	1.5945
0.5094	1.3820
0.2854	1.3408
0.2186	1.3883
0.3158	1.3545
0.5634	1.3420
0.6091	1.5813
0.5091	1.3422
0.2853	1.3300
0.2186	1.3243
0.3156	1.3710
0.5638	1.3267
0.6104	1.5793
0.5097	1.3200
0.2852	1.3133
0.2192	1.3775
0.3152	1.3888
0.5590	1.3360
0.6124	1.5443
0.5101	1.3090
0.2849	1.2965
0.2188	1.3630
0.3148	1.3965
0.5615	1.2787
0.6152	1.5300
0.5090	1.3017
0.2846	1.2392
0.2191	1.3628
0.3148	1.3978
0.5610	1.3325
0.6168	1.5148
0.5087	1.2935
0.2845	1.2290
0.2196	1.3862
0.3147	1.3978
0.5579	1.3470
0.6174	1.5030
0.5084	1.2838
0.2844	1.2213
0.2191	1.3935
0.3143	1.4022
0.5613	1.3578
0.6196	1.5187
0.5078	1.2572
0.2840	1.2167
0.2196	1.3980
0.3144	1.4055
0.5592	1.4253
0.6210	1.5012
0.5074	1.2500
0.2837	1.2195
0.2195	1.4202
0.3142	1.4035
0.5604	1.3785
0.6235	1.4567
0.5067	1.2420
0.2829	1.2188
0.2189	1.4292
0.3140	1.4205
0.5648	1.3925
0.6279	1.4538
0.5046	1.2432
0.2827	1.2080
0.2190	1.4277
0.3137	1.4267
0.5668	1.4533
0.6301	1.4143
0.5035	1.2602
0.2824	1.2178
0.2190	1.4522
0.3133	1.4308
0.5685	1.4100
0.6334	1.3810
0.5025	1.2470
0.2822	1.2360
0.2190	1.4705
0.3133	1.4340
0.5697	1.4768
0.6345	1.3768
0.5014	1.2535
0.2819	1.2380
0.2192	1.4762
0.3138	1.4125
0.5697	1.4890
0.6337	1.3622
0.4995	1.2695
0.2813	1.3115
0.2194	1.5052
0.3142	1.4038
0.5706	1.4438
0.6352	1.3462
0.4994	1.2902
0.2810	1.3362
0.2193	1.4997
0.3149	1.3952
0.5713	1.4575
0.6335	1.3212
0.4987	1.2958
0.2810	1.3605
0.2195	1.4968
0.3153	1.3875
0.5709	1.4768
0.6324	1.2737
0.4965	1.2980
0.2809	1.3865
0.2195	1.5090
0.3155	1.3883
0.5739	1.4938
0.6321	1.2532
0.4962	1.2897
0.2809	1.4070
0.2193	1.5050
0.3152	1.3817
0.5756	1.5002
0.6333	1.2443
0.4949	1.2890
0.2815	1.4375
0.2195	1.4952
0.3151	1.3475
0.5762	1.4663
0.6307	1.2152
0.6289	1.2085
0.4942	1.2905
0.2817	1.4530
0.2194	1.5187
0.3152	1.3455
0.5778	1.4530
0.6265	1.1810
0.4935	1.2788
0.2820	1.4527
0.2192	1.5160
0.3155	1.3080
0.5805	1.4660
0.6240	1.1537
0.4921	1.3017
0.2822	1.4572
0.2191	1.5305
0.3159	1.2878
0.5827	1.4395
0.6209	1.1238
0.4908	1.3117
0.2823	1.4593
0.2192	1.5617
0.3165	1.2988
0.5837	1.4320
0.6178	1.1032
0.4894	1.3090
0.2828	1.4292
0.2197	1.5615
0.3168	1.2932
0.5824	1.4185
0.6145	1.0902
0.4882	1.3135
0.2827	1.4170
0.2200	1.5700
0.3177	1.2900
0.5821	1.4155
0.6114	1.0892
0.4871	1.3182
0.2833	1.4077
0.2200	1.5917
0.3178	1.2945
0.5834	1.3738
0.6087	1.0910
0.4855	1.3300
0.2836	1.3988
0.2204	1.5875
0.3182	1.3062
0.5831	1.4107
0.6075	1.1045
0.4842	1.3437
0.2835	1.3938
0.2206	1.6063
0.3187	1.3395
0.5837	1.4305
0.6058	1.1138
0.4828	1.3405
0.2836	1.3850
0.2209	1.6092
0.3189	1.3870
0.5835	1.4843
0.6041	1.1350
0.4819	1.3502
0.2838	1.3925
0.2209	1.6410
0.3192	1.4043
0.5847	1.5140
0.6024	1.1512
0.4805	1.3512
0.2838	1.3827
0.2213	1.6595
0.3196	1.4470
0.5842	1.5153
0.6009	1.1660
0.4799	1.3417
0.2836	1.3940
0.2208	1.6540
0.3203	1.4698
0.5883	1.4968
0.5994	1.1845
0.4784	1.3455
0.2832	1.4147
0.2209	1.6683
0.3213	1.4830
0.5897	1.4960
0.5977	1.2115
0.4768	1.3488
0.2827	1.4110
0.2209	1.6500
0.3224	1.4962
0.5923	1.5100
0.5956	1.2230
0.4747	1.3407
0.2826	1.4070
0.2212	1.6368
0.3232	1.5175
0.5935	1.4805
0.5946	1.2417
0.4729	1.3455
0.2823	1.4058
0.2214	1.6635
0.3239	1.5330
0.5947	1.4820
0.5923	1.2378
0.4712	1.3570
0.2824	1.4202
0.2219	1.6352
0.3245	1.5488
0.5939	1.4203
0.5909	1.2548
0.4695	1.3518
0.2824	1.4425
0.2223	1.6118
0.3249	1.5480
0.5941	1.4065
0.5915	1.2737
0.4692	1.3528
0.2823	1.4620
0.2223	1.6078
0.3248	1.5510
0.5947	1.3428
0.5909	1.3170
0.4686	1.3422
0.2820	1.4810
0.2224	1.5647
0.3253	1.5590
0.5944	1.3325
0.5908	1.3305
0.4663	1.3477
0.2818	1.5015
0.2231	1.5590
0.3257	1.5662
0.5937	1.3277
0.5880	1.3568
0.4674	1.3668
0.2816	1.5115
0.2229	1.5642
0.3268	1.5692
0.5927	1.3650
0.5862	1.3618
0.4668	1.3695
0.2815	1.5235
0.2230	1.5735
0.3275	1.5660
0.5935	1.3817
0.5846	1.3468
0.4655	1.3817
0.2813	1.5433
0.2235	1.6005
0.3282	1.5515
0.5916	1.3385
0.5842	1.3475
0.4649	1.3923
0.2813	1.5663
0.2235	1.6108
0.3283	1.5428
0.5928	1.3405
0.5827	1.3335
0.4637	1.4075
0.2813	1.5727
0.2237	1.5908
0.3289	1.5340
0.5933	1.3495
0.5816	1.3417
0.4626	1.3990
0.2814	1.5838
0.2239	1.6538
0.3290	1.5083
0.5937	1.3132
0.5799	1.3165
0.4607	1.4355
0.2817	1.5650
0.2242	1.6732
0.3292	1.4893
0.5950	1.2977
0.5780	1.3412
0.4597	1.4607
0.2821	1.5637
0.2249	1.6845
0.3292	1.4745
0.5917	1.3037
0.5760	1.3223
0.4592	1.4608
0.2824	1.5658
0.2252	1.7100
0.3295	1.4585
0.5908	1.3012
0.5745	1.3325
0.4585	1.4690
0.2824	1.5515
0.2255	1.7210
0.3300	1.4493
0.5896	1.2843
0.5717	1.3012
0.4566	1.4695
0.2828	1.5593
0.2264	1.7333
0.3304	1.4533
0.5867	1.2708
0.5696	1.3100
0.4567	1.4703
0.2827	1.5573
0.2268	1.7350
0.3312	1.4777
0.5840	1.2518
0.5698	1.3185
0.4560	1.4840
0.2827	1.5433
0.2274	1.7738
0.3311	1.5047
0.5808	1.3025
0.5681	1.3255
0.4544	1.4862
0.2830	1.5195
0.2277	1.8027
0.3313	1.4995
0.5818	1.3122
0.5682	1.3363
0.4531	1.5038
0.2829	1.5013
0.2282	1.7900
0.3315	1.4910
0.5806	1.2993
0.5647	1.3435
0.4516	1.5333
0.2831	1.4575
0.2287	1.7918
0.3323	1.4882
0.5800	1.3255
0.5637	1.3675
0.4497	1.5392
0.2830	1.4495
0.2292	1.7867
0.3329	1.4715
0.5799	1.3043
0.5634	1.3422
0.4478	1.5548
0.2828	1.4308
0.2298	1.7625
0.3333	1.4558
0.5792	1.3070
0.5634	1.3250
0.4462	1.5870
0.2827	1.4102
0.2302	1.7432
0.3334	1.4493
0.5789	1.2658
0.5638	1.3165
0.4467	1.6117
0.2825	1.4158
0.2306	1.7165
0.3334	1.4432
0.5757	1.2277
0.5728	1.2057
0.5644	1.3445
0.4460	1.6185
0.2823	1.3938
0.2313	1.6837
0.3336	1.4443
0.5684	1.1797
0.5643	1.3448
0.4466	1.6295
0.2824	1.3867
0.2318	1.6370
0.3335	1.4360
0.5646	1.1677
0.5641	1.3440
0.4475	1.6092
0.2823	1.3853
0.2322	1.5715
0.3336	1.4260
0.5608	1.1380
0.5626	1.3505
0.4480	1.6225
0.2824	1.3940
0.2327	1.5272
0.3341	1.4270
0.5558	1.1445
0.5619	1.3507
0.4488	1.5973
0.2824	1.3995
0.2334	1.5175
0.3343	1.4270
0.5535	1.1500
0.5615	1.3625
0.4489	1.5892
0.2823	1.4122
0.2338	1.4747
0.3345	1.4217
0.5511	1.1965
0.5610	1.3745
0.4494	1.5908
0.2822	1.4125
0.2341	1.4637
0.3349	1.4253
0.5511	1.2252
0.5608	1.3893
0.4493	1.5743
0.2821	1.4158
0.2341	1.4677
0.3351	1.4320
0.5481	1.2310
0.5607	1.4472
0.4500	1.5590
0.2822	1.4110
0.2344	1.4583
0.3351	1.4257
0.5472	1.2822
0.5608	1.4398
0.4499	1.5310
0.2821	1.4132
0.2346	1.4527
0.3351	1.4253
0.5453	1.2973
0.5612	1.4950
0.4506	1.5240
0.2821	1.4215
0.2348	1.4395
0.3349	1.4173
0.5440	1.2868
0.5619	1.5097
0.4517	1.5187
0.2822	1.4398
0.2347	1.4332
0.3346	1.4125
0.5432	1.2777
0.5624	1.4948
0.4518	1.5115
0.2821	1.4635
0.2349	1.4233
0.3346	1.4227
0.5409	1.2887
0.5649	1.5068
0.4521	1.4880
0.2822	1.4867
0.2352	1.4228
0.3336	1.4447
0.5409	1.2862
0.5636	1.5308
0.4520	1.4762
0.2822	1.5200
0.2353	1.4220
0.3339	1.4613
0.5400	1.2757
0.5662	1.5333
0.4523	1.4443
0.2824	1.5518
0.2353	1.4235
0.3328	1.4740
0.5374	1.2315
0.5655	1.5368
0.4529	1.3932
0.2826	1.5742
0.2357	1.4110
0.3328	1.4860
0.5372	1.2465
0.5628	1.5360
0.4529	1.3680
0.2828	1.5850
0.2357	1.4030
0.3335	1.4830
0.5364	1.2450
0.5620	1.4985
0.4527	1.3475
0.2828	1.5857
0.2359	1.3965
0.3337	1.4933
0.5361	1.2527
0.5614	1.5145
0.4522	1.3423
0.2830	1.5915
0.2361	1.3788
0.3336	1.5030
0.5355	1.2330
0.5601	1.4677
0.4515	1.3320
0.2834	1.5892
0.2364	1.3800
0.3336	1.5182
0.5346	1.2620
0.5596	1.4580
0.4510	1.3170
0.2836	1.5757
0.2367	1.3827
0.3335	1.5260
0.5361	1.2630
0.5593	1.5423
0.4504	1.3195
0.2837	1.5730
0.2366	1.3930
0.3334	1.5368
0.5350	1.2717
0.5594	1.4933
0.4501	1.3318
0.2836	1.5680
0.2369	1.3992
0.3335	1.5490
0.5357	1.2620
0.5587	1.4720
0.4505	1.3425
0.2837	1.5987
0.2367	1.3895
0.3337	1.5712
0.5343	1.2635
0.5585	1.4965
0.4504	1.3500
0.2835	1.6117
0.2370	1.3892
0.3339	1.5953
0.5342	1.2740
0.5581	1.4735
0.4502	1.3605
0.2834	1.6253
0.2370	1.3912
0.3343	1.6080
0.5340	1.2390
0.5608	1.4218
0.4499	1.3847
0.2833	1.6308
0.2372	1.3992
0.3334	1.6175
0.5330	1.2535
0.5573	1.4187
0.4499	1.4077
0.2831	1.6383
0.2374	1.4083
0.3349	1.6117
0.5315	1.2263
0.5536	1.4157
0.4502	1.4152
0.2835	1.6425
0.2376	1.4207
0.3358	1.5910
0.5306	1.2380
0.5529	1.4240
0.4499	1.4225
0.2836	1.6447
0.2378	1.4115
0.3358	1.5623
0.5297	1.2330
0.5502	1.4272
0.4498	1.4220
0.2838	1.6558
0.2381	1.4205
0.3365	1.5417
0.5279	1.2280
0.5465	1.3615
0.4498	1.4175
0.2839	1.6545
0.2384	1.4213
0.3378	1.5200
0.5263	1.2355
0.5460	1.4303
0.4501	1.4177
0.2841	1.6585
0.2387	1.4237
0.3378	1.4980
0.5250	1.2520
0.5449	1.4672
0.4503	1.4138
0.2845	1.6295
0.2389	1.4310
0.3376	1.4850
0.5239	1.2638
0.5451	1.4057
0.4508	1.4070
0.2849	1.6305
0.2389	1.4348
0.3371	1.4710
0.5237	1.2970
0.5442	1.4092
0.4503	1.4075
0.2852	1.6320
0.2391	1.4352
0.3369	1.4720
0.5234	1.2930
0.5430	1.4487
0.4498	1.3987
0.2855	1.6535
0.2393	1.4227
0.3369	1.4708
0.5228	1.3072
0.5434	1.4405
0.4497	1.3840
0.2857	1.6773
0.2395	1.3995
0.3365	1.4700
0.5225	1.3195
0.5438	1.4413
0.4495	1.4128
0.2858	1.6750
0.2396	1.3930
0.3362	1.4675
0.5226	1.3205
0.5395	1.4155
0.4488	1.4167
0.2862	1.6698
0.2398	1.4093
0.3373	1.4502
0.5235	1.3180
0.5371	1.4068
0.4486	1.4285
0.2865	1.6520
0.2396	1.3925
0.3380	1.4335
0.5220	1.3140
0.5346	1.4113
0.4489	1.4395
0.2869	1.6272
0.2399	1.3773
0.3383	1.4005
0.5221	1.3025
0.5322	1.4053
0.4495	1.4500
0.2875	1.6015
0.2397	1.3682
0.3385	1.3720
0.5200	1.2870
0.5314	1.3613
0.4511	1.4580
0.2879	1.5748
0.2397	1.3748
0.3382	1.3487
0.5187	1.2732
0.5304	1.3993
0.4511	1.4583
0.2885	1.5350
0.2400	1.3695
0.3378	1.3402
0.5177	1.2477
0.5300	1.3845
0.4518	1.4480
0.2888	1.5110
0.2400	1.3983
0.3375	1.3500
0.5166	1.2700
0.5305	1.3810
0.4523	1.4465
0.2893	1.4792
0.2401	1.4175
0.3367	1.3670
0.5149	1.2748
0.5321	1.3875
0.4530	1.4510
0.2895	1.4562
0.2403	1.4445
0.3357	1.4062
0.5133	1.2862
0.5314	1.4195
0.4529	1.4187
0.2896	1.4593
0.2406	1.4528
0.3359	1.4617
0.5127	1.3148
0.5317	1.3935
0.4524	1.4112
0.2895	1.4642
0.2409	1.4562
0.3359	1.5093
0.5128	1.3433
0.5299	1.4135
0.4506	1.4033
0.2891	1.4730
0.2414	1.4647
0.3372	1.5465
0.5126	1.3673
0.5290	1.4207
0.4500	1.4280
0.2888	1.4813
0.2416	1.4805
0.3380	1.5725
0.5126	1.3885
0.5284	1.4057
0.4497	1.4142
0.2883	1.4882
0.2417	1.4960
0.3389	1.5727
0.5129	1.4182
0.5291	1.4177
0.4497	1.4158
0.2879	1.4882
0.2416	1.5272
0.3392	1.5420
0.5136	1.4372
0.5264	1.4200
0.4493	1.4335
0.2877	1.4938
0.2416	1.5568
0.3405	1.5115
0.5145	1.4410
0.5267	1.4515
0.4493	1.4495
0.2876	1.4810
0.2414	1.5658
0.3405	1.4573
0.5134	1.4410
0.5271	1.4675
0.4502	1.4480
0.2877	1.4815
0.2414	1.5923
0.3402	1.4190
0.5135	1.4370
0.5275	1.4665
0.4497	1.4257
0.2881	1.4535
0.2415	1.6110
0.3395	1.3777
0.5135	1.4282
0.5275	1.4370
0.4484	1.4177
0.2887	1.4437
0.2419	1.6295
0.3387	1.3435
0.5129	1.4200
0.5276	1.4890
0.4474	1.4135
0.2892	1.4238
0.2423	1.6463
0.3380	1.3432
0.5123	1.4102
0.5282	1.4433
0.4460	1.4170
0.2895	1.4170
0.2428	1.6608
0.3373	1.3382
0.5122	1.4275
0.5282	1.4328
0.4443	1.4070
0.2898	1.4102
0.2434	1.6685
0.3369	1.3417
0.5132	1.4172
0.5291	1.4173
0.4424	1.4193
0.2896	1.4010
0.2437	1.6690
0.3369	1.3505
0.5134	1.4143
0.5288	1.4190
0.4413	1.4257
0.2895	1.4065
0.2440	1.6440
0.3371	1.3667
0.5139	1.4267
0.5301	1.4140
0.4401	1.4385
0.2891	1.4065
0.2443	1.6265
0.3372	1.3757
0.5141	1.4603
0.5282	1.3977
0.4396	1.4538
0.2889	1.4165
0.2444	1.6112
0.3381	1.3772
0.3381	1.3685
0.5145	1.4745
0.5284	1.4065
0.4398	1.4453
0.2889	1.4175
0.2442	1.5877
0.3380	1.3570
0.5134	1.4950
0.5284	1.3940
0.4398	1.4758
0.2890	1.4395
0.2445	1.5767
0.3376	1.3412
0.5128	1.4690
0.5282	1.3913
0.4398	1.4670
0.2893	1.4370
0.2446	1.5752
0.3372	1.3225
0.5123	1.4903
0.5280	1.3730
0.4400	1.4593
0.2897	1.4532
0.2447	1.5587
0.3368	1.3172
0.5127	1.4820
0.5272	1.3987
0.4398	1.4430
0.2902	1.4465
0.2446	1.5420
0.3360	1.3280
0.5138	1.4600
0.5276	1.3748
0.4387	1.4177
0.2906	1.4492
0.2447	1.5250
0.3360	1.3530
0.5142	1.4522
0.5266	1.3892
0.4384	1.4115
0.2909	1.4495
0.2447	1.5105
0.3359	1.3800
0.5135	1.4060
0.5262	1.3970
0.4371	1.3887
0.2911	1.4367
0.2453	1.4835
0.3360	1.4030
0.5156	1.4440
0.5256	1.4075
0.4363	1.3650
0.2913	1.4222
0.2451	1.4605
0.3363	1.4250
0.5162	1.4438
0.5255	1.4018
0.4358	1.3377
0.2911	1.4128
0.2451	1.4470
0.3370	1.4325
0.5167	1.4317
0.5243	1.3915
0.4357	1.3475
0.2909	1.4045
0.2450	1.4350
0.3371	1.4230
0.5156	1.4095
0.5250	1.4050
0.4360	1.3265
0.2906	1.4018
0.2452	1.4200
0.3372	1.4085
0.5138	1.4813
0.5260	1.4075
0.4362	1.3145
0.2903	1.3998
0.2455	1.4220
0.3371	1.3867
0.5165	1.4570
0.5272	1.4132
0.4363	1.3117
0.2900	1.3952
0.2449	1.4248
0.3374	1.3550
0.5183	1.4620
0.5266	1.4115
0.4356	1.3023
0.2900	1.4070
0.2447	1.4433
0.3370	1.3320
0.5182	1.4525
0.5269	1.4348
0.4354	1.2853
0.2902	1.4343
0.2448	1.4538
0.3365	1.3107
0.5187	1.4627
0.5267	1.4245
0.4349	1.2580
0.2906	1.4550
0.2448	1.4635
0.3360	1.2885
0.5225	1.4538
0.5266	1.4173
0.4331	1.2605
0.2910	1.4815
0.2446	1.4785
0.3354	1.2855
0.5234	1.4362
0.5266	1.4115
0.4320	1.2657
0.2914	1.4935
0.2447	1.4905
0.3350	1.2820
0.5248	1.3792
0.5258	1.4287
0.4305	1.2652
0.2920	1.4927
0.2449	1.4797
0.3347	1.2935
0.5258	1.3795
0.5243	1.4162
0.4294	1.2625
0.2927	1.4877
0.2450	1.4755
0.3346	1.3175
0.5267	1.4267
0.5234	1.4010
0.4283	1.2735
0.2930	1.4910
0.2452	1.4793
0.3343	1.3280
0.5242	1.3602
0.5225	1.3867
0.4280	1.3018
0.2936	1.4980
0.2458	1.4670
0.3342	1.3312
0.5257	1.4132
0.5227	1.3627
0.4279	1.3020
0.2935	1.5058
0.2455	1.4645
0.3341	1.3255
0.5245	1.3865
0.5230	1.3567
0.4276	1.3077
0.2936	1.5100
0.2459	1.4562
0.3342	1.3345
0.5246	1.4232
0.5230	1.3535
0.4274	1.3160
0.2935	1.5008
0.2459	1.4505
0.3346	1.2900
0.5271	1.4448
0.5218	1.3548
0.4272	1.3180
0.2935	1.5030
0.2455	1.4487
0.3346	1.3517
0.5257	1.5330
0.5205	1.3542
0.4269	1.3022
0.2939	1.5075
0.2459	1.4503
0.3347	1.3082
0.5296	1.4977
0.5188	1.3510
0.4260	1.2975
0.2944	1.5210
0.2453	1.4723
0.3343	1.3067
0.5292	1.5100
0.5174	1.3480
0.4251	1.2927
0.2952	1.5360
0.2457	1.4800
0.3343	1.2772
0.5318	1.5397
0.5163	1.3633
0.4245	1.2657
0.2955	1.5478
0.2454	1.4837
0.3331	1.2465
0.5338	1.5112
0.5154	1.3800
0.4236	1.2595
0.2968	1.5552
0.2452	1.4947
0.3342	1.2705
0.5372	1.5268
0.5142	1.3915
0.4227	1.2425
0.2963	1.5423
0.2448	1.5007
0.3333	1.2780
0.5370	1.4765
0.5135	1.4340
0.4216	1.2495
0.2973	1.5347
0.2452	1.4980
0.3331	1.3070
0.5368	1.4675
0.5129	1.4578
0.4209	1.2565
0.2976	1.5535
0.2455	1.5057
0.3323	1.2982
0.5401	1.4820
0.5131	1.4738
0.4196	1.2605
0.2982	1.5473
0.2453	1.5095
0.3316	1.3302
0.5414	1.4770
0.5124	1.4820
0.4188	1.2690
0.2990	1.5380
0.2453	1.5080
0.3320	1.2665
0.5419	1.3910
0.5125	1.4813
0.4177	1.2865
0.2987	1.4885
0.2455	1.5150
0.3313	1.2915
0.5426	1.4068
0.5134	1.4700
0.4172	1.2818
0.2989	1.4775
0.2456	1.4823
0.3310	1.2750
0.5413	1.4108
0.5123	1.4630
0.4163	1.2720
0.2995	1.4760
0.2462	1.4607
0.3304	1.2943
0.5446	1.3760
0.5124	1.4400
0.4157	1.2935
0.3000	1.5117
0.2457	1.4413
0.3298	1.3030
0.5459	1.3620
0.5124	1.4390
0.4152	1.2837
0.3005	1.5055
0.2456	1.4105
0.3295	1.2750
0.5433	1.3908
0.5138	1.4252
0.4147	1.2867
0.3002	1.5257
0.2463	1.4043
0.3293	1.2805
0.5443	1.3807
0.5131	1.3800
0.4146	1.2875
0.3006	1.5650
0.2461	1.3822
0.3290	1.2698
0.5449	1.4240
0.5123	1.3465
0.4143	1.3010
0.3012	1.5015
0.2461	1.3848
0.3291	1.2793
0.5450	1.3928
0.5093	1.3167
0.4145	1.3130
0.3021	1.5392
0.2460	1.3682
0.3287	1.2945
0.5460	1.3963
0.5090	1.2985
0.4144	1.3205
0.3026	1.5405
0.2458	1.3825
0.3287	1.3053
0.5481	1.4532
0.5073	1.2695
0.4137	1.3125
0.3032	1.5497
0.2457	1.3565
0.3291	1.3190
0.5482	1.4380
0.5039	1.2712
0.4139	1.3270
0.3041	1.5777
0.2456	1.3680
0.3293	1.3387
0.5486	1.4617
0.5043	1.2712
0.4134	1.3445
0.3037	1.6017
0.2457	1.3705
0.3296	1.3467
0.5494	1.4433
0.5010	1.2820
0.4138	1.3350
0.3047	1.5828
0.2454	1.3975
0.3297	1.3722
0.5505	1.4840
0.5000	1.2615
0.4131	1.3385
0.3050	1.5930
0.2454	1.3938
0.3303	1.3815
0.5517	1.3952
0.4995	1.2658
0.4131	1.3347
0.3047	1.5698
0.2452	1.3705
0.3304	1.3875
0.5510	1.4240
0.4975	1.2595
0.4132	1.3215
0.3053	1.5528
0.2453	1.3790
0.3305	1.3995
0.5519	1.3882
0.4955	1.2670
0.4134	1.2965
0.3060	1.5943
0.2450	1.3627
0.3305	1.3805
0.5515	1.3297
0.4942	1.2615
0.4123	1.2805
0.3065	1.5530
0.2455	1.3840
0.3311	1.3810
0.5549	1.2952
0.4923	1.2520
0.4125	1.2820
0.3067	1.5503
0.2448	1.3720
0.3312	1.3930
0.5517	1.2837
0.4921	1.2718
0.4124	1.2790
0.3067	1.5705
0.2454	1.3903
0.3319	1.3980
0.5544	1.2983
0.4894	1.2705
0.4120	1.2672
0.3072	1.5500
0.2450	1.3948
0.3322	1.4155
0.5542	1.3148
0.4882	1.2670
0.4112	1.2798
0.3074	1.5428
0.2454	1.4162
0.3322	1.4292
0.5524	1.3565
0.4868	1.2760
0.4103	1.2890
0.3079	1.5245
0.2460	1.4062
0.3325	1.4208
0.5513	1.3283
0.4855	1.3112
0.4100	1.2947
0.3081	1.5137
0.2464	1.4245
0.3329	1.4400
0.5520	1.4383
0.4850	1.3035
0.4094	1.2955
0.3080	1.5563
0.2465	1.4407
0.3332	1.4623
0.5529	1.4110
0.4840	1.3260
0.4089	1.2900
0.3082	1.5050
0.2465	1.4463
0.3338	1.4787
0.5541	1.4470
0.4823	1.3342
0.4088	1.2735
0.3084	1.5137
0.2463	1.4357
0.3339	1.5190
0.5556	1.4915
0.4823	1.3748
0.4084	1.2790
0.3083	1.4977
0.2461	1.4250
0.3335	1.5387
0.5569	1.5177
0.4827	1.3523
0.4082	1.2248
0.3085	1.4510
0.2459	1.4280
0.3342	1.5482
0.5606	1.5193
0.4801	1.3545
0.4076	1.2168
0.3089	1.4720
0.2454	1.4320
0.3349	1.5610
0.5619	1.5250
0.4810	1.3415
0.4067	1.2108
0.3080	1.4470
0.2455	1.4568
0.3354	1.5817
0.5651	1.5088
0.4798	1.3458
0.4057	1.1992
0.3080	1.4150
0.2452	1.4925
0.3354	1.6045
0.5657	1.4990
0.4810	1.3397
0.4054	1.1952
0.3075	1.4052
0.2452	1.5175
0.3367	1.6400
0.5697	1.5002
0.4809	1.3205
0.4033	1.2062
0.3065	1.4000
0.2453	1.5430
0.3373	1.6562
0.5711	1.4775
0.4795	1.3355
0.4023	1.2225
0.3066	1.3782
0.2454	1.5517
0.3381	1.6740
0.5728	1.5047
0.4791	1.3455
0.4008	1.2535
0.3060	1.4188
0.2456	1.5620
0.3391	1.6757
0.5737	1.5090
0.4791	1.3488
0.3992	1.2692
0.3053	1.4310
0.2461	1.5650
0.3399	1.6730
0.5750	1.5242
0.4793	1.3657
0.3979	1.2563
0.3045	1.4585
0.2463	1.5510
0.3407	1.6695
0.5758	1.5190
0.4790	1.3862
0.3972	1.3110
0.3040	1.5253
0.2464	1.5320
0.3415	1.6597
0.5771	1.5198
0.4782	1.3745
0.3969	1.3130
0.3037	1.4905
0.2463	1.5202
0.3424	1.6585
0.5783	1.4938
0.4776	1.3750
0.3968	1.3327
0.3032	1.5200
0.2462	1.4840
0.3429	1.6387
0.5808	1.4832
0.4761	1.3590
0.3962	1.3593
0.3035	1.5517
0.2459	1.4415
0.3425	1.6250
0.5833	1.4443
0.4768	1.3405
0.3960	1.3653
0.3035	1.5685
0.2456	1.4272
0.2454	1.4107
0.3433	1.6045
0.5835	1.4023
0.4746	1.3200
0.3962	1.3773
0.3038	1.5615
0.2454	1.4203
0.3439	1.5940
0.5849	1.3597
0.4742	1.3117
0.3957	1.3722
0.3035	1.5605
0.2455	1.4187
0.3447	1.5782
0.5835	1.3127
0.4726	1.3242
0.3960	1.3668
0.3035	1.5800
0.2456	1.4275
0.3457	1.5797
0.5820	1.2880
0.4704	1.3355
0.3966	1.3883
0.3037	1.5742
0.2461	1.4405
0.3466	1.5938
0.5803	1.2713
0.4690	1.2695
0.3960	1.4005
0.3035	1.5773
0.2465	1.4367
0.3475	1.6130
0.5775	1.2557
0.4682	1.3187
0.3962	1.3868
0.3032	1.5647
0.2471	1.4297
0.3483	1.6278
0.5762	1.2495
0.4671	1.3065
0.3954	1.3817
0.3031	1.5575
0.2475	1.4240
0.3485	1.6332
0.5747	1.2405
0.4662	1.3020
0.3952	1.3552
0.3033	1.5853
0.2476	1.4257
0.3488	1.6268
0.5741	1.2300
0.4655	1.3140
0.3950	1.3275
0.3034	1.5667
0.2476	1.4158
0.3502	1.6105
0.5747	1.2462
0.4632	1.3840
0.3947	1.3203
0.3032	1.5560
0.2476	1.4117
0.3503	1.5990
0.5747	1.2550
0.4637	1.3695
0.3947	1.2948
0.3029	1.5505
0.2476	1.3922
0.3517	1.5727
0.5760	1.2505
0.4632	1.3990
0.3942	1.2945
0.3022	1.5212
0.2477	1.3910
0.3528	1.5400
0.5758	1.2593
0.4603	1.4013
0.3939	1.2875
0.3026	1.4570
0.2479	1.3927
0.3533	1.5163
0.5755	1.2378
0.4595	1.3948
0.3935	1.2865
0.3026	1.3948
0.2482	1.3933
0.3521	1.4843
0.5754	1.2335
0.4616	1.4380
0.3930	1.2897
0.3025	1.3390
0.2485	1.4000
0.3531	1.4607
0.5748	1.2098
0.4604	1.4253
0.3925	1.2870
0.3023	1.2927
0.2488	1.4045
0.3525	1.4467
0.5733	1.2048
0.4618	1.4515
0.3924	1.2955
0.3021	1.3075
0.2491	1.3988
0.3519	1.4320
0.5728	1.2092
0.4638	1.4697
0.3919	1.3033
0.3017	1.2520
0.2495	1.3855
0.3517	1.4250
0.5709	1.2125
0.4655	1.4640
0.3917	1.3038
0.3012	1.2365
0.2496	1.3687
0.3514	1.4170
0.5710	1.2170
0.4675	1.3943
0.3915	1.3105
0.3006	1.2162
0.2500	1.3580
0.3512	1.4060
0.5697	1.2265
0.4695	1.4225
0.3912	1.3187
0.2999	1.2255
0.2501	1.3590
0.3515	1.3997
0.5700	1.2497
0.4695	1.4177
0.3908	1.3350
0.2996	1.2075
0.2501	1.3450
0.3519	1.3855
0.5697	1.2570
0.4697	1.3675
0.3909	1.3490
0.2993	1.2228
0.2501	1.3362
0.3523	1.3710
0.5695	1.2850
0.4693	1.3678
0.3910	1.3610
0.2991	1.2105
0.2501	1.3402
0.3527	1.3532
0.5692	1.2892
0.4693	1.3708
0.3912	1.3678
0.2989	1.2090
0.2501	1.3415
0.3527	1.3302
0.5688	1.3200
0.4689	1.3533
0.3913	1.3975
0.2990	1.2115
0.2502	1.3478
0.3521	1.3120
0.5678	1.3267
0.4709	1.3465
0.3916	1.4148
0.2987	1.1840
0.2502	1.3662
0.3524	1.3005
0.5668	1.3348
0.4701	1.3410
0.3921	1.4278
0.2988	1.1820
0.2502	1.3762
0.3518	1.3003
0.5660	1.3350
0.4724	1.3335
0.3925	1.4320
0.2983	1.1835
0.2502	1.3935
0.3509	1.3173
0.5659	1.3400
0.4747	1.3650
0.3924	1.4373
0.2980	1.2070
0.2503	1.4075
0.3507	1.3348
0.5647	1.3505
0.4758	1.3345
0.3929	1.4342
0.2977	1.1995
0.2503	1.4100
0.3507	1.3570
0.5643	1.3470
0.4767	1.3220
0.3929	1.4348
0.2974	1.2143
0.2505	1.4213
0.3509	1.3855
0.5637	1.3327
0.4768	1.3522
0.3928	1.4300
0.2972	1.1888
0.2506	1.4150
0.3515	1.3925
0.5633	1.3245
0.4760	1.3563
0.3927	1.4300
0.2971	1.1750
0.2507	1.4088
0.3515	1.4102
0.5630	1.3185
0.4764	1.3335
0.3925	1.4410
0.2969	1.1478
0.2508	1.4075
0.3527	1.4033
0.5634	1.3145
0.4749	1.3185
0.3922	1.4220
0.2966	1.1100
0.2510	1.3995
0.3529	1.3850
0.5622	1.3155
0.4758	1.3387
0.3924	1.4242
0.2961	1.0760
0.2513	1.3825
0.3532	1.3518
0.5606	1.3100
0.4775	1.3350
0.3923	1.4132
0.2953	1.0482
0.2513	1.3725
0.3527	1.3255
0.5593	1.3167
0.4806	1.3480
0.3929	1.4148
0.2944	1.0052
0.2934	0.9585
0.2514	1.3610
0.3528	1.2853
0.5582	1.3255
0.4832	1.3175
0.3934	1.4200
0.2926	0.9605
0.2514	1.3382
0.3528	1.2655
0.5579	1.3178
0.4855	1.3503
0.3933	1.4165
0.2920	0.9937
0.2514	1.3375
0.3518	1.2462
0.5575	1.3193
0.4890	1.3075
0.3937	1.4190
0.2920	1.0365
0.2514	1.3320
0.3513	1.2435
0.5572	1.3233
0.4902	1.2577
0.3938	1.4352
0.2915	1.0907
0.2513	1.3468
0.3510	1.2557
0.5571	1.3195
0.4921	1.2742
0.3940	1.4270
0.2913	1.1427
0.2512	1.3470
0.3507	1.2600
0.5571	1.3118
0.4932	1.2635
0.3944	1.4363
0.2914	1.1935
0.2511	1.3355
0.3506	1.2695
0.5572	1.2870
0.4932	1.2437
0.3946	1.4650
0.2918	1.2380
0.2512	1.3353
0.3514	1.2827
0.5559	1.2708
0.4904	1.2280
0.3949	1.4737
0.2918	1.2595
0.2514	1.3328
0.3528	1.2995
0.5537	1.2565
0.4878	1.1837
0.3955	1.4970
0.2916	1.3040
0.2517	1.3367
0.3523	1.3005
0.5527	1.2465
0.4892	1.2160
0.3954	1.5050
0.2914	1.3312
0.2518	1.3395
0.3528	1.2950
0.5505	1.2527
0.4889	1.2132
0.3961	1.4997
0.2913	1.3297
0.2520	1.3448
0.3534	1.2887
0.5470	1.2367
0.4879	1.1940
0.3974	1.5015
0.2912	1.3177
0.2522	1.3385
0.3532	1.2700
0.5452	1.2443
0.4885	1.1928
0.3980	1.4992
0.2913	1.2827
0.2524	1.3433
0.3542	1.2678
0.5427	1.2717
0.4866	1.2652
0.3989	1.4858
0.2916	1.2785
0.2524	1.3482
0.3530	1.2640
0.5415	1.2993
0.4878	1.2085
0.3993	1.4962
0.2919	1.3035
0.2523	1.3605
0.3527	1.2670
0.5422	1.3102
0.4876	1.2280
0.3994	1.4688
0.2921	1.3245
0.2524	1.3835
0.3530	1.2925
0.5412	1.3463
0.4867	1.2625
0.3995	1.4735
0.2926	1.3585
0.2524	1.3985
0.3533	1.3233
0.5406	1.3500
0.4845	1.2918
0.4000	1.4775
0.2920	1.3835
0.2523	1.4212
0.3529	1.3610
0.5409	1.3705
0.4869	1.3605
0.4001	1.4600
0.2919	1.3975
0.2523	1.4270
0.3536	1.3928
0.5409	1.3715
0.4859	1.3290
0.4001	1.4488
0.2920	1.4195
0.2525	1.4315
0.3537	1.4285
0.5411	1.3515
0.4853	1.3400
0.3996	1.4628
0.2919	1.4273
0.2525	1.4333
0.3541	1.4433
0.5395	1.3540
0.4849	1.3610
0.4003	1.4600
0.2918	1.4200
0.2528	1.4453
0.3540	1.4585
0.5377	1.3490
0.4854	1.3940
0.4005	1.4383
0.2917	1.4763
0.2530	1.4422
0.3542	1.4345
0.5374	1.3255
0.4855	1.3685
0.4002	1.4245
0.2917	1.4770
0.2532	1.4307
0.3546	1.4040
0.5370	1.3097
0.4846	1.4003
0.4000	1.4072
0.2917	1.4727
0.2533	1.4357
0.3550	1.3742
0.5357	1.3278
0.4838	1.3833
0.4004	1.4257
0.2918	1.4695
0.2535	1.4108
0.3550	1.3365
0.5351	1.3318
0.4835	1.3855
0.4004	1.3945
0.2919	1.4360
0.2536	1.4038
0.3550	1.3015
0.5354	1.3510
0.4833	1.3517
0.3998	1.3692
0.2927	1.4058
0.2538	1.3955
0.3545	1.2785
0.5351	1.3495
0.4819	1.3338
0.3995	1.3733
0.2931	1.4115
0.2538	1.4130
0.3537	1.2687
0.5352	1.3572
0.4823	1.3322
0.3994	1.4040
0.2937	1.4043
0.2538	1.4075
0.3535	1.2623
0.5354	1.3548
0.4811	1.3355
0.3993	1.3680
0.2942	1.4115
0.2535	1.4117
0.3529	1.2633
0.5359	1.3620
0.4810	1.3405
0.3997	1.3560
0.2941	1.4175
0.2535	1.4015
0.3527	1.2680
0.5366	1.3462
0.4814	1.3597
0.3994	1.3630
0.2938	1.3820
0.2536	1.4047
0.3528	1.2840
0.5361	1.3318
0.4821	1.3410
0.3995	1.3450
0.2941	1.3957
0.2539	1.4008
0.3531	1.3178
0.5344	1.3135
0.4809	1.3765
0.3998	1.3368
0.2942	1.3762
0.2540	1.4077
0.3531	1.3393
0.5349	1.2815
0.4806	1.3930
0.3992	1.3120
0.2943	1.3672
0.2541	1.4355
0.3531	1.3462
0.5354	1.2260
0.4802	1.4020
0.3986	1.2777
0.2945	1.3850
0.2543	1.4392
0.3527	1.3520
0.5345	1.2470
0.4806	1.4393
0.3985	1.2935
0.2944	1.3937
0.2547	1.4488
0.3531	1.3523
0.5344	1.2367
0.4800	1.4763
0.3976	1.2898
0.2945	1.3702
0.2550	1.4447
0.3523	1.3488
0.5339	1.2395
0.4814	1.5128
0.3973	1.2790
0.2944	1.3578
0.2555	1.4528
0.3522	1.3502
0.5337	1.2423
0.4819	1.5377
0.3962	1.3008
0.2945	1.3378
0.2563	1.4530
0.3515	1.3535
0.5329	1.2412
0.4826	1.5598
0.3948	1.3287
0.2947	1.3230
0.2560	1.4580
0.3506	1.3485
0.5340	1.2595
0.4839	1.5763
0.3948	1.3258
0.2946	1.3260
0.2564	1.4438
0.3497	1.3200
0.5330	1.2827
0.4860	1.6005
0.3945	1.3363
0.2945	1.3188
0.2565	1.4190
0.3490	1.3322
0.5321	1.3000
0.4876	1.5675
0.3945	1.3492
0.2943	1.3245
0.2567	1.4383
0.3485	1.3218
0.5316	1.3090
0.4891	1.5795
0.3944	1.3460
0.2941	1.3282
0.2569	1.4245
0.3480	1.3143
0.5305	1.3410
0.4907	1.5612
0.3947	1.3765
0.2941	1.3343
0.2569	1.4258
0.3471	1.3122
0.5307	1.3015
0.4926	1.5392
0.3944	1.3667
0.2945	1.3318
0.2569	1.4203
0.3463	1.2925
0.5313	1.3088
0.4930	1.4872
0.3942	1.3590
0.2942	1.3310
0.2565	1.4133
0.3465	1.2765
0.5311	1.2985
0.4932	1.4782
0.3951	1.3353
0.2944	1.3317
0.2572	1.4183
0.3459	1.2443
0.5316	1.3125
0.4940	1.4455
0.3934	1.3482
0.2948	1.3335
0.2574	1.4323
0.3455	1.2202
0.5309	1.3255
0.4937	1.3848
0.3933	1.3320
0.3930	1.3250
0.2951	1.3340
0.2576	1.4395
0.3451	1.1988
0.5303	1.3293
0.4937	1.3582
0.3926	1.3150
0.2952	1.3453
0.2578	1.4603
0.3450	1.2165
0.5302	1.3355
0.4934	1.3240
0.3921	1.3055
0.2954	1.3648
0.2581	1.4710
0.3442	1.1740
0.5300	1.3382
0.4947	1.3092
0.3922	1.2940
0.2958	1.3700
0.2581	1.4477
0.3437	1.1605
0.5296	1.3488
0.4946	1.2772
0.3916	1.2820
0.2960	1.3840
0.2583	1.4623
0.3441	1.1627
0.5301	1.3615
0.4932	1.2935
0.3909	1.2615
0.2964	1.3540
0.2584	1.4587
0.3433	1.1558
0.5310	1.3680
0.4937	1.2678
0.3898	1.2552
0.2968	1.3810
0.2585	1.4582
0.3437	1.1667
0.5325	1.3665
0.4919	1.2968
0.3900	1.2507
0.2976	1.4153
0.2583	1.4633
0.3433	1.1730
0.5330	1.3682
0.4906	1.2600
0.3887	1.2300
0.2981	1.4928
0.2585	1.4750
0.3431	1.2038
0.5347	1.3570
0.4895	1.2475
0.3878	1.2175
0.2987	1.4990
0.2587	1.4690
0.3424	1.2157
0.5355	1.3545
0.4893	1.2435
0.3870	1.2203
0.2986	1.5410
0.2588	1.4630
0.3424	1.2392
0.5363	1.3508
0.4896	1.2205
0.3864	1.2483
0.2990	1.5538
0.2591	1.4722
0.3420	1.2465
0.5365	1.3405
0.4894	1.2223
0.3857	1.2475
0.2997	1.5510
0.2593	1.4885
0.3421	1.2692
0.5367	1.3393
0.4872	1.2065
0.3848	1.2607
0.3010	1.5620
0.2597	1.4735
0.3427	1.2812
0.5368	1.3402
0.4829	1.2052
0.3840	1.2583
0.3011	1.5653
0.2598	1.4740
0.3434	1.2833
0.5379	1.3258
0.4811	1.1795
0.3836	1.2690
0.3018	1.6065
0.2599	1.4817
0.3437	1.2797
0.5384	1.3178
0.4786	1.1830
0.3831	1.2675
0.3023	1.6158
0.2603	1.4633
0.3443	1.2650
0.5378	1.3110
0.4764	1.1680
0.3828	1.2720
0.3026	1.6203
0.2603	1.4760
0.3448	1.2498
0.5382	1.3178
0.4745	1.1712
0.3823	1.2610
0.3032	1.5653
0.2603	1.4678
0.3449	1.2153
0.5393	1.3132
0.4730	1.1938
0.3814	1.2847
0.3038	1.5855
0.2607	1.4585
0.3449	1.2048
0.5394	1.2355
0.4715	1.2137
0.3807	1.2780
0.3045	1.5768
0.2611	1.4635
0.3447	1.1978
0.5391	1.2855
0.4701	1.2162
0.3806	1.2810
0.3054	1.5780
0.2611	1.4655
0.3442	1.1838
0.5391	1.2770
0.4688	1.2242
0.3797	1.2853
0.3065	1.5680
0.2615	1.4715
0.3440	1.1635
0.5394	1.2492
0.4668	1.2118
0.3788	1.2913
0.3074	1.5585
0.2618	1.4617
0.3432	1.1580
0.5399	1.2115
0.4661	1.1908
0.3790	1.3030
0.3082	1.5575
0.2629	1.4600
0.3432	1.1630
0.5351	1.2493
0.4645	1.1765
0.3782	1.3127
0.3089	1.5587
0.2623	1.4445
0.3433	1.1835
0.5389	1.3007
0.4626	1.1592
0.4609	1.1407
0.3777	1.3175
0.3097	1.5592
0.2629	1.4570
0.3433	1.2078
0.5376	1.2810
0.4590	1.1330
0.3775	1.3148
0.3102	1.5527
0.2633	1.4312
0.3437	1.2312
0.5362	1.3182
0.4571	1.1090
0.3774	1.3318
0.3107	1.5542
0.2637	1.4215
0.3441	1.2652
0.5347	1.3373
0.4552	1.1040
0.3769	1.3180
0.3112	1.5633
0.2636	1.4363
0.3446	1.2657
0.5363	1.4128
0.4531	1.0975
0.3769	1.3265
0.3117	1.5580
0.2630	1.4318
0.3453	1.2740
0.5384	1.3618
0.4511	1.0837
0.3766	1.3132
0.3121	1.5548
0.2635	1.4253
0.3458	1.2865
0.5369	1.3700
0.4492	1.0852
0.3764	1.2910
0.3127	1.5630
0.2630	1.4328
0.3463	1.3022
0.5396	1.3892
0.4476	1.0998
0.3762	1.2970
0.3130	1.5718
0.2630	1.4580
0.3469	1.3275
0.5402	1.4210
0.4455	1.1087
0.3756	1.2872
0.3139	1.5762
0.2632	1.4655
0.3471	1.3543
0.5406	1.3977
0.4437	1.1160
0.3752	1.2922
0.3144	1.5850
0.2633	1.4815
0.3475	1.3577
0.5409	1.3715
0.4417	1.1242
0.3746	1.2928
0.3149	1.5918
0.2636	1.4850
0.3482	1.3572
0.5409	1.4220
0.4397	1.1365
0.3735	1.2932
0.3153	1.5953
0.2639	1.4958
0.3489	1.3690
0.5419	1.3430
0.4382	1.1525
0.3729	1.2825
0.3155	1.6112
0.2642	1.4940
0.3496	1.3900
0.5418	1.3520
0.4366	1.1700
0.3719	1.2835
0.3156	1.6003
0.2645	1.4968
0.3505	1.4147
0.5427	1.4155
0.4346	1.1847
0.3716	1.2765
0.3161	1.5943
0.2646	1.4922
0.3512	1.4007
0.5431	1.4207
0.4329	1.2092
0.3713	1.2727
0.3168	1.5805
0.2644	1.4975
0.3515	1.4195
0.5445	1.4300
0.4314	1.2360
0.3707	1.2880
0.3172	1.5673
0.2652	1.4928
0.3520	1.4133
0.5425	1.3813
0.4299	1.2452
0.3703	1.2685
0.3174	1.5570
0.2649	1.4792
0.3527	1.3930
0.5443	1.3783
0.4290	1.2792
0.3697	1.2820
0.3176	1.5403
0.2643	1.4653
0.3531	1.3782
0.5484	1.4162
0.4282	1.2917
0.3692	1.2835
0.3183	1.5142
0.2643	1.4460
0.3528	1.3855
0.5495	1.3992
0.4277	1.2990
0.3684	1.3018
0.3181	1.4943
0.2646	1.4445
0.3533	1.3978
0.5502	1.3350
0.4273	1.3027
0.3678	1.3157
0.3184	1.4790
0.2655	1.4110
0.3532	1.4080
0.5474	1.3800
0.4266	1.3055
0.3671	1.3415
0.3188	1.4755
0.2657	1.4027
0.3533	1.3912
0.5484	1.3702
0.4269	1.3065
0.3669	1.3588
0.3189	1.4835
0.2652	1.3615
0.3530	1.3845
0.5507	1.3190
0.4263	1.2897
0.3672	1.3767
0.3187	1.5115
0.2652	1.3370
0.3535	1.4015
0.5500	1.3333
0.4257	1.2915
0.3674	1.3660
0.3187	1.5453
0.2660	1.2957
0.3540	1.3842
0.5465	1.3753
0.4249	1.3260
0.3681	1.3743
0.3186	1.5810
0.2656	1.2772
0.3546	1.3800
0.5463	1.4355
0.4237	1.3110
0.3687	1.3843
0.3191	1.5865
0.2654	1.2660
0.3548	1.3808
0.5460	1.4350
0.4226	1.3150
0.3696	1.3848
0.3196	1.6040
0.2649	1.2582
0.3550	1.3765
0.5460	1.3843
0.4202	1.3240
0.3703	1.3700
0.3205	1.6312
0.2643	1.2650
0.3556	1.3635
0.5469	1.3730
0.4186	1.3120
0.3703	1.3680
0.3214	1.6217
0.2635	1.2728
0.3557	1.3520
0.5508	1.3773
0.4182	1.3280
0.3705	1.3792
0.3226	1.6380
0.2633	1.2955
0.3546	1.3313
0.5511	1.3595
0.4168	1.3307
0.3703	1.3812
0.3230	1.6033
0.2633	1.3060
0.3550	1.3418
0.5514	1.3625
0.4166	1.3088
0.3703	1.3962
0.3236	1.6108
0.2635	1.3370
0.3545	1.3460
0.5507	1.3335
0.4155	1.3450
0.3701	1.4153
0.3243	1.5928
0.2637	1.3523
0.3545	1.3580
0.5502	1.2910
0.4147	1.3407
0.3700	1.4545
0.3243	1.5732
0.2645	1.3722
0.3550	1.3640
0.5470	1.2630
0.4140	1.3013
0.3704	1.4682
0.3250	1.5573
0.2647	1.3793
0.3547	1.3895
0.5451	1.2620
0.4142	1.3193
0.3707	1.4850
0.3245	1.5600
0.2646	1.3787
0.3551	1.4007
0.5449	1.2665
0.4121	1.2920
0.3712	1.4868
0.3251	1.5615
0.2650	1.3690
0.3559	1.4135
0.5423	1.2803
0.4116	1.2877
0.3721	1.4988
0.3254	1.5375
0.2652	1.3668
0.3559	1.4190
0.5395	1.3025
0.4106	1.2992
0.3725	1.4955
0.3258	1.5422
0.2650	1.3745
0.3563	1.4218
0.5394	1.3327
0.4094	1.2845
0.3729	1.4865
0.3261	1.5120
0.2649	1.3773
0.3568	1.4233
0.5389	1.3255
0.4086	1.2888
0.3733	1.4818
0.3264	1.5200
0.2649	1.3758
0.3571	1.4167
0.5385	1.2873
0.4074	1.3225
0.3736	1.4717
0.3267	1.4835
0.2647	1.3710
0.3576	1.4228
0.5384	1.2807
0.5385	1.2768
0.4070	1.2965
0.3737	1.4385
0.3268	1.4623
0.2646	1.3762
0.3578	1.4255
0.5375	1.2337
0.4065	1.2952
0.3733	1.4253
0.3268	1.4465
0.2651	1.3722
0.3581	1.4363
0.5357	1.2102
0.4064	1.2977
0.3734	1.4167
0.3269	1.4375
0.2654	1.3760
0.3582	1.4458
0.5335	1.1977
0.4064	1.3077
0.3737	1.3872
0.3267	1.4372
0.2659	1.3817
0.3584	1.4615
0.5313	1.1852
0.4067	1.3310
0.3740	1.3855
0.3264	1.4373
0.2662	1.3985
0.3585	1.4593
0.5303	1.1735
0.4061	1.3430
0.3738	1.3747
0.3262	1.4520
0.2666	1.4067
0.3592	1.4615
0.5285	1.1817
0.4055	1.3633
0.3740	1.3767
0.3260	1.4680
0.2669	1.3865
0.3599	1.4587
0.5271	1.1983
0.4048	1.3808
0.3741	1.3475
0.3259	1.4735
0.2673	1.3810
0.3606	1.4558
0.5277	1.2143
0.4043	1.3832
0.3734	1.3255
0.3259	1.4722
0.2675	1.3695
0.3610	1.4540
0.5271	1.2348
0.4040	1.3855
0.3732	1.3045
0.3262	1.4702
0.2677	1.3680
0.3609	1.4520
0.5271	1.2515
0.4034	1.4192
0.3728	1.3148
0.3266	1.4670
0.2679	1.3670
0.3609	1.4525
0.5264	1.2637
0.4031	1.4208
0.3730	1.3110
0.3270	1.4548
0.2680	1.3678
0.3605	1.4555
0.5273	1.2688
0.4033	1.3890
0.3725	1.3118
0.3272	1.4335
0.2680	1.3707
0.3601	1.4597
0.5273	1.2640
0.4035	1.3690
0.3724	1.3330
0.3271	1.4148
0.2681	1.3665
0.3602	1.4657
0.5274	1.2625
0.4039	1.3767
0.3723	1.3218
0.3268	1.3803
0.2681	1.3505
0.3602	1.4798
0.5268	1.2592
0.4045	1.3370
0.3723	1.3462
0.3265	1.3710
0.2683	1.3623
0.3601	1.4880
0.5259	1.2560
0.4044	1.3257
0.3724	1.3288
0.3260	1.3568
0.2684	1.3672
0.3608	1.4973
0.5247	1.2607
0.4033	1.3265
0.3724	1.3360
0.3254	1.3563
0.2687	1.3655
0.3625	1.5095
0.5239	1.2472
0.4028	1.3680
0.3725	1.3375
0.3248	1.3633
0.2689	1.3755
0.3636	1.5072
0.5238	1.2667
0.4038	1.3605
0.3724	1.3508
0.3241	1.3677
0.2690	1.3680
0.3636	1.5062
0.5223	1.2785
0.4023	1.3205
0.3724	1.3550
0.3241	1.3672
0.2694	1.3685
0.3648	1.4995
0.5224	1.2887
0.4021	1.3435
0.3720	1.3460
0.3241	1.3575
0.2696	1.3575
0.3651	1.4940
0.5231	1.3040
0.4024	1.3835
0.3717	1.3375
0.3240	1.3390
0.2695	1.3445
0.3650	1.4908
0.5223	1.3238
0.4036	1.4377
0.3714	1.3328
0.3240	1.3158
0.2699	1.3275
0.3639	1.4915
0.5228	1.3382
0.4037	1.4053
0.3718	1.3477
0.3239	1.3030
0.2696	1.3595
0.3640	1.4960
0.5225	1.3377
0.4030	1.4338
0.3720	1.3270
0.3237	1.2665
0.2696	1.3355
0.3648	1.5045
0.5227	1.3377
0.4040	1.4795
0.3721	1.3312
0.3231	1.2425
0.2694	1.3357
0.3647	1.5155
0.5229	1.3390
0.4048	1.4495
0.3722	1.3357
0.3222	1.2193
0.2693	1.3453
0.3653	1.5192
0.5234	1.3223
0.4068	1.3945
0.3726	1.3400
0.3211	1.2040
0.2690	1.3408
0.3650	1.5203
0.5233	1.3305
0.4072	1.3940
0.3721	1.3140
0.3201	1.1987
0.2693	1.3418
0.3660	1.5050
0.5229	1.3190
0.4078	1.4505
0.3721	1.3140
0.3192	1.1930
0.2694	1.3405
0.3667	1.4847
0.5228	1.2900
0.4099	1.4390
0.3718	1.3200
0.3184	1.2035
0.2696	1.3390
0.3660	1.4607
0.5233	1.2875
0.4100	1.4003
0.3714	1.3285
0.3178	1.2255
0.2696	1.3543
0.3668	1.4190
0.5213	1.2805
0.4099	1.3743
0.3714	1.3440
0.3175	1.2427
0.2702	1.3600
0.3672	1.3892
0.5237	1.2748
0.4101	1.3735
0.3710	1.3407
0.3176	1.2492
0.2698	1.3520
0.3670	1.3650
0.5228	1.2825
0.4115	1.3775
0.3712	1.3445
0.3177	1.2633
0.2699	1.3382
0.3657	1.3577
0.5211	1.2965
0.4118	1.3033
0.3716	1.3460
0.3178	1.2662
0.2701	1.3480
0.3653	1.3705
0.5207	1.3007
0.4106	1.3447
0.3715	1.3430
0.3182	1.2765
0.2703	1.3580
0.3658	1.3935
0.5199	1.3457
0.4112	1.3128
0.3722	1.3433
0.3181	1.2755
0.2701	1.3917
0.3654	1.4222
0.5197	1.3237
0.4114	1.3400
0.3718	1.3567
0.3178	1.2753
0.2704	1.4340
0.3658	1.4588
0.5195	1.3393
0.4117	1.3023
0.3723	1.3482
0.3173	1.2755
0.2702	1.4545
0.3662	1.4890
0.5201	1.3717
0.4112	1.2685
0.3718	1.3433
0.3163	1.2712
0.2703	1.4968
0.3678	1.5090
0.5210	1.3742
0.4123	1.2948
0.3710	1.3370
0.3155	1.2635
0.2705	1.5085
0.3681	1.5293
0.5215	1.3750
0.4112	1.2742
0.3700	1.3290
0.3146	1.2602
0.2709	1.5267
0.3702	1.5247
0.5219	1.3518
0.4123	1.2827
0.3689	1.3350
0.3139	1.2680
0.2714	1.5213
0.3702	1.5080
0.5223	1.3450
0.4124	1.2760
0.3683	1.3260
0.3135	1.2602
0.2716	1.5495
0.3708	1.4725
0.5226	1.3515
0.4117	1.3060
0.3674	1.3080
0.3131	1.2615
0.2720	1.5500
0.3718	1.4265
0.5227	1.3475
0.4116	1.2803
0.3669	1.3233
0.3129	1.2565
0.2723	1.5542
0.3722	1.3955
0.5224	1.3340
0.4117	1.3380
0.3668	1.3157
0.3129	1.2547
0.2724	1.5430
0.3722	1.3733
0.5206	1.3310
0.4119	1.3072
0.3667	1.3000
0.3130	1.2502
0.2729	1.5220
0.3719	1.3672
0.5206	1.3325
0.4122	1.3215
0.3662	1.2680
0.3130	1.2540
0.2732	1.5298
0.3715	1.3893
0.5225	1.3372
0.4127	1.3445
0.3652	1.2585
0.3131	1.2757
0.2732	1.5155
0.3711	1.4218
0.5223	1.3562
0.4131	1.3548
0.3648	1.2560
0.3127	1.2818
0.2735	1.5088
0.3713	1.4590
0.5225	1.3687
0.4140	1.3588
0.3639	1.2450
0.3123	1.2823
0.2740	1.5075
0.3712	1.4880
0.5235	1.4040
0.4143	1.3545
0.3630	1.2270
0.3116	1.2810
0.2742	1.5082
0.3719	1.4900
0.5259	1.4217
0.4147	1.3583
0.3614	1.2280
0.3108	1.2790
0.2745	1.4910
0.3726	1.4947
0.5270	1.4197
0.4141	1.3477
0.3606	1.2508
0.3103	1.2733
0.2746	1.4918
0.3740	1.4762
0.5282	1.4165
0.4141	1.3505
0.3602	1.2522
0.3095	1.2710
0.2745	1.4825
0.3751	1.4447
0.3758	1.4100
0.5293	1.4358
0.4143	1.3353
0.3599	1.2443
0.3089	1.2715
0.2745	1.4700
0.3757	1.3720
0.5304	1.4707
0.4144	1.3375
0.3593	1.2613
0.3089	1.2708
0.2745	1.4670
0.3754	1.3247
0.5313	1.4960
0.4149	1.3213
0.3593	1.2763
0.3089	1.2678
0.2742	1.4597
0.3747	1.2907
0.5318	1.4858
0.4152	1.3288
0.3589	1.2748
0.3091	1.2522
0.2743	1.4565
0.3739	1.2667
0.5314	1.4920
0.4158	1.3330
0.3587	1.2752
0.3094	1.2535
0.2745	1.4645
0.3732	1.2582
0.5331	1.5095
0.4162	1.3415
0.3580	1.2830
0.3096	1.2635
0.2745	1.4677
0.3728	1.2757
0.5353	1.5238
0.4166	1.3175
0.3576	1.3040
0.3097	1.2635
0.2742	1.4643
0.3727	1.2908
0.5383	1.5328
0.4166	1.3122
0.3566	1.3325
0.3097	1.2725
0.2740	1.4855
0.3729	1.3212
0.5390	1.5423
0.4167	1.3115
0.3559	1.3443
0.3095	1.2747
0.2742	1.4540
0.3733	1.3412
0.5406	1.5802
0.4169	1.3100
0.3553	1.3675
0.3092	1.2858
0.2741	1.4692
0.3735	1.3567
0.5423	1.5732
0.4170	1.3125
0.3551	1.4035
0.3090	1.2992
0.2738	1.4585
0.3745	1.3640
0.5430	1.5305
0.4162	1.3235
0.3552	1.4180
0.3087	1.3152
0.2736	1.4600
0.3747	1.3635
0.5428	1.4923
0.4163	1.3372
0.3554	1.4415
0.3085	1.3315
0.2735	1.4445
0.3750	1.3502
0.5433	1.5175
0.4165	1.3518
0.3561	1.4595
0.3082	1.3490
0.2730	1.4385
0.3748	1.3402
0.5437	1.4770
0.4166	1.3460
0.3561	1.4565
0.3083	1.3732
0.2729	1.4217
0.3745	1.3337
0.5430	1.4907
0.4167	1.3422
0.3566	1.4333
0.3085	1.3885
0.2728	1.4120
0.3740	1.3380
0.5418	1.4710
0.4168	1.3687
0.3565	1.4265
0.3087	1.4195
0.2731	1.4267
0.3735	1.3470
0.5413	1.4955
0.4168	1.3770
0.3566	1.4147
0.3091	1.4715
0.2732	1.4153
0.3729	1.3597
0.5423	1.4920
0.4168	1.3720
0.3565	1.4088
0.3095	1.5178
0.2730	1.4217
0.3731	1.3773
0.5418	1.4512
0.4159	1.3567
0.3562	1.3907
0.3099	1.5420
0.2733	1.3973
0.3733	1.3980
0.5457	1.4605
0.4154	1.3587
0.3557	1.3867
0.3100	1.5620
0.2726	1.4037
0.3737	1.4688
0.5457	1.4690
0.4145	1.3455
0.3552	1.3745
0.3103	1.5678
0.2729	1.3900
0.3739	1.4205
0.5476	1.4718
0.4130	1.3088
0.3554	1.3815
0.3109	1.5703
0.2723	1.3765
0.3746	1.4458
0.5482	1.4553
0.4115	1.3057
0.3558	1.3695
0.3113	1.5673
0.2720	1.3872
0.3754	1.4175
0.5473	1.4992
0.4103	1.2750
0.3560	1.3565
0.3115	1.5693
0.2721	1.3967
0.3756	1.4265
0.5474	1.4712
0.4097	1.2800
0.3562	1.3607
0.3117	1.5865
0.2719	1.4160
0.3775	1.3925
0.5474	1.4740
0.4093	1.2623
0.3562	1.3330
0.3106	1.6025
0.2719	1.4133
0.3766	1.3970
0.5466	1.4460
0.4079	1.2420
0.3567	1.3028
0.3120	1.6148
0.2718	1.4235
0.3768	1.3812
0.5474	1.4532
0.4079	1.2420
0.3560	1.2750
0.3119	1.5983
0.2720	1.4343
0.3771	1.3627
0.5503	1.4653
0.4060	1.2715
0.3552	1.2453
0.3128	1.6107
0.2718	1.4242
0.3774	1.3370
0.5523	1.4705
0.4051	1.2735
0.3543	1.2165
0.3131	1.6065
0.2718	1.4228
0.3773	1.2780
0.5542	1.4960
0.4031	1.2828
0.3532	1.2140
0.3144	1.6342
0.2720	1.4208
0.3783	1.3380
0.5564	1.5055
0.4007	1.3177
0.3523	1.1973
0.3152	1.6315
0.2720	1.4303
0.3786	1.3302
0.5592	1.5020
0.3998	1.3260
0.3518	1.2047
0.3155	1.6213
0.2717	1.4190
0.3779	1.3560
0.5609	1.4850
0.3992	1.3750
0.3515	1.2173
0.3164	1.6043
0.2715	1.4245
0.3774	1.3375
0.5630	1.4760
0.3988	1.3670
0.3510	1.2217
0.3170	1.5635
0.2712	1.4190
0.3773	1.3570
0.5649	1.4905
0.3978	1.3862
0.3510	1.2260
0.3177	1.5298
0.2708	1.4153
0.3772	1.3323
0.5657	1.4705
0.3977	1.3997
0.3508	1.2348
0.3178	1.4812
0.2707	1.4160
0.3769	1.3295
0.5659	1.4420
0.3983	1.4115
0.3507	1.2538
0.3176	1.4830
0.2708	1.4173
0.3766	1.3240
0.5670	1.4403
0.3986	1.3933
0.3500	1.2527
0.3177	1.4708
0.2709	1.4115
0.3766	1.3255
0.5683	1.4367
0.3987	1.3975
0.3494	1.2565
0.3176	1.4732
0.2710	1.4147
0.3765	1.3145
0.5709	1.4298
0.3985	1.3982
0.3485	1.2443
0.3178	1.4583
0.2709	1.4045
0.3764	1.3060
0.5714	1.4348
0.3981	1.4000
0.3479	1.2410
0.3182	1.4805
0.2712	1.3900
0.3762	1.2945
0.5712	1.4460
0.3975	1.3867
0.3478	1.2348
0.3186	1.5440
0.2713	1.3645
0.3760	1.2943
0.5729	1.4105
0.3967	1.3767
0.3476	1.2297
0.3193	1.5445
0.2710	1.3343
0.3753	1.2865
0.5747	1.4442
0.3964	1.3790
0.3472	1.2328
0.3200	1.6025
0.2709	1.3148
0.3750	1.3318
0.5770	1.4255
0.3959	1.3710
0.3471	1.2443
0.3206	1.6173
0.2705	1.2895
0.3745	1.3602
0.5784	1.4138
0.3952	1.3725
0.3472	1.2475
0.3214	1.6363
0.2701	1.2780
0.3743	1.3723
0.5797	1.4057
0.3934	1.3603
0.3475	1.2462
0.3227	1.6495
0.2696	1.2763
0.3742	1.3880
0.5789	1.3990
0.3933	1.3443
0.3475	1.2588
0.3229	1.6507
0.2698	1.2920
0.3740	1.4092
0.5823	1.3695
0.3917	1.3350
0.3474	1.2580
0.3241	1.6563
0.2691	1.2975
0.3754	1.4275
0.5830	1.3287
0.3908	1.3192
0.3474	1.2655
0.3237	1.6637
0.2689	1.3068
0.3760	1.4448
0.5824	1.3035
0.3899	1.3010
0.3472	1.2530
0.3239	1.6497
0.2692	1.3167
0.3766	1.4487
0.5818	1.2943
0.3886	1.2837
0.3470	1.2443
0.3244	1.5897
0.2694	1.3405
0.3772	1.4647
0.5823	1.2820
0.3873	1.2773
0.3468	1.2390
0.3248	1.5932
0.2695	1.3488
0.3774	1.4975
0.5821	1.2223
0.3866	1.2725
0.3462	1.2432
0.3251	1.5520
0.2698	1.3532
0.3780	1.4780
0.5812	1.2418
0.3854	1.2700
0.3461	1.2360
0.3255	1.5422
0.2701	1.3700
0.3786	1.4748
0.5818	1.2732
0.3846	1.2575
0.3457	1.2387
0.3257	1.5192
0.2703	1.3793
0.3790	1.4917
0.5831	1.2885
0.3841	1.2582
0.3452	1.2295
0.3257	1.5407
0.2703	1.4045
0.3796	1.5000
0.5818	1.2718
0.3838	1.2577
0.3449	1.2252
0.3256	1.4968
0.2707	1.4233
0.3804	1.4915
0.5809	1.2878
0.3833	1.2485
0.3448	1.2248
0.3253	1.5340
0.2710	1.4273
0.3813	1.5063
0.5834	1.2648
0.3827	1.2475
0.3442	1.2032
0.3250	1.5290
0.2708	1.4565
0.3823	1.5077
0.5848	1.2853
0.3821	1.2432
0.3438	1.2320
0.3248	1.5338
0.2708	1.4662
0.3833	1.5253
0.5858	1.2540
0.3802	1.2458
0.3429	1.2087
0.3254	1.5563
0.2711	1.4672
0.3842	1.5293
0.5854	1.2950
0.3803	1.2412
0.3421	1.2082
0.3247	1.5563
0.2717	1.4727
0.3845	1.5308
0.5864	1.2888
0.3782	1.2390
0.3414	1.1935
0.3260	1.5525
0.2719	1.4665
0.3856	1.5280
0.5854	1.3175
0.3772	1.2410
0.3401	1.1970
0.3260	1.5492
0.2730	1.4490
0.3863	1.5285
0.5854	1.2760
0.3762	1.2458
0.3402	1.1782
0.3262	1.5517
0.2729	1.4370
0.3872	1.5250
0.5862	1.2670
0.3752	1.2407
0.3391	1.1705
0.3264	1.4997
0.2734	1.4208
0.3880	1.5313
0.5877	1.2900
0.3747	1.2462
0.3387	1.1678
0.3261	1.5428
0.2734	1.4090
0.3890	1.5563
0.5874	1.2920
0.3743	1.2240
0.3384	1.1740
0.3258	1.5017
0.2736	1.4107
0.3899	1.5570
0.5917	1.3430
0.3739	1.2263
0.3383	1.1930
0.3255	1.5135
0.2728	1.4007
0.3907	1.5717
0.5915	1.3352
0.3734	1.2208
0.3378	1.1678
0.3253	1.5345
0.2731	1.4063
0.3919	1.6032
0.5925	1.3600
0.3729	1.2203
0.3371	1.2015
0.3249	1.5512
0.2734	1.4080
0.3928	1.5790
0.5939	1.3555
0.3719	1.2188
0.3366	1.2087
0.3249	1.5795
0.2735	1.4162
0.3946	1.5810
0.5947	1.3748
0.3705	1.2062
0.3360	1.2355
0.3249	1.6023
0.2737	1.4185
0.2738	1.4357
0.3957	1.5837
0.5958	1.3192
0.3692	1.2143
0.3354	1.2307
0.3251	1.6162
0.2740	1.4403
0.3971	1.5835
0.5971	1.3355
0.3675	1.2242
0.3347	1.2240
0.3254	1.6158
0.2741	1.4255
0.3991	1.5828
0.5973	1.3315
0.3661	1.2308
0.3345	1.2433
0.3253	1.6200
0.2743	1.4122
0.3992	1.5807
0.5981	1.3190
0.3648	1.2367
0.3340	1.2420
0.3262	1.5957
0.2743	1.3975
0.4007	1.5768
0.5971	1.2975
0.3636	1.2555
0.3343	1.2440
0.3262	1.5645
0.2745	1.3905
0.4014	1.5770
0.5980	1.3062
0.3630	1.2498
0.3337	1.2750
0.3262	1.5175
0.2747	1.3882
0.4020	1.5807
0.5994	1.3062
0.3628	1.2572
0.3329	1.3190
0.3260	1.4725
0.2748	1.3967
0.4030	1.5468
0.5988	1.3050
0.3624	1.2570
0.3330	1.3200
0.3256	1.4275
0.2749	1.4065
0.4038	1.5660
0.5994	1.3053
0.3622	1.2487
0.3327	1.3472
0.3253	1.4047
0.2752	1.4195
0.4048	1.5508
0.5985	1.3083
0.3622	1.2652
0.3326	1.3345
0.3246	1.3888
0.2751	1.4217
0.4062	1.5228
0.5981	1.3118
0.3621	1.2490
0.3328	1.3618
0.3238	1.3768
0.2752	1.4140
0.4076	1.5055
0.5962	1.3033
0.3618	1.2125
0.3332	1.3753
0.3232	1.3595
