#rho	velocity
1.1063	0.9775
1.1743	0.7683
1.1042	0.9835
1.1813	0.7670
1.1020	0.9808
1.1917	0.7698
1.1000	0.9728
1.0984	0.9587
1.0963	0.9365
1.0958	0.9063
1.0946	0.8680
1.0945	0.8290
1.0948	0.7887
1.0954	0.7523
1.0949	0.7245
1.0951	0.7062
1.0955	0.6980
1.0961	0.6957
1.0965	0.6985
1.0963	0.7057
1.0955	0.7150
1.0241	0.9060
1.0946	0.7245
1.0241	0.9318
1.0929	0.7350
1.0228	0.9502
1.0930	0.7427
1.0201	0.9597
1.0925	0.7455
1.0171	0.9620
1.0925	0.7455
1.0148	0.9585
1.0944	0.7410
1.0115	0.9520
1.0976	0.7325
1.0092	0.9365
1.1014	0.7217
1.0079	0.9150
1.1045	0.7093
1.0064	0.8885
1.1069	0.6952
1.0059	0.8553
1.1087	0.6863
1.0069	0.8207
1.1104	0.6795
1.0081	0.7890
1.1130	0.6800
1.0105	0.7653
1.1159	0.6868
1.0141	0.7468
1.0177	0.7328
1.0208	0.7225
1.0230	0.7172
1.0242	0.7150
1.0244	0.7118
1.0239	0.7057
1.0242	0.7003
1.0239	0.6988
1.0241	0.6995
1.0244	0.7010
1.2045	0.8890
1.0263	0.7017
1.2050	0.8890
1.0286	0.6982
1.2058	0.8945
1.0325	0.6945
1.2061	0.8922
1.0375	0.6945
1.2068	0.8912
1.0443	0.6967
1.2087	0.8787
1.0523	0.6998
1.2121	0.8637
1.0597	0.7030
1.2161	0.8500
1.0687	0.7053
1.2203	0.8305
1.0763	0.7060
1.2232	0.8100
1.0834	0.7062
1.2240	0.7878
1.0881	0.7063
1.2244	0.7708
1.0915	0.7073
1.2239	0.7492
1.0969	0.7065
1.2225	0.7395
1.1008	0.6997
1.2208	0.7320
1.1047	0.6927
1.2194	0.7373
1.1096	0.6890
1.2195	0.7493
1.1151	0.6887
1.2209	0.7630
1.1203	0.6903
1.2243	0.7830
1.1281	0.6890
1.2282	0.8075
1.1366	0.6832
1.2321	0.8315
1.2356	0.8520
1.2392	0.8693
1.2426	0.8745
1.2500	0.8720
1.2330	0.8610
1.2417	0.8455
1.2504	0.8200
1.1924	0.7930
1.2560	0.7900
1.1899	0.7753
1.2587	0.7508
1.1893	0.7610
1.2593	0.7097
1.1891	0.7498
1.2572	0.6773
1.1901	0.7430
1.2536	0.6498
1.1928	0.7390
1.2484	0.6312
1.1974	0.7360
1.2417	0.6242
1.2036	0.7372
1.2353	0.6307
1.2083	0.7392
1.2298	0.6425
1.2134	0.7425
1.2247	0.6618
1.2180	0.7453
1.2199	0.6880
1.2224	0.7490
1.2162	0.7235
1.2258	0.7508
1.2145	0.7562
1.2285	0.7458
1.2132	0.7803
1.2294	0.7380
1.2127	0.8003
1.2278	0.7328
1.2120	0.8108
1.2235	0.7285
1.2123	0.8175
1.2191	0.7200
1.2126	0.8115
1.2138	0.7143
1.2117	0.8042
1.2089	0.7072
1.2114	0.8003
1.3704	0.7190
1.2057	0.7015
1.2123	0.7903
1.3666	0.7295
1.2029	0.6970
1.2149	0.7810
1.3639	0.7445
1.2031	0.6953
1.3614	0.7605
1.2039	0.7012
1.3565	0.7775
1.2043	0.7107
1.3533	0.7960
1.2067	0.7215
1.3483	0.8147
1.2082	0.7332
1.3427	0.8258
1.2085	0.7525
1.3366	0.8282
1.2073	0.7720
1.3297	0.8225
1.2052	0.7895
1.3220	0.8128
1.2024	0.8035
1.3161	0.7985
1.1992	0.8143
1.3081	0.7835
1.1951	0.8192
1.3001	0.7727
1.1890	0.8220
1.2925	0.7632
1.1824	0.8242
1.2872	0.7545
1.1768	0.8222
1.2837	0.7455
1.1727	0.8180
1.2825	0.7403
1.1696	0.8100
1.2824	0.7393
1.1671	0.7970
1.2834	0.7438
1.1660	0.7920
1.2847	0.7508
1.1665	0.7882
1.2875	0.7620
1.1685	0.7865
1.2917	0.7765
1.1719	0.7895
1.2971	0.7872
1.1765	0.7935
1.2986	0.7947
1.1825	0.7968
1.2982	0.7995
1.1901	0.8025
1.2952	0.8035
1.1990	0.8103
1.2902	0.8077
1.2088	0.8125
1.2839	0.8105
1.2182	0.8135
1.2772	0.8107
1.2709	0.8075
1.2650	0.8025
1.2613	0.7953
1.2591	0.7935
1.2583	0.7967
1.2580	0.8020
1.2602	0.8080
1.2621	0.8125
1.2637	0.8160
1.2669	0.8193
1.2703	0.8240
1.2723	0.8253
1.0358	0.7783
1.2732	0.8227
1.0315	0.7835
1.2750	0.8145
1.0279	0.7800
1.2769	0.8035
1.0240	0.7767
1.2767	0.7890
1.0210	0.7777
1.2761	0.7718
1.0188	0.7775
1.2734	0.7558
1.0176	0.7753
1.2713	0.7438
1.0173	0.7737
1.2676	0.7337
1.0185	0.7765
1.2663	0.7262
1.0200	0.7822
1.2659	0.7220
1.0220	0.7863
1.2661	0.7212
1.0232	0.7798
1.2674	0.7210
1.0231	0.7777
1.2706	0.7200
1.0214	0.7700
1.0193	0.7627
1.0166	0.7560
1.0214	0.7485
1.0180	0.7408
1.0152	0.7335
1.0128	0.7290
1.0110	0.7335
1.0107	0.7453
1.0115	0.7595
1.0133	0.7750
1.0469	0.8027
1.0163	0.7935
1.0441	0.8340
1.0203	0.8127
1.0412	0.8565
1.0259	0.8293
1.0373	0.8683
1.0318	0.8372
1.0331	0.8685
1.0373	0.8427
1.0274	0.8592
1.0447	0.8438
1.0222	0.8402
1.0504	0.8385
1.0184	0.8110
1.0550	0.8275
1.0163	0.7855
1.0582	0.8103
1.0139	0.7628
1.0597	0.7920
1.0117	0.7343
1.0604	0.7725
1.0099	0.7135
1.0602	0.7520
1.0093	0.7015
1.0588	0.7362
1.0095	0.6965
1.0580	0.7242
1.0083	0.7040
1.0575	0.7110
1.0053	0.7175
1.0584	0.7000
1.0033	0.7417
1.0601	0.6920
1.0019	0.7720
1.0634	0.6892
1.0014	0.7990
1.0680	0.6878
1.0022	0.8192
1.0745	0.6847
1.0025	0.8340
1.0025	0.8453
1.0018	0.8527
1.0016	0.8577
1.0025	0.8507
1.0048	0.8385
1.0073	0.8200
1.0116	0.8013
1.0165	0.7805
1.0233	0.7673
1.0293	0.7593
1.0347	0.7540
1.0383	0.7515
1.0416	0.7475
1.0446	0.7512
1.0472	0.7575
1.0485	0.7665
1.0503	0.7735
1.0691	0.7285
1.0515	0.7795
1.0688	0.7318
1.0537	0.7803
1.0679	0.7392
1.0561	0.7797
1.0666	0.7488
1.0592	0.7728
1.0650	0.7562
1.0618	0.7600
1.0631	0.7660
1.0665	0.7435
1.0616	0.7765
1.0710	0.7282
1.0599	0.7900
1.0598	0.8028
1.0607	0.8177
1.0633	0.8210
1.0654	0.8317
1.0674	0.8378
1.0689	0.8468
1.0700	0.8560
1.0704	0.8690
1.0703	0.8750
1.0692	0.8777
1.0668	0.8790
1.0636	0.8735
1.0599	0.8690
1.0559	0.8607
1.0514	0.8540
1.0474	0.8490
1.0456	0.8395
1.0450	0.8250
1.0477	0.8110
1.0259	0.8747
1.0517	0.7975
1.0227	0.8853
1.0567	0.7867
1.0205	0.8930
1.0641	0.7835
1.0179	0.9037
1.0720	0.7877
1.0162	0.9055
1.0800	0.7923
1.0148	0.9013
1.0882	0.7993
1.0139	0.8942
1.0969	0.8075
1.0134	0.8818
1.1050	0.8193
1.0121	0.8660
1.1138	0.8285
1.0111	0.8450
1.1215	0.8315
1.0093	0.8187
1.1276	0.8347
1.0071	0.7897
1.1324	0.8310
1.0054	0.7662
1.1362	0.8220
1.0043	0.7435
1.1395	0.8068
1.0053	0.7290
1.1418	0.7908
1.0062	0.7225
1.1434	0.7725
1.0080	0.7220
1.1448	0.7500
1.0110	0.7250
1.0135	0.7325
1.0155	0.7485
1.0168	0.7740
1.0179	0.8038
1.0184	0.8303
1.0186	0.8520
1.0187	0.8660
1.0188	0.8745
1.0196	0.8795
1.0210	0.8780
1.0238	0.8690
1.0262	0.8532
1.0287	0.8275
1.0309	0.8015
1.0336	0.7735
1.0368	0.7487
1.0397	0.7300
1.0425	0.7143
1.0444	0.7015
0.9829	0.7655
1.0456	0.6953
0.9855	0.7723
1.0458	0.6950
0.9882	0.7780
1.0463	0.6963
0.9902	0.7835
1.0462	0.7068
0.9922	0.7875
1.0464	0.7128
0.9922	0.7907
0.9910	0.7930
0.9892	0.7930
0.9857	0.7935
0.9820	0.7915
0.9778	0.7903
0.9739	0.7872
0.9704	0.7822
0.9669	0.7745
0.9642	0.7677
0.9626	0.7598
0.9618	0.7517
0.9613	0.7430
0.9602	0.7317
0.9596	0.7205
0.9587	0.7090
0.9581	0.6993
0.9575	0.6927
0.9570	0.6907
0.9564	0.6905
0.9550	0.6943
0.9534	0.7013
0.9520	0.7107
0.9511	0.7205
0.9512	0.7290
0.9522	0.7398
0.9543	0.7460
0.9571	0.7527
0.9678	0.8380
0.9605	0.7565
0.9700	0.8463
0.9649	0.7572
0.9718	0.8522
0.9704	0.7545
0.9733	0.8552
0.9758	0.7482
0.9735	0.8550
0.9806	0.7393
0.9731	0.8555
0.9854	0.7332
0.9724	0.8547
0.9715	0.8510
0.9703	0.8422
0.9696	0.8347
0.9687	0.8265
0.9690	0.8227
0.9697	0.8182
0.9713	0.8143
0.9734	0.8208
0.9759	0.8345
0.9791	0.8513
0.9826	0.8705
0.9862	0.8937
0.9891	0.9150
0.9911	0.9317
0.9926	0.9323
0.9940	0.9315
0.9954	0.9230
0.9965	0.9115
1.1221	0.7260
0.9976	0.8877
1.1237	0.7380
0.9988	0.8605
1.1260	0.7520
1.0007	0.8305
1.1298	0.7672
1.0029	0.8008
1.1333	0.7860
1.0052	0.7665
1.1377	0.8045
1.0078	0.7398
1.1429	0.8200
1.0107	0.7180
1.1488	0.8335
1.0135	0.7000
1.1547	0.8420
1.0166	0.6882
1.1610	0.8427
1.0201	0.6780
1.1655	0.8387
1.0235	0.6675
1.1705	0.8305
1.0271	0.6640
1.1749	0.8175
1.0311	0.6627
1.1792	0.8013
1.0347	0.6590
1.1819	0.7838
1.1848	0.7665
1.1860	0.7515
1.1872	0.7380
1.1893	0.7297
1.1923	0.7308
1.1955	0.7390
1.1985	0.7517
1.3835	0.7655
1.2011	0.7717
1.3802	0.7637
1.2042	0.7945
1.3734	0.7605
1.2072	0.8187
1.3635	0.7593
1.2104	0.8402
1.3514	0.7595
1.2130	0.8568
1.3375	0.7618
1.2143	0.8645
1.3249	0.7628
1.2151	0.8645
1.3123	0.7582
1.2150	0.8572
1.3021	0.7542
1.2148	0.8427
1.2945	0.7490
1.2140	0.8248
1.2914	0.7510
1.2126	0.8020
1.2924	0.7562
1.2099	0.7808
1.2964	0.7615
1.2074	0.7580
1.3034	0.7632
1.2055	0.7400
1.3122	0.7630
1.2042	0.7278
1.3227	0.7575
1.2037	0.7218
1.3334	0.7530
1.2043	0.7215
1.3443	0.7515
1.2063	0.7255
1.3546	0.7478
1.2088	0.7330
1.3629	0.7432
1.2112	0.7430
1.3709	0.7382
1.2133	0.7525
1.3810	0.7300
1.2151	0.7607
1.3930	0.7240
1.2177	0.7675
1.4050	0.7210
1.2200	0.7685
1.4134	0.7205
1.2226	0.7677
1.4201	0.7250
1.2264	0.7622
1.4242	0.7318
1.4268	0.7398
1.4294	0.7508
1.4306	0.7628
1.2263	0.7593
1.4330	0.7735
1.2251	0.7410
1.4348	0.7825
1.2252	0.7282
1.4370	0.7888
1.2260	0.7218
1.4387	0.7925
1.2291	0.7258
1.4413	0.7943
1.2321	0.7345
1.4429	0.7940
1.2354	0.7468
1.4437	0.7913
1.2390	0.7608
1.4431	0.7867
1.2429	0.7785
1.4423	0.7810
1.2471	0.7937
1.4426	0.7757
1.2525	0.8072
1.4438	0.7688
1.2591	0.8185
1.4437	0.7628
1.2649	0.8280
1.4436	0.7560
1.2678	0.8317
1.4436	0.7490
1.2682	0.8285
1.4441	0.7418
1.2679	0.8232
1.4451	0.7343
1.2664	0.8175
1.4468	0.7278
1.2641	0.8117
1.4494	0.7220
1.2627	0.8050
1.4527	0.7155
1.2615	0.7988
1.4572	0.7083
1.2607	0.7940
1.4641	0.7027
1.2620	0.7878
1.4731	0.6970
1.1975	0.7748
1.2642	0.7812
1.4829	0.6915
1.1957	0.7990
1.2673	0.7758
1.4939	0.6882
1.1958	0.8172
1.2720	0.7698
1.5044	0.6865
1.1955	0.8245
1.2778	0.7622
1.5158	0.6870
1.1955	0.8250
1.2836	0.7550
1.5260	0.6895
1.1959	0.8240
1.2913	0.7473
1.5368	0.6947
1.1954	0.8220
1.2990	0.7403
1.1961	0.8150
1.3045	0.7330
1.1966	0.8022
1.3060	0.7270
1.1956	0.7908
1.3067	0.7257
1.1962	0.7753
1.3069	0.7260
1.1960	0.7610
1.3071	0.7315
1.1972	0.7525
1.3065	0.7393
1.1988	0.7570
1.3048	0.7498
1.2016	0.7605
1.3025	0.7655
1.2046	0.7565
1.3002	0.7838
1.2083	0.7450
1.2984	0.8010
1.2094	0.7377
1.2963	0.8150
1.2107	0.7358
1.2945	0.8257
1.2108	0.7355
1.2930	0.8343
1.2097	0.7295
1.2903	0.8427
1.2108	0.7180
1.2866	0.8455
1.2129	0.7050
1.2849	0.8410
1.2157	0.6890
1.2851	0.8313
1.2179	0.6712
1.2875	0.8120
1.3384	0.8503
1.2176	0.6562
1.2886	0.7902
1.3473	0.8265
1.2308	0.6438
1.2895	0.7648
1.3572	0.8087
1.2305	0.6288
1.2917	0.7410
1.3681	0.7900
1.2279	0.6180
1.2944	0.7155
1.3793	0.7775
1.2275	0.6095
1.3898	0.7708
1.2275	0.6095
1.4010	0.7230
1.2292	0.6193
1.4088	0.7265
1.2331	0.6325
1.4137	0.7410
1.2381	0.6500
1.4153	0.7580
1.2452	0.6720
1.4133	0.7745
1.2515	0.6985
1.4089	0.7837
1.2578	0.7290
1.4049	0.7858
1.2645	0.7558
1.3988	0.7885
1.2723	0.7725
1.3932	0.7887
1.2822	0.7817
1.3869	0.7908
1.2924	0.7840
1.3815	0.7948
1.3001	0.7793
1.3781	0.7942
1.3067	0.7710
1.3758	0.7913
1.3140	0.7562
1.3756	0.7800
1.3224	0.7407
1.3770	0.7665
1.3310	0.7228
1.3792	0.7595
1.3407	0.7050
1.3817	0.7505
1.3484	0.6903
1.3856	0.7400
1.3546	0.6768
1.2938	0.7522
1.3898	0.7285
1.3591	0.6663
1.2894	0.7508
1.3938	0.7193
1.3622	0.6598
1.2848	0.7505
1.3981	0.7067
1.3648	0.6535
1.2825	0.7523
1.4015	0.6957
1.3652	0.6462
1.2811	0.7530
1.4053	0.6875
1.2805	0.7553
1.4089	0.6798
1.2774	0.7607
1.4124	0.6777
1.2770	0.7663
1.4171	0.6737
1.2769	0.7753
1.4234	0.6725
1.2772	0.7858
1.4305	0.6700
1.2772	0.7948
1.4386	0.6620
1.2753	0.8005
1.4475	0.6572
1.2747	0.7990
1.4568	0.6545
1.2909	0.7948
1.4654	0.6587
1.2937	0.7830
1.4741	0.6703
1.2982	0.7662
1.4824	0.6883
1.3017	0.7440
1.4890	0.7048
1.3040	0.7215
1.4920	0.7258
1.3056	0.6962
1.4944	0.7450
1.3050	0.6715
1.4925	0.7670
1.3030	0.6502
1.4884	0.7900
1.3016	0.6328
1.4816	0.8025
1.2995	0.6220
1.4728	0.8130
1.2994	0.6130
1.4616	0.8160
1.2995	0.6162
1.4460	0.8113
1.3007	0.6252
1.4297	0.8005
1.3023	0.6395
1.4113	0.7840
1.3022	0.6560
1.3949	0.7637
1.3017	0.6745
1.3828	0.7427
1.3000	0.6942
1.3749	0.7175
1.2975	0.7115
1.3695	0.6955
1.2945	0.7250
1.3741	0.6798
1.2904	0.7335
1.3837	0.6640
1.2034	0.6420
1.2882	0.7372
1.3957	0.6500
1.2032	0.6447
1.2882	0.7327
1.4092	0.6332
1.2024	0.6562
1.2899	0.7240
1.2022	0.6705
1.2921	0.7087
1.2027	0.6812
1.2953	0.6927
1.2035	0.6832
1.2990	0.6738
1.2048	0.6835
1.3039	0.6560
1.2064	0.6830
1.3108	0.6405
1.2088	0.6815
1.3178	0.6293
1.2124	0.6745
1.3223	0.6205
1.2173	0.6640
1.3258	0.6180
1.2232	0.6500
1.3306	0.6205
1.2282	0.6338
1.3383	0.6252
1.2343	0.6223
1.3454	0.6355
1.2408	0.6202
1.3514	0.6435
1.2452	0.6245
1.3550	0.6570
1.2494	0.6292
1.3561	0.6638
1.2523	0.6308
1.3577	0.6678
1.2534	0.6385
1.3608	0.6685
1.2534	0.6490
1.3635	0.6677
1.2520	0.6610
1.3655	0.6612
1.2527	0.6670
1.3665	0.6500
1.2545	0.6638
1.3664	0.6332
1.2568	0.6577
1.3666	0.6153
1.2582	0.6463
1.3652	0.5973
1.2597	0.6338
1.3609	0.5778
1.2613	0.6143
1.3534	0.5665
1.2643	0.5957
1.2678	0.5723
1.2719	0.5532
1.2770	0.5373
1.2811	0.5290
1.2848	0.5252
1.2889	0.5297
1.2928	0.5405
1.0927	0.6982
1.2963	0.5590
1.0995	0.6912
1.2999	0.5860
1.1061	0.6838
1.3013	0.6117
1.1099	0.6780
1.3017	0.6312
1.1110	0.6682
1.2990	0.6435
1.1102	0.6565
1.2945	0.6545
1.1089	0.6407
1.2912	0.6630
1.1069	0.6243
1.2891	0.6705
1.1056	0.6113
1.2892	0.6675
1.1039	0.6080
1.2898	0.6570
1.1030	0.6152
1.2907	0.6435
1.1032	0.6223
1.2927	0.6277
1.1050	0.6292
1.2944	0.6145
1.1085	0.6325
1.2969	0.6088
1.1130	0.6372
1.3013	0.6105
1.1172	0.6445
1.3071	0.6120
1.1216	0.6562
1.3135	0.6235
1.1256	0.6733
1.3199	0.6395
1.1289	0.6853
1.3269	0.6570
1.1314	0.6912
1.3334	0.6790
1.1328	0.6900
1.3413	0.6940
1.1315	0.6867
1.3503	0.7040
1.1302	0.6823
1.3606	0.7103
1.1301	0.6755
1.3710	0.7098
1.1312	0.6670
1.3809	0.7022
1.1331	0.6550
1.3913	0.6912
1.1355	0.6400
1.4021	0.6690
1.1371	0.6232
1.1395	0.6107
1.1427	0.6002
1.1204	0.7317
1.1469	0.5955
1.1222	0.7295
1.1527	0.5897
1.1237	0.7313
1.1580	0.5880
1.1249	0.7310
1.1635	0.5878
1.1266	0.7280
1.1682	0.5937
1.1274	0.7200
1.1710	0.6033
1.1297	0.7120
1.1734	0.6168
1.1324	0.7073
1.1742	0.6295
1.1362	0.7063
1.1732	0.6398
1.1411	0.7003
1.1702	0.6468
1.1455	0.6935
1.1649	0.6480
1.1495	0.6850
1.1585	0.6493
1.1540	0.6785
1.1523	0.6440
1.1589	0.6780
1.1465	0.6390
1.1650	0.6822
1.1409	0.6338
1.1716	0.6915
1.1361	0.6247
1.1781	0.6993
1.1333	0.6137
1.1846	0.7072
1.1322	0.6012
1.1907	0.7110
1.1959	0.7180
1.2017	0.7322
1.2077	0.7425
1.2149	0.7467
1.2220	0.7460
1.2293	0.7435
1.2358	0.7443
1.2417	0.7477
1.2455	0.7472
1.2482	0.7470
1.2489	0.7450
1.2482	0.7408
1.2449	0.7375
1.1265	0.7000
1.2420	0.7385
1.1295	0.6750
1.2366	0.7415
1.1321	0.6575
1.2323	0.7432
1.1333	0.6422
1.2284	0.7412
1.1337	0.6325
1.2237	0.7345
1.1328	0.6275
1.2197	0.7280
1.1318	0.6305
1.2152	0.7240
1.1310	0.6382
1.2124	0.7195
1.1309	0.6505
1.2103	0.7117
1.1317	0.6648
1.2107	0.6960
1.1328	0.6762
1.2123	0.6785
1.1329	0.6900
1.2151	0.6595
1.1323	0.6990
1.2182	0.6417
1.1308	0.7045
1.2223	0.6227
1.1309	0.7040
1.2270	0.6095
1.1320	0.6975
1.2325	0.6005
1.1346	0.6867
1.2397	0.5910
1.1371	0.6757
1.2478	0.5893
1.1406	0.6615
1.2545	0.5905
1.1438	0.6507
1.2602	0.6038
1.1461	0.6437
1.2653	0.6200
1.1480	0.6380
1.2699	0.6380
1.1490	0.6343
1.1502	0.6350
1.1510	0.6372
1.1525	0.6415
1.1545	0.6460
1.1559	0.6493
1.1573	0.6502
1.1581	0.6470
1.1586	0.6408
1.1602	0.6320
1.0946	0.8592
1.1627	0.6235
1.0967	0.8535
1.1666	0.6148
1.0997	0.8377
1.1709	0.6077
1.1033	0.8135
1.1738	0.6028
1.1072	0.7850
1.1763	0.6033
1.1104	0.7552
1.1792	0.6078
1.1135	0.7242
1.1819	0.6210
1.1158	0.6957
1.1828	0.6415
1.1176	0.6758
1.1820	0.6657
1.1185	0.6630
1.1805	0.6955
1.1183	0.6557
1.1793	0.7265
1.1176	0.6550
1.1790	0.7572
1.1159	0.6630
1.1816	0.7858
1.1142	0.6803
1.1849	0.8110
1.1118	0.7028
1.1896	0.8280
1.1090	0.7245
1.1945	0.8398
1.1067	0.7395
1.2006	0.8425
1.1049	0.7475
1.2075	0.8360
1.1041	0.7520
1.2162	0.8230
1.1044	0.7548
1.1045	0.7535
1.1050	0.7495
1.1055	0.7430
1.1059	0.7322
1.2070	0.7358
1.1072	0.7210
1.2057	0.7360
1.1094	0.7112
1.2051	0.7412
1.1125	0.7057
1.2053	0.7525
1.1167	0.7030
1.2060	0.7712
1.1213	0.6995
1.2068	0.7920
1.1268	0.6970
1.2063	0.8140
1.1332	0.6960
1.2063	0.8332
1.1401	0.6935
1.2066	0.8480
1.1476	0.6905
1.2066	0.8580
1.1560	0.6867
1.2071	0.8603
1.1646	0.6805
1.2074	0.8542
1.1734	0.6722
1.2092	0.8465
1.1818	0.6640
1.2120	0.8335
1.1901	0.6548
1.2160	0.8198
1.1979	0.6402
1.2199	0.8032
1.2048	0.6165
1.2244	0.7872
1.2110	0.5963
1.2287	0.7693
1.2170	0.5875
1.2337	0.7527
1.2217	0.5880
1.2402	0.7385
1.2268	0.5983
1.2498	0.7285
1.2304	0.6130
1.2590	0.7225
1.2338	0.6320
1.2661	0.7170
1.2353	0.6540
1.2712	0.7143
1.2356	0.6807
1.2757	0.7110
1.2348	0.7173
1.2790	0.7090
1.2330	0.7663
1.2807	0.7075
1.2792	0.7088
1.2624	0.7328
1.2746	0.7107
1.2605	0.7090
1.2667	0.7097
1.2594	0.6853
1.2572	0.7055
1.2588	0.6675
1.2452	0.6985
1.2586	0.6535
1.2328	0.6883
1.2574	0.6467
1.2220	0.6780
1.2581	0.6453
1.2139	0.6655
1.2608	0.6498
1.2085	0.6575
1.2648	0.6590
1.2058	0.6488
1.2689	0.6725
1.2042	0.6445
1.2724	0.6882
1.2048	0.6425
1.2759	0.7023
1.2063	0.6480
1.2787	0.7137
1.2094	0.6615
1.2820	0.7175
1.2123	0.6802
1.2845	0.7195
1.2154	0.7037
1.2868	0.7153
1.2183	0.7290
1.2874	0.7105
1.2210	0.7558
1.2868	0.7010
1.2232	0.7788
1.2858	0.6865
1.2244	0.8000
1.2847	0.6740
1.2249	0.8143
1.2827	0.6598
1.2247	0.8217
1.2789	0.6477
1.2253	0.8225
1.2732	0.6402
1.2271	0.8145
1.3622	0.6898
1.2673	0.6375
1.2285	0.8020
1.3687	0.6748
1.2623	0.6395
1.2326	0.7848
1.3736	0.6635
1.2579	0.6462
1.3741	0.6585
1.2542	0.6550
1.3719	0.6615
1.2513	0.6660
1.3674	0.6655
1.2498	0.6810
1.3630	0.6708
1.2494	0.6945
1.3586	0.6750
1.2502	0.7060
1.3543	0.6783
1.2515	0.7175
1.3493	0.6827
1.2531	0.7217
1.3430	0.6815
1.2543	0.7227
1.3360	0.6760
1.2547	0.7208
1.3301	0.6698
1.2534	0.7150
1.3242	0.6645
1.2514	0.7062
1.3200	0.6585
1.2488	0.6920
1.3167	0.6548
1.2453	0.6795
1.3153	0.6510
1.2405	0.6660
1.3161	0.6525
1.2366	0.6570
1.3183	0.6570
1.2339	0.6480
1.3213	0.6620
1.2325	0.6485
1.3238	0.6717
1.2325	0.6493
1.3261	0.6840
1.2328	0.6557
1.3271	0.6955
1.2338	0.6693
1.3275	0.7070
1.2349	0.6840
1.3261	0.7190
1.2362	0.7043
1.3272	0.7310
1.2375	0.7283
1.3278	0.7412
1.2385	0.7498
1.3274	0.7458
1.2395	0.7662
1.3282	0.7450
1.2410	0.7757
1.3283	0.7425
1.2429	0.7795
1.3279	0.7373
1.2447	0.7825
1.3282	0.7290
1.3299	0.7180
1.3328	0.7037
1.3347	0.6878
1.3363	0.6725
1.3372	0.6625
1.3365	0.6578
1.3366	0.6585
1.3350	0.6627
1.3332	0.6685
1.3310	0.6778
1.0987	0.6560
1.3287	0.6890
1.0983	0.6560
1.3271	0.7010
1.0974	0.6628
1.3262	0.7100
1.0969	0.6717
1.3244	0.7130
1.0958	0.6795
1.3237	0.7112
1.0951	0.6878
1.3236	0.7072
1.0948	0.6955
1.3240	0.7012
1.0954	0.7010
1.3248	0.6925
1.0979	0.7068
1.3269	0.6845
1.1011	0.7112
1.3298	0.6772
1.1049	0.7175
1.3343	0.6720
1.1082	0.7203
1.3387	0.6685
1.1117	0.7253
1.3439	0.6685
1.1176	0.7250
1.3489	0.6710
1.1232	0.7265
1.3540	0.6745
1.1309	0.7242
1.3595	0.6780
1.1393	0.7235
1.3629	0.6828
1.1488	0.7248
1.3671	0.6880
1.1565	0.7267
1.3704	0.6920
1.1617	0.7285
1.1658	0.7270
1.1671	0.7258
1.1664	0.7190
1.1118	0.6773
1.1639	0.7115
1.1094	0.6568
1.1612	0.7053
1.1064	0.6352
1.1591	0.7000
1.1039	0.6283
1.1583	0.6953
1.1018	0.6398
1.1579	0.6890
1.0994	0.6612
1.1581	0.6825
1.0976	0.6853
1.1594	0.6780
