#rho	velocity
1.0458	0.8245
1.0841	0.8220
1.0424	0.8340
1.0862	0.8142
1.0382	0.8455
1.0892	0.8152
1.0346	0.8575
1.0922	0.8142
1.0324	0.8680
1.0975	0.8242
1.0308	0.8745
1.0289	0.8793
1.0259	0.8810
1.0239	0.8782
1.0205	0.8710
1.0173	0.8638
1.0155	0.8548
1.0138	0.8440
1.0125	0.8327
1.0119	0.8238
1.0124	0.8180
1.0146	0.8147
1.0166	0.8110
1.0209	0.8090
1.0228	0.8070
1.0277	0.8032
1.0657	0.8920
1.0326	0.7995
1.0634	0.8890
1.0380	0.7968
1.0615	0.8845
1.0432	0.7910
1.0599	0.8790
1.0494	0.7807
1.0588	0.8745
1.0589	0.7735
1.0580	0.8680
1.0675	0.7638
1.0580	0.8610
1.0791	0.7562
1.0594	0.8552
1.0858	0.7527
1.0613	0.8465
1.0919	0.7502
1.0623	0.8427
1.0975	0.7490
1.0631	0.8370
1.1045	0.7488
1.0636	0.8342
1.1096	0.7490
1.0643	0.8297
1.1159	0.7530
1.0662	0.8250
1.1193	0.7603
1.0687	0.8210
1.1253	0.7653
1.0720	0.8165
1.1289	0.7720
1.0763	0.8140
1.1339	0.7743
1.0810	0.8117
1.0860	0.8137
1.0897	0.8148
1.0934	0.8165
1.0973	0.8153
1.1007	0.8173
1.1045	0.8185
1.1069	0.8208
1.2196	0.8595
1.1092	0.8248
1.2161	0.8577
1.1119	0.8248
1.2112	0.8660
1.1150	0.8250
1.2077	0.8703
1.1197	0.8205
1.2034	0.8770
1.1257	0.8130
1.1998	0.8862
1.1329	0.8047
1.1980	0.8870
1.1407	0.7958
1.1976	0.8892
1.1499	0.7872
1.1980	0.8840
1.1587	0.7775
1.2000	0.8692
1.1660	0.7667
1.2010	0.8488
1.1721	0.7580
1.2029	0.8275
1.1754	0.7510
1.2045	0.7972
1.1795	0.7435
1.2073	0.7715
1.1822	0.7383
1.2101	0.7532
1.1838	0.7353
1.2119	0.7417
1.1854	0.7345
1.2143	0.7408
1.1859	0.7395
1.2156	0.7400
1.1857	0.7470
1.2158	0.7467
1.1860	0.7585
1.2164	0.7585
1.2155	0.7685
1.2142	0.7762
1.2125	0.7870
1.2120	0.7932
1.2114	0.7985
1.2100	0.7975
1.2090	0.7885
1.2077	0.7732
1.1581	0.8263
1.2079	0.7567
1.1596	0.8275
1.2072	0.7408
1.1632	0.8290
1.2067	0.7322
1.1686	0.8290
1.2058	0.7323
1.1743	0.8353
1.2064	0.7343
1.1800	0.8442
1.2056	0.7420
1.1847	0.8567
1.2064	0.7503
1.1868	0.8697
1.2071	0.7635
1.1884	0.8765
1.2081	0.7863
1.1887	0.8782
1.2105	0.8123
1.1875	0.8797
1.2148	0.8295
1.1836	0.8808
1.2205	0.8432
1.1794	0.8765
1.2261	0.8477
1.1740	0.8705
1.2305	0.8475
1.1688	0.8585
1.2348	0.8472
1.1656	0.8367
1.2385	0.8355
1.1643	0.8113
1.2428	0.8150
1.1660	0.7853
1.2442	0.7895
1.1683	0.7670
1.2453	0.7615
1.1704	0.7467
1.2449	0.7370
1.1758	0.7325
1.1825	0.7183
1.1895	0.7088
1.2243	0.9095
1.1972	0.7025
1.2296	0.9100
1.2048	0.6940
1.2312	0.9035
1.2120	0.6878
1.2341	0.9012
1.2182	0.6853
1.2351	0.8992
1.2233	0.6855
1.2342	0.8935
1.2280	0.6845
1.2333	0.8865
1.2308	0.6885
1.2357	0.8765
1.2309	0.6895
1.2342	0.8712
1.2305	0.6877
1.2344	0.8675
1.2287	0.6905
1.2317	0.8577
1.2281	0.6857
1.2305	0.8485
1.2295	0.6915
1.2278	0.8405
1.2305	0.6957
1.2272	0.8300
1.2349	0.7000
1.2256	0.8227
1.2395	0.7042
1.2270	0.8140
1.2435	0.7160
1.2276	0.8058
1.2477	0.7275
1.2283	0.7985
1.2515	0.7340
1.2292	0.7917
1.2533	0.7465
1.2287	0.7828
1.2553	0.7545
1.2287	0.7828
1.2558	0.7685
1.2271	0.7853
1.2564	0.7765
1.2281	0.7898
1.2560	0.7893
1.2286	0.7932
1.2302	0.7993
1.2293	0.8108
1.2305	0.8210
1.2324	0.8317
1.2353	0.8310
1.1439	0.8830
1.2378	0.8355
1.1385	0.8935
1.2426	0.8337
1.1332	0.8940
1.2492	0.8300
1.1295	0.8895
1.2548	0.8227
1.1279	0.8777
1.2590	0.8137
1.1254	0.8675
1.2614	0.7990
1.1249	0.8465
1.2639	0.7788
1.1240	0.8217
1.2632	0.7575
1.1261	0.8045
1.2639	0.7373
1.1295	0.7860
1.2621	0.7190
1.1323	0.7732
1.2608	0.7045
1.1362	0.7622
1.2590	0.6905
1.1395	0.7535
1.2561	0.6750
1.1425	0.7495
1.2535	0.6610
1.1477	0.7517
1.2484	0.6540
1.1508	0.7562
1.2408	0.6493
1.1547	0.7640
1.2382	0.6465
1.1590	0.7750
1.2313	0.6437
1.1643	0.7782
1.2250	0.6420
1.1695	0.7872
1.2194	0.6465
1.1748	0.7940
1.1804	0.8010
1.1864	0.8060
1.1927	0.7997
1.1982	0.7972
1.2044	0.7930
1.1714	0.7933
1.2098	0.7960
1.1716	0.7730
1.2159	0.7950
1.1746	0.7543
1.2200	0.7972
1.1786	0.7385
1.2238	0.7970
1.1823	0.7235
1.2256	0.7957
1.1892	0.7173
1.2262	0.7955
1.1886	0.7107
1.2256	0.7960
1.1883	0.7165
1.2240	0.8048
1.1900	0.7273
1.2226	0.8075
1.1893	0.7415
1.2209	0.8127
1.1881	0.7535
1.2177	0.8075
1.1868	0.7695
1.2125	0.8025
1.1856	0.7802
1.2098	0.8030
1.1853	0.7855
1.2073	0.8000
1.1833	0.7882
1.2055	0.7950
1.1844	0.7840
1.2032	0.7850
1.1849	0.7835
1.1995	0.7788
1.1838	0.7738
1.1952	0.7765
1.1855	0.7658
1.1918	0.7722
1.1875	0.7578
1.1893	0.7727
1.1910	0.7527
1.1871	0.7837
1.1909	0.7505
1.1910	0.7505
1.1910	0.7573
1.2906	0.7773
1.1900	0.7630
1.2915	0.7772
1.1867	0.7770
1.2922	0.7803
1.1847	0.7895
1.2923	0.7850
1.1818	0.8027
1.2922	0.7937
1.1754	0.8077
1.2922	0.7965
1.1738	0.8095
1.2922	0.8052
1.1741	0.8077
1.2915	0.8070
1.1721	0.8040
1.2926	0.8085
1.1705	0.8033
1.2958	0.8133
1.1709	0.8022
1.2986	0.8062
1.1710	0.8040
1.3042	0.7900
1.1725	0.8063
1.3088	0.7812
1.1750	0.8097
1.3116	0.7658
1.1757	0.8153
1.3126	0.7523
1.1780	0.8272
1.3121	0.7377
1.1788	0.8422
1.3088	0.7258
1.1808	0.8647
1.3054	0.7167
1.1813	0.8900
1.3008	0.7150
1.1846	0.9113
1.2954	0.7165
1.1877	0.9260
1.2897	0.7250
1.1883	0.9415
1.4039	0.7800
1.2830	0.7298
1.1935	0.9457
1.4072	0.7795
1.2750	0.7377
1.1979	0.9458
1.4091	0.7835
1.2684	0.7442
1.4108	0.7867
1.2637	0.7512
1.4097	0.7898
1.2574	0.7585
1.4103	0.7900
1.2544	0.7633
1.4109	0.7910
1.2511	0.7683
1.4125	0.7895
1.2491	0.7737
1.4147	0.7855
1.2478	0.7770
1.4166	0.7863
1.2466	0.7743
1.4187	0.7853
1.2448	0.7803
1.4200	0.7890
1.2438	0.7855
1.4226	0.7885
1.2429	0.7935
1.4234	0.7930
1.2412	0.7930
1.4214	0.7963
1.2379	0.7990
1.4185	0.7967
1.2378	0.8017
1.4137	0.7963
1.2379	0.8007
1.4125	0.7953
1.2381	0.7995
1.4158	0.7913
1.2391	0.7958
1.4157	0.7890
1.2416	0.7940
1.4150	0.7845
1.2429	0.7917
1.4175	0.7760
1.2435	0.7890
1.4188	0.7750
1.2453	0.7850
1.4217	0.7727
1.2474	0.7905
1.4234	0.7700
1.2494	0.7913
1.4255	0.7743
1.2530	0.7980
1.4265	0.7787
1.2553	0.8083
1.4291	0.7832
1.4330	0.7948
1.4337	0.8003
1.4306	0.8087
1.1983	0.7652
1.4262	0.8167
1.1972	0.7482
1.4191	0.8215
1.1957	0.7255
1.4123	0.8230
1.1963	0.7140
1.4049	0.8250
1.1962	0.7095
1.3967	0.8215
1.1977	0.7067
1.3887	0.8208
1.1988	0.7043
1.3843	0.8200
1.1994	0.7095
1.3800	0.8145
1.2027	0.7187
1.3784	0.8153
1.2053	0.7313
1.3786	0.8085
1.2081	0.7405
1.3781	0.8042
1.2107	0.7412
1.3771	0.7980
1.2122	0.7422
1.3784	0.7913
1.2130	0.7427
1.3794	0.7880
1.2145	0.7412
1.3827	0.7845
1.2150	0.7383
1.3843	0.7782
1.2146	0.7380
1.3842	0.7737
1.2144	0.7308
1.3850	0.7678
1.2122	0.7225
1.3855	0.7583
1.2115	0.7115
1.3834	0.7495
1.2097	0.7080
1.3815	0.7438
1.2078	0.7053
1.3781	0.7397
1.2062	0.7040
1.3736	0.7400
1.2050	0.7012
1.2031	0.6990
1.2029	0.6975
1.1507	0.6320
1.2000	0.6983
1.1543	0.6183
1.1969	0.7015
1.1585	0.6053
1.1917	0.6995
1.1608	0.5980
1.1861	0.6972
1.1641	0.5845
1.1792	0.6907
1.1676	0.5773
1.1715	0.6870
1.1711	0.5720
1.1637	0.6808
1.1756	0.5740
1.1563	0.6768
1.1810	0.5790
1.1496	0.6732
1.1867	0.5897
1.1430	0.6717
1.1923	0.5982
1.1366	0.6705
1.1971	0.6092
1.1315	0.6650
1.1993	0.6207
1.1259	0.6698
1.1999	0.6307
1.1219	0.6790
1.1993	0.6370
1.1199	0.6910
1.1963	0.6460
1.1166	0.7127
1.1940	0.6482
1.1135	0.7293
1.1888	0.6495
1.1109	0.7515
1.1827	0.6487
1.1086	0.7670
1.1755	0.6430
1.1058	0.7803
1.1662	0.6418
1.1029	0.7863
1.1587	0.6410
1.1490	0.6428
1.1414	0.6478
1.1346	0.6600
1.4098	0.5725
1.1283	0.6688
1.4226	0.5927
1.1220	0.6862
1.4352	0.6090
1.1169	0.7040
1.4454	0.6285
1.1133	0.7198
1.4492	0.6440
1.1095	0.7395
1.4511	0.6575
1.1078	0.7600
1.4461	0.6657
1.1061	0.7803
1.4388	0.6767
1.1042	0.8017
1.4292	0.6740
1.1048	0.8170
1.4178	0.6758
1.1044	0.8225
1.4014	0.6742
1.1030	0.8262
1.3861	0.6727
1.1015	0.8278
1.3708	0.6740
1.0988	0.8230
1.3573	0.6717
1.0967	0.8250
1.3479	0.6748
1.0944	0.8133
1.3420	0.6830
1.0924	0.8000
1.3327	0.6955
1.0906	0.7835
1.3264	0.7118
1.0913	0.7735
1.3176	0.7340
1.0915	0.7570
1.3139	0.7530
1.0935	0.7535
1.3096	0.7745
1.0963	0.7535
1.5777	0.6115
1.3060	0.7863
1.0999	0.7517
1.5716	0.6172
1.2991	0.8017
1.1033	0.7585
1.5615	0.6287
1.2961	0.8067
1.5533	0.6310
1.2916	0.8045
1.5427	0.6405
1.2881	0.7977
1.5375	0.6470
1.2847	0.7850
1.5251	0.6540
1.2785	0.7665
1.5203	0.6623
1.2748	0.7493
1.5158	0.6640
1.2691	0.7298
1.5124	0.6657
1.2691	0.7090
1.5113	0.6638
1.2647	0.6950
1.5097	0.6675
1.2609	0.6772
1.5074	0.6645
1.2587	0.6678
1.5066	0.6625
1.2550	0.6660
1.4998	0.6592
1.2525	0.6707
1.4931	0.6560
1.2508	0.6798
1.4947	0.6542
1.2491	0.6912
1.4901	0.6507
1.2441	0.7030
1.4858	0.6495
1.2387	0.7142
1.4853	0.6422
1.2349	0.7285
1.4831	0.6382
1.2286	0.7395
1.4850	0.6305
1.2195	0.7505
1.4833	0.6240
1.2138	0.7610
1.4756	0.6313
1.2087	0.7688
1.4690	0.6360
1.1990	0.7702
1.4628	0.6452
1.1888	0.7695
1.4596	0.6528
1.1785	0.7720
1.4521	0.6638
1.1710	0.7730
1.4513	0.6757
1.1614	0.7745
1.4462	0.6950
1.1587	0.7758
1.4400	0.7088
1.1571	0.7800
1.4562	0.5500
1.4313	0.7240
1.1559	0.7885
1.4498	0.5557
1.4228	0.7383
1.1561	0.7963
1.4444	0.5305
1.4090	0.7440
1.4363	0.5138
1.3950	0.7462
1.4308	0.5165
1.3819	0.7508
1.4288	0.5192
1.3646	0.7485
1.4268	0.5200
1.3573	0.7460
1.4268	0.5400
1.3464	0.7393
1.4269	0.5573
1.3329	0.7312
1.4267	0.5430
1.3242	0.7250
1.4287	0.5582
1.3187	0.7225
1.4296	0.5738
1.3120	0.7185
1.4307	0.5970
1.3118	0.7143
1.4308	0.6130
1.3115	0.7072
1.4312	0.6157
1.3020	0.6977
1.4309	0.6302
1.3017	0.6903
1.4297	0.6385
1.3110	0.6755
1.4287	0.6398
1.3160	0.6638
1.4282	0.6527
1.3178	0.6515
1.4269	0.6890
1.3191	0.6413
1.4273	0.7103
1.3235	0.6372
1.4290	0.6842
1.3251	0.6325
1.4315	0.6830
1.3256	0.6307
1.4324	0.6778
1.3282	0.6313
1.4333	0.6633
1.3282	0.6332
1.4306	0.6170
1.3307	0.6390
1.4286	0.6045
1.3220	0.6533
1.4263	0.5930
1.3212	0.6717
1.4233	0.5562
1.3122	0.6915
1.4197	0.5197
1.2999	0.7127
1.4161	0.4792
1.2797	0.7305
1.4111	0.4680
1.2687	0.7488
1.2994	0.5850
1.4051	0.4240
1.3090	0.5833
1.3966	0.4070
1.3180	0.5777
1.3880	0.4105
1.3282	0.5750
1.3772	0.4393
1.3328	0.5713
1.3665	0.4455
1.3430	0.5675
1.3569	0.4605
1.3486	0.5672
1.3493	0.4903
1.3492	0.5680
1.3417	0.5200
1.3492	0.5740
1.3356	0.5553
1.3465	0.5855
1.3287	0.5783
1.3407	0.5970
1.3232	0.6193
1.3356	0.6115
1.3179	0.6462
1.3332	0.6280
1.3142	0.6575
1.3273	0.6398
1.3122	0.6653
1.3218	0.6493
1.3113	0.6697
1.3167	0.6563
1.3106	0.6618
1.3104	0.6603
1.3104	0.6440
1.3071	0.6622
1.3093	0.6335
1.3004	0.6618
1.3077	0.6080
1.2957	0.6577
1.3051	0.5927
1.2907	0.6500
1.3009	0.5792
1.2898	0.6352
1.2961	0.5675
1.2870	0.6223
1.2917	0.5673
1.2889	0.6107
1.2882	0.5670
1.2890	0.6017
1.2844	0.5723
1.2872	0.5987
1.2801	0.5837
1.2842	0.5970
1.2740	0.6080
1.2796	0.5970
1.2681	0.6312
1.2753	0.5972
1.2619	0.6643
1.2694	0.5993
1.2555	0.6955
1.2862	0.5372
1.2638	0.6045
1.2859	0.5505
1.2583	0.6143
1.2826	0.5667
1.2517	0.6205
1.2791	0.5803
1.2447	0.6225
1.2736	0.5948
1.2365	0.6198
1.2688	0.6067
1.2301	0.6138
1.2627	0.6145
1.2255	0.6068
1.2575	0.6160
1.2191	0.5990
1.2526	0.6257
1.2148	0.5878
1.2496	0.6315
1.2140	0.5755
1.2448	0.6347
1.2066	0.5615
1.2406	0.6295
1.2034	0.5475
1.2353	0.6190
1.1952	0.5402
1.2327	0.6102
1.1905	0.5383
1.2299	0.6005
1.1833	0.5433
1.2279	0.5917
1.1730	0.5518
1.2265	0.5800
1.1633	0.5652
1.2252	0.5835
1.1545	0.5805
1.2217	0.5765
1.1431	0.5992
1.2200	0.5780
1.1297	0.6203
1.2160	0.5800
1.1197	0.6423
1.2109	0.5895
1.1088	0.6657
1.2033	0.5985
1.1007	0.6828
1.1969	0.6020
1.0951	0.6960
1.1897	0.6085
1.0902	0.7045
1.1813	0.6083
1.0847	0.7030
1.1735	0.6122
1.0811	0.6968
1.1671	0.6102
1.1625	0.6087
1.4746	0.5713
1.1596	0.6067
1.4665	0.5982
1.1580	0.5983
1.4597	0.6152
1.1588	0.5945
1.4525	0.6332
1.1605	0.5865
1.4472	0.6472
1.1652	0.5838
1.4423	0.6542
1.1703	0.5775
1.4403	0.6625
1.1758	0.5782
1.4368	0.6648
1.1791	0.5845
1.4344	0.6625
1.1827	0.5907
1.4329	0.6550
1.1856	0.5988
1.4310	0.6447
1.1872	0.6053
1.4302	0.6330
1.1884	0.6210
1.4269	0.6342
1.1890	0.6335
1.4237	0.6317
1.1861	0.6457
1.4217	0.6307
1.1836	0.6610
1.4194	0.6278
1.1796	0.6707
1.4180	0.6260
1.1740	0.6785
1.4168	0.6252
1.1702	0.6745
1.4142	0.6325
1.1659	0.6755
1.4097	0.6390
1.1623	0.6725
1.4064	0.6468
1.1576	0.6665
1.4029	0.6530
1.1547	0.6600
1.4023	0.6530
1.1536	0.6523
1.3994	0.6490
1.1522	0.6450
1.3977	0.6460
1.1540	0.6383
1.3969	0.6448
1.1556	0.6413
1.3957	0.6475
1.1564	0.6383
1.3936	0.6438
1.1581	0.6512
1.3924	0.6423
1.1575	0.6627
1.3913	0.6398
1.1568	0.6760
1.3890	0.6407
1.1551	0.6840
1.4690	0.6673
1.3910	0.6462
1.1525	0.6978
1.4660	0.6695
1.3897	0.6512
1.1501	0.7047
1.4610	0.6707
1.3884	0.6648
1.4557	0.6682
1.3870	0.6775
1.4486	0.6640
1.3866	0.6887
1.4426	0.6530
1.3839	0.6930
1.4346	0.6367
1.3801	0.6990
1.4280	0.6160
1.3756	0.7062
1.4166	0.5955
1.3725	0.7037
1.4091	0.5820
1.3673	0.6990
1.4041	0.5675
1.3616	0.6883
1.3973	0.5640
1.3545	0.6805
1.3902	0.5635
1.3497	0.6643
1.3872	0.5645
1.3413	0.6510
1.3845	0.5675
1.3361	0.6407
1.3820	0.5770
1.3309	0.6340
1.3805	0.5900
1.3250	0.6277
1.3804	0.6048
1.3210	0.6205
1.3785	0.6185
1.3173	0.6230
1.3773	0.6300
1.3333	0.6257
1.3770	0.6362
1.3312	0.6350
1.3752	0.6402
1.3166	0.6440
1.3746	0.6393
1.3155	0.6602
1.3732	0.6360
1.3137	0.6692
1.3701	0.6328
1.3135	0.6788
1.3690	0.6267
1.3111	0.6838
1.3640	0.6222
1.3096	0.6925
1.3597	0.6173
1.3075	0.6955
1.3562	0.6190
1.3054	0.6970
1.3532	0.6220
1.3050	0.6997
1.3511	0.6290
1.3047	0.7020
1.3488	0.6383
1.3045	0.7025
1.3480	0.6527
1.3037	0.7007
1.3482	0.6703
1.3042	0.7070
1.3479	0.6865
1.3057	0.7135
1.2773	0.6370
1.3473	0.6970
1.3050	0.7262
1.2664	0.6302
1.3444	0.7060
1.3139	0.7355
1.2557	0.6168
1.3412	0.7112
1.2473	0.5990
1.3340	0.7067
1.2389	0.5835
1.3285	0.7007
1.2324	0.5660
1.3193	0.6960
1.2253	0.5500
1.3116	0.6815
1.2204	0.5388
1.3012	0.6690
1.2194	0.5343
1.2898	0.6512
1.2188	0.5285
1.2809	0.6362
1.2188	0.5267
1.2715	0.6293
1.2229	0.5262
1.2627	0.6250
1.2254	0.5280
1.2556	0.6220
1.2331	0.5415
1.2488	0.6255
1.2327	0.5500
1.2451	0.6275
1.2343	0.5540
1.2411	0.6302
1.2341	0.5635
1.2375	0.6437
1.2338	0.5723
1.2336	0.6585
1.2314	0.5737
1.2332	0.6723
1.2287	0.5732
1.2314	0.6805
1.2290	0.5747
1.2284	0.6858
1.2284	0.5773
1.2253	0.6870
1.2248	0.5800
1.2226	0.6890
1.2227	0.5755
1.2171	0.6873
1.2206	0.5795
1.2116	0.6843
1.2178	0.5852
1.2059	0.6840
1.2141	0.5930
1.1990	0.6800
1.2140	0.6007
1.1935	0.6722
1.2140	0.6188
1.1898	0.6693
1.2162	0.6348
1.2173	0.6557
1.2197	0.6748
1.2212	0.6973
1.2217	0.7282
1.2191	0.7505
1.2246	0.6152
1.2166	0.7743
1.2150	0.5878
1.2115	0.7932
1.2057	0.5687
1.2048	0.8027
1.1937	0.5553
1.1975	0.8030
1.1834	0.5488
1.1880	0.8093
1.1743	0.5497
1.1795	0.8048
1.1661	0.5580
1.1714	0.8013
1.1603	0.5730
1.1663	0.7980
1.1571	0.5892
1.1628	0.7750
1.1532	0.6063
1.1576	0.7655
1.1521	0.6242
1.1551	0.7450
1.1505	0.6443
1.1533	0.7348
1.1485	0.6523
1.1537	0.7227
1.1487	0.6567
1.1552	0.7265
1.1453	0.6593
1.1546	0.7240
1.1449	0.6523
1.1535	0.7200
1.1416	0.6507
1.1521	0.7208
1.1398	0.6460
1.1484	0.7205
1.1353	0.6428
1.1446	0.7280
1.1315	0.6475
1.1401	0.7245
1.1294	0.6545
1.1351	0.7345
1.1252	0.6622
1.1211	0.6775
1.1172	0.6938
1.1137	0.7153
1.1100	0.7402
1.1066	0.7515
1.1052	0.7617
1.1028	0.7660
1.1037	0.7662
1.1018	0.7610
1.1030	0.7532
1.1033	0.7393
1.1035	0.7247
1.1033	0.7077
1.1028	0.6900
1.1004	0.6820
1.0982	0.6843
1.0706	0.7295
1.0951	0.6845
1.0712	0.7322
1.0892	0.6890
1.0705	0.7347
1.0899	0.6967
1.0699	0.7415
1.0873	0.7063
1.0664	0.7490
1.0874	0.7125
1.0643	0.7600
1.0854	0.7277
1.0620	0.7687
1.0850	0.7305
1.0592	0.7775
1.1022	0.7393
1.0574	0.7853
1.1051	0.7322
1.0570	0.7903
1.1074	0.7250
1.0547	0.7913
1.1082	0.7225
1.0554	0.7875
1.1091	0.7165
1.0545	0.7823
1.0573	0.7765
1.0576	0.7700
1.0581	0.7620
1.0586	0.7560
1.0566	0.7505
1.0555	0.7458
1.0559	0.7442
1.0544	0.7472
1.0529	0.7538
1.0516	0.7642
1.0492	0.7728
1.0504	0.7815
1.1529	0.8215
1.0479	0.7878
1.1471	0.8255
1.0473	0.7920
1.1403	0.8278
1.0465	0.7908
1.1342	0.8292
1.0457	0.7867
1.1294	0.8270
1.0459	0.7815
1.1252	0.8260
1.0462	0.7745
1.1218	0.8228
1.0472	0.7665
1.1204	0.8163
1.0492	0.7570
1.1193	0.8097
1.0518	0.7500
1.1204	0.8013
1.0534	0.7445
1.1228	0.7950
1.0541	0.7425
1.1253	0.7917
1.0541	0.7430
1.1270	0.7907
1.0524	0.7508
1.1271	0.7897
1.0514	0.7618
1.1263	0.7887
1.0512	0.7737
1.1243	0.7920
1.0506	0.7838
1.1221	0.7935
1.1186	0.7995
1.1145	0.8020
1.1091	0.8067
1.1039	0.8102
1.1001	0.8158
1.0976	0.8193
1.0965	0.8245
1.0973	0.8308
1.0994	0.8340
1.1030	0.8380
1.1066	0.8417
1.1104	0.8478
1.2057	0.8990
1.1132	0.8540
1.2038	0.8922
1.1156	0.8590
1.2025	0.8790
1.1169	0.8585
1.2008	0.8677
1.1173	0.8615
1.1993	0.8528
1.1163	0.8622
1.1973	0.8435
1.1153	0.8607
1.1948	0.8382
1.1125	0.8610
1.1925	0.8385
1.1085	0.8618
1.1896	0.8417
1.1044	0.8610
1.1875	0.8472
1.1004	0.8595
1.1843	0.8482
1.0981	0.8545
1.1805	0.8510
1.0973	0.8515
1.1777	0.8563
1.0981	0.8522
1.1747	0.8545
1.1004	0.8505
1.1732	0.8555
1.1725	0.8553
1.1721	0.8485
1.1703	0.8425
1.1697	0.8345
1.1655	0.8258
1.1623	0.8208
1.1587	0.8187
1.1557	0.8172
1.1530	0.8240
1.1517	0.8307
1.1523	0.8290
1.1589	0.8837
1.1523	0.8237
1.1570	0.8875
1.1515	0.8035
1.1530	0.8925
1.1507	0.7840
1.1490	0.8858
1.1493	0.7682
1.1473	0.8790
1.1483	0.7548
1.1444	0.8677
1.1481	0.7420
1.1459	0.8668
1.1476	0.7302
1.1475	0.8605
1.1480	0.7088
1.1480	0.8540
1.1467	0.6893
1.1477	0.8470
1.1465	0.6803
1.1481	0.8348
1.1458	0.6787
1.1487	0.8245
1.1478	0.6905
1.1523	0.8105
1.1486	0.7062
1.1564	0.8108
1.1490	0.7292
1.1600	0.8107
1.1494	0.7520
1.1649	0.8160
1.1484	0.7798
1.1703	0.8145
1.1484	0.7963
1.1756	0.8157
1.1783	0.8205
1.1795	0.8250
1.1790	0.8300
1.1791	0.8377
1.2741	0.8455
1.1797	0.8485
1.2653	0.8217
1.1800	0.8647
1.2591	0.8070
1.1801	0.8778
1.2553	0.7947
1.1797	0.8913
1.2509	0.7913
1.1786	0.8987
1.2489	0.7970
1.1799	0.9063
1.2429	0.8060
1.1801	0.9078
1.2385	0.8207
1.1825	0.9080
1.2354	0.8407
1.1852	0.9035
1.2319	0.8628
1.1862	0.8913
1.2313	0.8805
1.1881	0.8708
1.2318	0.9008
1.1884	0.8303
1.2333	0.9048
1.1880	0.7860
1.2354	0.9123
1.1885	0.7413
1.2401	0.9112
1.1884	0.6993
1.2449	0.9013
1.1865	0.6610
1.2523	0.8838
1.1857	0.6312
1.2605	0.8628
1.1826	0.6067
1.2668	0.8365
1.1832	0.5888
1.2742	0.8100
1.1812	0.5797
1.2812	0.7858
1.1807	0.5810
1.2876	0.7577
1.1788	0.5880
1.2912	0.7395
1.2971	0.7190
1.3012	0.7077
1.3051	0.7003
1.3013	0.7740
1.3090	0.6950
1.3074	0.7802
1.3128	0.6907
1.3105	0.7817
1.3154	0.6905
1.3114	0.7827
1.3161	0.6900
1.3110	0.7807
1.3147	0.6885
1.3114	0.7792
1.3148	0.6867
1.3110	0.7775
1.3127	0.6823
1.3098	0.7710
1.3094	0.6753
1.3086	0.7682
1.3060	0.6668
1.3090	0.7708
1.3034	0.6510
1.3113	0.7645
1.2993	0.6420
1.3154	0.7712
1.2927	0.6340
1.3193	0.7735
1.2868	0.6220
1.3240	0.7795
1.2779	0.6190
1.3332	0.7888
1.2745	0.6185
1.3424	0.7928
1.2711	0.6215
1.3521	0.7955
1.2702	0.6283
1.3632	0.8000
1.2694	0.6400
1.3695	0.8030
1.2709	0.6495
1.3736	0.7972
1.2725	0.6653
1.3787	0.7922
1.2739	0.6787
1.3812	0.7765
1.2753	0.6948
1.3806	0.7618
1.2792	0.7130
1.3814	0.7425
1.2841	0.7248
1.3818	0.7222
1.3827	0.7100
1.3845	0.6975
1.2132	0.7955
1.3853	0.6840
1.2178	0.8002
1.3873	0.6700
1.2231	0.8040
1.3877	0.6580
1.2266	0.7988
1.3889	0.6580
1.2299	0.7895
1.3903	0.6568
1.2336	0.7772
1.3913	0.6565
1.2362	0.7573
1.3928	0.6590
1.2382	0.7392
1.3965	0.6638
1.2370	0.7157
1.3975	0.6653
1.2367	0.6972
1.3988	0.6652
1.2370	0.6800
1.3985	0.6707
1.2385	0.6688
1.3968	0.6748
1.2384	0.6617
1.3935	0.6745
1.2402	0.6635
1.3903	0.6670
1.2421	0.6703
1.3881	0.6600
1.2439	0.6793
1.3852	0.6540
1.2473	0.6957
1.3823	0.6490
1.2538	0.7117
1.3796	0.6395
1.2590	0.7225
1.3767	0.6307
1.2651	0.7270
1.3760	0.6288
1.2714	0.7320
1.3762	0.6270
1.2775	0.7310
1.3782	0.6267
1.3672	0.7775
1.2830	0.7250
1.3800	0.6355
1.3713	0.7765
1.2866	0.7167
1.3796	0.6450
1.3749	0.7760
1.2899	0.7035
1.3796	0.6583
1.3806	0.7770
1.2927	0.6933
1.3795	0.6688
1.3890	0.7787
1.2969	0.6815
1.3792	0.6798
1.3970	0.7842
1.3001	0.6695
1.3765	0.6905
1.4026	0.7935
1.3022	0.6655
1.3734	0.6975
1.4051	0.7952
1.3040	0.6655
1.3700	0.7003
1.4076	0.7942
1.3074	0.6685
1.4068	0.7900
1.3107	0.6733
1.4063	0.7817
1.3146	0.6820
1.4040	0.7730
1.3192	0.6907
1.4013	0.7607
1.3223	0.6998
1.3973	0.7463
1.3235	0.7048
1.3950	0.7360
1.3280	0.7028
1.3919	0.7217
1.3282	0.7015
1.3877	0.7122
1.3310	0.6922
1.3855	0.7073
1.3307	0.6785
1.3843	0.7050
1.3302	0.6585
1.3848	0.7057
1.3313	0.6415
1.3861	0.7145
1.3308	0.6270
1.3904	0.7198
1.3286	0.6123
1.3945	0.7290
1.3271	0.6025
1.4010	0.7370
1.3250	0.5957
1.4072	0.7377
1.3228	0.5973
1.4107	0.7408
1.3195	0.6040
1.4168	0.7398
1.3148	0.6225
1.4215	0.7367
1.3085	0.6443
1.4264	0.7315
1.3045	0.6730
1.4318	0.7250
1.2994	0.6980
1.4349	0.7170
1.2949	0.7193
1.2412	0.7585
1.4361	0.7103
1.2435	0.7495
1.4364	0.7038
1.2457	0.7362
1.4350	0.6995
1.2486	0.7173
1.4327	0.6970
1.2460	0.7007
1.4289	0.6965
1.2484	0.6827
1.4249	0.6955
1.2524	0.6645
1.4220	0.6935
1.2562	0.6460
1.4176	0.6898
1.2550	0.6322
1.4153	0.6838
1.3148	0.6233
1.4130	0.6773
1.3173	0.6175
1.4118	0.6747
1.3196	0.6165
1.4094	0.6712
1.3228	0.6170
1.4060	0.6677
1.3260	0.6185
1.4025	0.6688
1.3288	0.6210
1.3996	0.6708
1.3472	0.6245
1.3943	0.6762
1.3503	0.6298
1.3909	0.6855
1.3535	0.6365
1.3853	0.7000
1.3552	0.6445
1.3805	0.7187
1.3543	0.6507
1.3762	0.7362
1.3530	0.6587
1.3738	0.7558
1.3500	0.6630
1.3722	0.7765
1.3426	0.6667
1.3720	0.7922
1.3339	0.6703
1.3742	0.8040
1.3266	0.6712
1.3773	0.8120
1.2830	0.5915
1.3153	0.6735
1.3810	0.8160
1.2830	0.5840
1.3040	0.6738
1.3849	0.8180
1.2831	0.5858
1.2959	0.6715
1.3887	0.8155
1.2828	0.5885
1.2892	0.6668
1.3928	0.8117
1.2829	0.5872
1.2807	0.6655
1.3967	0.8088
1.2824	0.5932
1.2755	0.6615
1.4016	0.8010
1.2820	0.6018
1.2698	0.6612
1.2822	0.5982
1.2646	0.6628
1.2829	0.5918
1.2589	0.6662
1.2828	0.5965
1.2530	0.6728
1.2832	0.5865
1.2471	0.6797
1.2825	0.5867
1.2422	0.6895
1.2815	0.5832
1.2353	0.7057
1.2797	0.5787
1.2287	0.7227
1.2772	0.5780
1.2237	0.7380
1.2742	0.5783
1.2169	0.7537
1.2702	0.5730
1.2115	0.7648
1.2643	0.5797
1.2044	0.7717
1.2587	0.5872
1.1974	0.7765
1.2532	0.5897
1.1917	0.7780
1.2481	0.5960
1.1854	0.7755
1.2440	0.6043
1.1808	0.7717
1.2413	0.6155
1.1770	0.7632
1.2380	0.6257
1.1732	0.7547
1.2348	0.6322
1.1695	0.7502
1.2324	0.6343
1.1636	0.7432
1.2301	0.6350
1.2278	0.6295
1.2249	0.6230
1.2202	0.6195
1.2162	0.6205
1.2122	0.6080
1.2796	0.5987
1.2071	0.6023
1.2920	0.5977
1.2011	0.5990
1.3029	0.5990
1.1942	0.5955
1.3124	0.6028
1.1881	0.6045
1.3208	0.6080
1.1822	0.6145
1.3255	0.6152
1.1779	0.6310
1.3288	0.6253
1.1736	0.6480
1.3316	0.6330
1.1705	0.6673
1.3302	0.6392
1.1676	0.6843
1.3296	0.6433
1.1653	0.7068
1.3266	0.6443
1.1627	0.7248
1.3228	0.6440
1.1596	0.7395
1.3175	0.6422
1.1561	0.7515
1.3116	0.6370
1.1516	0.7497
1.3050	0.6280
1.1462	0.7555
1.2984	0.6198
1.1399	0.7585
1.2939	0.6115
1.1328	0.7523
1.2903	0.6075
1.1266	0.7452
1.2882	0.6068
1.1204	0.7335
1.2853	0.6102
1.1141	0.7272
1.2820	0.6157
1.2792	0.6223
1.2762	0.6298
1.2743	0.6398
1.2719	0.6525
1.2688	0.6640
1.2665	0.6743
1.2622	0.6810
1.2607	0.6853
1.2589	0.6860
1.2582	0.6845
1.2557	0.6803
1.2197	0.7458
1.2544	0.6753
1.2181	0.7690
1.2536	0.6705
1.2162	0.7855
1.2543	0.6667
1.2141	0.7947
1.2560	0.6645
1.2115	0.7953
1.2595	0.6655
1.2098	0.7858
1.2635	0.6707
1.2100	0.7670
1.2671	0.6787
1.2109	0.7452
1.2707	0.6910
1.2123	0.7155
1.2710	0.7065
1.2120	0.6872
1.2699	0.7245
1.2095	0.6585
1.2663	0.7418
1.2059	0.6300
1.2601	0.7583
1.2021	0.6093
1.2507	0.7695
1.1972	0.5915
1.2414	0.7777
1.1931	0.5878
1.2325	0.7855
1.1899	0.5905
1.2242	0.7895
1.1878	0.6048
1.2151	0.7905
1.1865	0.6223
1.2047	0.7887
1.1847	0.6445
1.1947	0.7837
1.1829	0.6630
1.1910	0.7785
1.1797	0.6838
1.1879	0.7762
1.1758	0.7015
1.1879	0.7737
1.1719	0.7140
1.1680	0.7185
1.1645	0.7137
1.1602	0.7055
1.2673	0.6152
1.1551	0.6915
1.2645	0.6205
1.1491	0.6782
1.2609	0.6278
1.1429	0.6627
1.2621	0.6322
1.1379	0.6495
1.2603	0.6385
1.1341	0.6360
1.2597	0.6465
1.1315	0.6248
1.2564	0.6575
1.1294	0.6162
1.2537	0.6640
1.1279	0.6202
1.2496	0.6642
1.1268	0.6312
1.2443	0.6610
1.1261	0.6445
1.2406	0.6555
1.1249	0.6648
1.2359	0.6500
1.1237	0.6853
1.2302	0.6417
1.1215	0.7085
1.2238	0.6370
1.1185	0.7267
1.2230	0.6315
1.1152	0.7427
1.2194	0.6287
1.1119	0.7512
1.2155	0.6285
1.1083	0.7580
1.2134	0.6343
1.1037	0.7548
1.2109	0.6452
1.0994	0.7490
1.2103	0.6573
1.0943	0.7420
1.2126	0.6677
1.0893	0.7312
1.2150	0.6805
1.0847	0.7193
1.2195	0.6962
1.0800	0.7080
1.2250	0.7090
1.2299	0.7185
1.2341	0.7272
1.2419	0.7345
1.2439	0.7400
1.3908	0.7303
1.2424	0.7380
1.3859	0.7095
1.2402	0.7342
1.3817	0.6850
1.2381	0.7285
1.3748	0.6375
1.2358	0.7170
1.3697	0.6477
1.2313	0.7090
1.3638	0.6328
1.2234	0.7062
1.3574	0.6200
1.2164	0.7095
1.3532	0.5968
1.2080	0.7153
1.3485	0.5765
1.1967	0.7188
1.3438	0.5585
1.1976	0.7248
1.3392	0.5565
1.1887	0.7372
1.3335	0.5530
1.1813	0.7528
1.3285	0.5608
1.1718	0.7705
1.3247	0.5812
1.1653	0.7870
1.3190	0.5660
1.1573	0.7983
1.3143	0.5847
1.1523	0.8060
1.3145	0.6170
1.1472	0.8110
1.3126	0.6500
1.1459	0.8095
1.3131	0.6688
1.1446	0.8060
1.3117	0.6828
1.1455	0.7967
1.3090	0.6917
1.1457	0.7848
1.3058	0.7072
1.1493	0.7702
1.3020	0.7087
1.1511	0.7575
1.2980	0.7145
1.1511	0.7518
1.2941	0.7115
1.1495	0.7490
1.2907	0.7112
1.1479	0.7453
1.2843	0.6957
1.2774	0.6898
1.2699	0.6965
1.2617	0.7045
1.2556	0.7210
1.2493	0.7288
1.2431	0.7412
1.2396	0.7412
1.2372	0.7472
1.2368	0.7530
1.2388	0.7573
1.2407	0.7550
1.2422	0.7505
1.1196	0.7367
1.2439	0.7453
1.1129	0.7387
1.2453	0.7365
1.1072	0.7280
1.2470	0.7150
1.1025	0.7200
1.2473	0.7053
1.0990	0.7135
1.2469	0.6993
1.0969	0.7110
1.2444	0.6767
1.0942	0.7107
1.2413	0.6657
1.0961	0.7135
1.2362	0.6652
1.0959	0.7265
1.2308	0.6625
1.0968	0.7365
1.2247	0.6753
1.1018	0.7608
1.2189	0.6948
1.1033	0.7820
1.2146	0.7190
1.1036	0.8100
1.2125	0.7475
1.1047	0.8380
1.2131	0.7630
1.1013	0.8587
1.2140	0.7840
1.0977	0.8718
1.2171	0.8055
1.0911	0.8802
1.2197	0.8132
1.0864	0.8808
1.0817	0.8727
1.0764	0.8575
1.0739	0.8317
1.0720	0.8068
1.0677	0.7795
1.0653	0.7553
1.0618	0.7355
1.1247	0.6788
1.0614	0.7245
1.1221	0.6822
1.0596	0.7128
1.1206	0.6758
1.0568	0.7110
1.1154	0.6703
1.0560	0.7158
1.1133	0.6815
1.0557	0.7255
1.1128	0.6820
1.0531	0.7410
1.1119	0.6815
1.0530	0.7532
1.1087	0.6895
1.0516	0.6720
1.1033	0.6935
1.0499	0.6755
1.1023	0.6920
1.0513	0.6780
1.0988	0.7003
1.0529	0.6765
1.0958	0.7090
1.0514	0.6733
1.1170	0.7308
1.0518	0.6682
1.1144	0.7435
1.0520	0.6502
1.1133	0.7537
1.0511	0.6267
1.1114	0.7623
1.0516	0.6043
1.1113	0.7855
1.0529	0.5917
1.1098	0.7938
1.0534	0.6652
1.1091	0.8028
1.0522	0.6565
1.1101	0.8080
1.0545	0.6502
1.1120	0.8065
1.1114	0.8005
1.1144	0.7825
1.1164	0.7743
1.1193	0.7600
1.4395	0.7520
1.1204	0.7510
1.4358	0.7650
1.1210	0.7358
1.4353	0.7650
1.1221	0.7327
1.4293	0.7610
1.1358	0.7297
1.4219	0.7592
1.1541	0.7262
1.4133	0.7607
1.1660	0.7250
1.4077	0.7607
1.1677	0.7275
1.4011	0.7540
1.1681	0.7360
1.3953	0.7632
1.1697	0.7402
1.3901	0.7735
1.1711	0.7377
1.3870	0.7807
1.1734	0.7345
1.3976	0.7933
1.1765	0.7315
1.3937	0.8155
1.1813	0.7312
1.3898	0.8390
1.1867	0.7212
1.3897	0.8542
1.1943	0.7145
1.3869	0.8713
1.1990	0.7087
1.3849	0.8775
1.2008	0.7008
1.3782	0.8875
1.2059	0.6983
1.3697	0.8883
1.2111	0.6985
1.3565	0.8730
1.2128	0.7077
1.3384	0.8650
1.2136	0.7148
1.3295	0.8492
1.2126	0.7200
1.3273	0.8263
1.2144	0.7275
1.3295	0.7980
1.2147	0.7367
1.3294	0.7815
1.2151	0.7612
1.3298	0.7592
1.2165	0.7687
1.3304	0.7460
1.3120	0.7800
1.3295	0.7298
1.3072	0.7822
1.3308	0.7287
1.2988	0.7843
1.3252	0.7243
1.2979	0.7905
1.3243	0.7293
1.2926	0.7937
1.3249	0.7280
1.2872	0.7952
1.3255	0.7212
1.2799	0.7972
1.3279	0.7273
1.2748	0.7997
1.3306	0.7243
1.2675	0.8095
1.3334	0.7333
1.2647	0.8095
1.3369	0.7278
1.2653	0.8115
1.3376	0.7330
1.2653	0.8138
1.3369	0.7308
1.2642	0.8120
1.3376	0.7320
1.2602	0.8083
1.3393	0.7307
1.2604	0.8105
1.3373	0.7412
1.2590	0.8143
1.3353	0.7595
1.2582	0.8188
1.3357	0.7667
1.2571	0.8227
1.3337	0.7883
1.2534	0.8215
1.3305	0.7925
1.2494	0.8237
1.3288	0.8008
1.2467	0.8208
1.3264	0.8100
1.2434	0.8160
1.3254	0.8062
1.2359	0.8078
1.3235	0.8080
1.2349	0.8000
1.3180	0.7975
1.2348	0.7880
1.3069	0.7927
1.2313	0.7740
1.2979	0.7720
1.2341	0.7525
1.2948	0.7675
1.2358	0.7360
1.2907	0.7355
1.2412	0.7230
1.2898	0.7232
1.2442	0.7078
1.2542	0.7017
1.2606	0.6885
1.2679	0.6840
1.2702	0.6783
1.1466	0.7527
1.2739	0.6743
1.1489	0.7180
1.2758	0.6685
1.1492	0.6855
1.2763	0.6633
1.1497	0.6638
1.2741	0.6607
1.1493	0.6477
1.2719	0.6598
1.1483	0.6370
1.2698	0.6565
1.1494	0.6277
1.2643	0.6485
1.1544	0.6252
1.2606	0.6448
1.1559	0.6317
1.2577	0.6398
1.1601	0.6330
1.2553	0.6380
1.1634	0.6398
1.2533	0.6413
1.1676	0.6505
1.2537	0.6470
1.1727	0.6573
1.2538	0.6607
1.1768	0.6610
1.2540	0.6727
1.1797	0.6645
1.2550	0.6853
1.1822	0.6622
1.2532	0.7000
1.1802	0.6620
1.2543	0.7117
1.1795	0.6610
1.2549	0.7265
1.1792	0.6523
1.2527	0.7320
1.1758	0.6470
1.2496	0.7353
1.1739	0.6375
1.2464	0.7362
1.1750	0.6265
1.2415	0.7310
1.1752	0.6180
1.1759	0.6117
1.1782	0.6045
1.1786	0.6033
1.1794	0.6037
1.2098	0.6953
1.1828	0.6060
1.2104	0.6903
1.1843	0.6125
1.2118	0.6735
1.1849	0.6205
1.2121	0.6635
1.1855	0.6350
1.2123	0.6620
1.1868	0.6540
1.2118	0.6475
1.1857	0.6688
1.2109	0.6473
1.1861	0.6845
1.2104	0.6525
1.1848	0.7032
1.2082	0.6515
1.1838	0.7078
1.2046	0.6653
1.1842	0.7190
1.2021	0.6740
1.1848	0.7185
1.1998	0.6750
1.1853	0.7233
1.1972	0.6812
1.1879	0.7210
1.1977	0.6867
1.1902	0.7142
1.1956	0.6863
1.1935	0.7080
1.1961	0.6803
1.1964	0.7020
1.1943	0.6737
1.1984	0.6930
1.1945	0.6595
1.2020	0.6863
1.1942	0.6483
1.2052	0.6937
1.1923	0.6355
1.2098	0.7065
1.1916	0.6267
1.2118	0.7170
1.1916	0.6198
1.2150	0.7212
1.1907	0.6152
1.2174	0.7348
1.1893	0.6120
1.2180	0.7445
1.1841	0.6152
1.2211	0.7567
1.1823	0.6235
1.2234	0.7712
1.1804	0.6320
1.2238	0.7958
1.1786	0.6393
1.1771	0.6543
1.1739	0.6565
1.1705	0.6615
1.1647	0.6670
1.1623	0.6735
1.2152	0.6680
1.1595	0.6727
1.2161	0.6590
1.1587	0.6720
1.2163	0.6520
1.1570	0.6690
1.2160	0.6482
1.1519	0.6650
1.2144	0.6462
1.1515	0.6640
1.2138	0.6475
1.1521	0.6615
1.2111	0.6515
1.1531	0.6695
1.2096	0.6585
1.1549	0.6740
1.2077	0.6667
1.1540	0.6830
1.2054	0.6808
1.1563	0.6865
1.2023	0.6953
1.1555	0.6967
1.1973	0.7078
1.1578	0.6993
1.1931	0.7167
1.1612	0.7062
1.1881	0.7222
1.1606	0.7127
1.1829	0.7245
1.1637	0.7205
1.1779	0.7225
1.1619	0.7233
1.1743	0.7165
1.1614	0.7203
1.1707	0.7103
1.1627	0.7195
1.1671	0.7025
1.1635	0.7168
1.1639	0.6907
1.1630	0.7175
1.1613	0.6785
1.1594	0.6695
1.2002	0.7303
1.1579	0.6628
1.1567	0.6600
1.1550	0.6607
1.1514	0.6665
1.1492	0.6755
1.1462	0.6843
1.2274	0.7230
1.1427	0.6957
1.2324	0.7315
1.1410	0.7052
1.2349	0.7410
1.1391	0.7143
1.2343	0.7425
1.1363	0.7220
1.2327	0.7435
1.1355	0.7292
1.2290	0.7465
1.1341	0.7328
1.2232	0.7480
1.1330	0.7343
1.2168	0.7485
1.1320	0.7340
1.2093	0.7498
1.1296	0.7317
1.2019	0.7490
1.1290	0.7300
1.2350	0.7463
1.1287	0.7275
1.2272	0.7475
1.1292	0.7293
1.2187	0.7487
1.1303	0.7343
1.2104	0.7542
1.1319	0.7397
1.2029	0.7625
1.1324	0.7495
1.1941	0.7677
1.1346	0.7625
1.1853	0.7735
1.1349	0.7793
1.1761	0.7752
1.1375	0.7965
1.1677	0.7777
1.1386	0.8142
1.1594	0.7770
1.1444	0.8293
1.1518	0.7802
1.1482	0.8427
1.1438	0.7820
1.1531	0.8518
1.1367	0.7812
1.1575	0.8552
1.1305	0.7830
1.1762	0.8545
1.1252	0.7790
1.2092	0.8503
1.1202	0.7755
1.2160	0.8427
1.1161	0.7712
1.2226	0.8330
1.1121	0.7710
1.1084	0.7708
1.2587	0.6890
1.1053	0.7727
1.2491	0.6972
1.1031	0.7715
1.2406	0.7110
1.1013	0.7705
1.2342	0.7273
1.0999	0.7725
1.2292	0.7415
1.0979	0.7708
1.2265	0.7530
1.0966	0.7672
1.2242	0.7590
1.0953	0.7660
1.2224	0.7588
1.0956	0.7645
1.2212	0.7542
1.0961	0.7608
1.2199	0.7518
1.0955	0.7587
1.2183	0.7442
1.0943	0.7560
1.2175	0.7400
1.0934	0.7543
1.2155	0.7305
1.0916	0.7547
1.2139	0.7235
1.0899	0.7570
1.2133	0.7183
1.0882	0.7617
1.2127	0.7140
1.0864	0.7708
1.2132	0.7130
1.0858	0.7795
1.2130	0.7172
1.0858	0.7880
1.2123	0.7305
1.0864	0.8018
1.2116	0.7422
1.2105	0.7572
1.2091	0.7682
1.2079	0.7785
1.2049	0.7790
1.2011	0.7830
1.1959	0.7855
1.1905	0.7830
1.1862	0.7805
1.1808	0.7720
1.2484	0.6582
1.1764	0.7677
1.2401	0.6595
1.1723	0.7643
1.2367	0.6670
1.1686	0.7620
1.2315	0.6760
1.1656	0.7577
1.2277	0.6900
1.1632	0.7592
1.2236	0.7025
1.1605	0.7648
1.2214	0.7165
1.1587	0.7762
1.2175	0.7270
1.1581	0.7913
1.2153	0.7303
1.1582	0.8005
1.2136	0.7342
1.1592	0.8065
1.2109	0.7410
1.1607	0.8053
1.2071	0.7435
1.1632	0.8003
1.2039	0.7430
1.1647	0.7905
1.2021	0.7388
1.1641	0.7810
1.1999	0.7340
1.1650	0.7725
1.1981	0.7258
1.1658	0.7555
1.1972	0.7205
1.1664	0.7390
1.1958	0.7132
1.1665	0.7262
1.1949	0.7180
1.1655	0.7177
1.1935	0.7165
1.1655	0.7130
1.1941	0.7162
1.1649	0.7137
1.1929	0.7153
1.1648	0.7217
1.1920	0.7122
1.1903	0.7090
1.1891	0.7007
1.1884	0.6917
1.1859	0.6800
1.2761	0.7238
1.1828	0.6708
1.2753	0.7325
1.1791	0.6607
1.2769	0.7387
1.1770	0.6555
1.2804	0.7362
1.1750	0.6475
1.2837	0.7325
1.1737	0.6452
1.2896	0.7305
1.1723	0.6435
1.2938	0.7218
1.1716	0.6528
1.2979	0.7090
1.1709	0.6572
1.3032	0.7020
1.1699	0.6660
1.3051	0.6912
1.1679	0.6775
1.3065	0.6845
1.1677	0.6910
1.3045	0.6745
1.1665	0.7050
1.3045	0.6665
1.1642	0.7228
1.3042	0.6638
1.1621	0.7467
1.3016	0.6655
1.1600	0.7737
1.2990	0.6607
1.1585	0.7895
1.2947	0.6617
1.1565	0.8000
1.2890	0.6653
1.1547	0.8185
1.2823	0.6670
1.1531	0.8285
1.2728	0.6623
1.1528	0.8403
1.2677	0.6570
1.1517	0.8462
1.2621	0.6522
1.1505	0.8410
1.2553	0.6398
1.1494	0.8332
1.2525	0.6343
1.1478	0.8208
1.2487	0.6237
1.2465	0.6140
1.2461	0.6067
1.3706	0.7055
1.2440	0.6045
1.3698	0.7018
1.2425	0.6057
1.3703	0.6952
1.2408	0.6152
1.3723	0.6915
1.2398	0.6228
1.3734	0.6862
1.2392	0.6328
1.3732	0.6885
1.2383	0.6500
1.3730	0.6912
1.2368	0.6575
1.3733	0.6983
1.2345	0.6673
1.3739	0.7053
1.2314	0.6810
1.3746	0.7157
1.2279	0.6953
1.3744	0.7300
1.2262	0.7053
1.3778	0.7465
1.2247	0.7093
1.3801	0.7588
1.2256	0.7132
1.3840	0.7727
1.2259	0.7160
1.3861	0.7830
1.2257	0.7160
1.3882	0.7855
1.2260	0.7095
1.3871	0.7858
1.2259	0.7050
1.3853	0.7790
1.2239	0.6998
1.3830	0.7685
1.2217	0.6920
1.3779	0.7560
1.2180	0.6820
1.3739	0.7438
1.2121	0.6740
1.3707	0.7277
1.2062	0.6675
1.3683	0.7172
1.1993	0.6622
1.3661	0.7073
1.1927	0.6585
1.3652	0.6988
1.3638	0.7017
1.3638	0.7060
1.3628	0.7150
1.3643	0.7245
1.3635	0.7343
1.2338	0.6787
1.3644	0.7395
1.2329	0.6790
1.3653	0.7483
1.2306	0.6735
1.3620	0.7593
1.2251	0.6610
1.3609	0.7607
1.2230	0.6550
1.3569	0.7703
1.2191	0.6455
1.3547	0.7695
1.2171	0.6398
1.3529	0.7655
1.2146	0.6412
1.3479	0.7558
1.2161	0.6435
1.3432	0.7520
1.2148	0.6517
1.3401	0.7395
1.2140	0.6610
1.3375	0.7310
1.2151	0.6782
1.3352	0.7132
1.2155	0.6972
1.3343	0.6965
1.2126	0.7215
1.3350	0.6773
1.2112	0.7402
1.3355	0.6590
1.2096	0.7545
1.3363	0.6425
1.2096	0.7620
1.3363	0.6273
1.2073	0.7638
1.3369	0.6183
1.2079	0.7570
1.3395	0.6042
1.2079	0.7458
1.3398	0.6030
1.2104	0.7338
1.3382	0.5965
1.2110	0.7138
1.3345	0.6015
1.2110	0.6990
1.3570	0.5993
1.3728	0.6488
1.2124	0.6803
1.3775	0.6050
1.3783	0.6565
1.2141	0.6615
1.3721	0.6055
1.3818	0.6580
1.2160	0.6560
1.3681	0.6035
1.3860	0.6673
1.2162	0.6502
1.3649	0.6085
1.3896	0.6718
1.2180	0.6498
1.3630	0.6062
1.3924	0.6765
1.2209	0.6600
1.3616	0.6102
1.3958	0.6798
1.2229	0.6705
1.3602	0.6098
1.3941	0.6842
1.2265	0.6810
1.3658	0.6140
1.3941	0.6910
1.2285	0.6945
1.3695	0.6217
1.3943	0.6975
1.2305	0.7050
1.3932	0.6987
1.2322	0.7125
1.3925	0.7032
1.2351	0.7232
1.3919	0.7080
1.2371	0.7232
1.3911	0.7100
1.2370	0.7275
1.3905	0.7175
1.2377	0.7227
1.3903	0.7170
1.2383	0.7180
1.3877	0.7165
1.2358	0.7120
1.3874	0.7083
1.2351	0.7065
1.3866	0.7055
1.2341	0.7012
1.3878	0.6998
1.2346	0.6935
1.3880	0.6960
1.2347	0.6907
1.3890	0.6930
1.2360	0.6855
1.3902	0.6892
1.2369	0.6780
1.5954	0.7228
1.3910	0.6903
1.2396	0.6725
1.5932	0.7223
1.3928	0.6915
1.2434	0.6715
1.5916	0.7195
1.3948	0.7007
1.2481	0.6630
1.5907	0.7140
1.3981	0.7048
1.2535	0.6532
1.5930	0.7060
1.4033	0.7172
1.2588	0.6400
1.5913	0.7000
1.4062	0.7288
1.2653	0.6248
1.5883	0.6913
1.4077	0.7327
1.2714	0.6112
1.5822	0.6818
1.4101	0.7405
1.2798	0.5952
1.5793	0.6690
1.4128	0.7442
1.2858	0.5835
1.5772	0.6552
1.4162	0.7445
1.2927	0.5738
1.5716	0.6463
1.4208	0.7398
1.3013	0.5637
1.5696	0.6390
1.4245	0.7320
1.3055	0.5560
1.5684	0.6350
1.4293	0.7210
1.5721	0.6320
1.4324	0.7142
1.5784	0.6322
1.4362	0.7057
1.5879	0.6303
1.4396	0.6925
1.5927	0.6357
1.4413	0.6888
1.5972	0.6395
1.4426	0.6755
1.5962	0.6448
1.4434	0.6690
1.5966	0.6502
1.4448	0.6650
1.5945	0.6557
1.4451	0.6660
1.5896	0.6685
1.4449	0.6682
1.5864	0.6775
1.4462	0.6715
1.5795	0.6855
1.4478	0.6640
1.5751	0.6940
1.4506	0.6645
1.5685	0.6970
1.4550	0.6603
1.5629	0.6983
1.4607	0.6515
1.5555	0.6998
1.4675	0.6495
1.5509	0.6993
1.4750	0.6445
1.5446	0.6927
1.4850	0.6400
1.5404	0.6857
1.4924	0.6342
1.5381	0.6730
1.4995	0.6320
1.5363	0.6598
1.5061	0.6305
1.2932	0.5545
1.5317	0.6470
1.5116	0.6400
1.2970	0.5537
1.5306	0.6287
1.5153	0.6437
1.2984	0.5597
1.5249	0.6122
1.5158	0.6580
1.2997	0.5712
1.5220	0.5945
1.5168	0.6705
1.3002	0.5812
1.5164	0.5745
1.5152	0.6850
1.2987	0.5972
1.5108	0.5597
1.5149	0.6995
1.2966	0.6028
1.5029	0.5545
1.5130	0.7083
1.2967	0.6205
1.4951	0.5522
1.5102	0.7168
1.2958	0.6280
1.4925	0.5502
1.5090	0.7195
1.2967	0.6388
1.4889	0.5555
1.5092	0.7198
1.2957	0.6495
1.4852	0.5647
1.5116	0.7145
1.2920	0.6707
1.4827	0.5750
1.5157	0.7112
1.2888	0.6855
1.4814	0.5878
1.2865	0.6890
1.4807	0.5990
1.2793	0.6883
1.4801	0.6102
1.2719	0.6867
1.4817	0.6150
1.2665	0.6840
1.4848	0.6160
1.2597	0.6793
1.4886	0.6165
1.2589	0.6735
1.4921	0.6188
1.2585	0.6667
1.4959	0.6177
1.2599	0.6563
1.5022	0.6137
1.2584	0.6413
1.5082	0.6143
1.2629	0.6288
1.5141	0.6177
1.2629	0.6200
1.5203	0.6233
1.2625	0.6128
1.5260	0.6315
1.2616	0.6080
1.5315	0.6425
1.2599	0.6102
1.5375	0.6507
1.2557	0.6125
1.5438	0.6573
1.2516	0.6193
1.5500	0.6598
1.2423	0.6330
1.5564	0.6623
1.2332	0.6410
1.5623	0.6588
1.2200	0.6445
1.5647	0.6548
1.2098	0.6452
1.5691	0.6463
1.1981	0.6465
1.5723	0.6395
1.1827	0.6505
1.5757	0.6322
1.1382	0.3465
1.1743	0.6467
1.5746	0.6257
1.1348	0.3807
1.1678	0.6415
1.5681	0.6278
1.1331	0.4105
1.1616	0.6357
1.5602	0.6317
1.1321	0.4533
1.1569	0.6265
1.5524	0.6412
1.1316	0.5000
1.1537	0.6085
1.1334	0.5285
1.1537	0.5972
1.1363	0.5490
1.1506	0.5933
1.1382	0.5747
1.1483	0.5855
1.1421	0.5962
1.1465	0.5828
1.1457	0.6027
1.1421	0.5775
1.1482	0.6067
1.1380	0.5832
1.1486	0.6155
1.1330	0.5845
1.1486	0.6215
1.1295	0.5903
1.1466	0.6215
1.1277	0.5925
1.1442	0.6255
1.1238	0.5978
1.1402	0.6398
1.1231	0.5995
1.1365	0.6503
1.1215	0.5945
1.1310	0.6657
1.1201	0.5897
1.1278	0.6685
1.1186	0.5837
1.1243	0.6880
1.1154	0.5765
1.1227	0.6910
1.1155	0.5640
1.1226	0.6973
1.1145	0.5558
1.1245	0.6943
1.1164	0.5405
1.1273	0.6937
1.1159	0.5348
1.1301	0.7020
1.1182	0.5225
1.1330	0.6935
1.1184	0.5212
1.1366	0.6895
1.1203	0.5305
1.1412	0.6732
1.1441	0.6655
1.4109	0.6522
1.1486	0.6520
1.4037	0.6560
1.1500	0.6475
1.3990	0.6545
1.1514	0.6312
1.3973	0.6505
1.1525	0.6242
1.3976	0.6510
1.1543	0.6120
1.3981	0.6480
1.1555	0.6038
1.3983	0.6525
1.1574	0.5977
1.4026	0.6530
1.1570	0.5890
1.4053	0.6587
1.1587	0.5870
1.4106	0.6625
1.1611	0.5783
1.4131	0.6660
1.1628	0.5720
1.4184	0.6675
1.1655	0.5588
1.4260	0.6665
1.1680	0.5577
1.4338	0.6635
1.1707	0.5565
1.4449	0.6543
1.1741	0.5575
1.4530	0.6455
1.1761	0.5543
1.4603	0.6335
1.1774	0.5533
1.4655	0.6175
1.1765	0.5570
1.4688	0.5983
1.1737	0.5605
1.4717	0.5800
1.1702	0.5740
1.4717	0.5620
1.1659	0.5813
1.4730	0.5475
1.1627	0.6025
1.4710	0.5355
1.1600	0.6193
1.4702	0.5315
1.1571	0.6365
1.4682	0.5327
1.1542	0.6548
1.4686	0.5418
1.1522	0.6695
1.4662	0.5535
1.1509	0.6883
1.4651	0.5675
1.1482	0.7015
1.4640	0.5888
1.1472	0.7158
1.4627	0.6090
1.1464	0.7278
1.4633	0.6282
1.4622	0.6483
1.4635	0.6670
1.3537	0.6990
1.4599	0.6762
1.3556	0.6925
1.4577	0.6855
1.3569	0.6840
1.4535	0.6912
1.3595	0.6767
1.4495	0.6927
1.4397	0.6678
1.4458	0.6902
1.4402	0.6673
1.4391	0.6817
1.4437	0.6610
1.4326	0.6755
1.4462	0.6595
1.4270	0.6685
1.4484	0.6613
1.4208	0.6580
1.4510	0.6622
1.4149	0.6525
1.4526	0.6690
1.4094	0.6538
1.4541	0.6750
1.4024	0.6563
1.4518	0.6748
1.3971	0.6610
1.4499	0.6753
1.3928	0.6710
1.4431	0.6720
1.3896	0.6818
1.4369	0.6672
1.3897	0.6962
1.4273	0.6598
1.3867	0.7062
1.4186	0.6475
1.3837	0.7193
1.4026	0.6360
1.3816	0.7290
1.3911	0.6208
1.3783	0.7293
1.3796	0.6072
1.3748	0.7242
1.3650	0.6000
1.3682	0.7150
1.3542	0.5965
1.3608	0.7050
1.3430	0.5938
1.3521	0.6915
1.3381	0.5962
1.3390	0.6842
1.3316	0.6015
1.3316	0.6708
1.3291	0.6110
1.3229	0.6605
1.3235	0.6260
1.3092	0.6522
1.2647	0.5402
1.3179	0.6417
1.2974	0.6505
1.2618	0.5470
1.3089	0.6565
1.2583	0.5578
1.3100	0.6638
1.2547	0.5680
1.3075	0.6632
1.2527	0.5847
1.3047	0.6653
1.2497	0.5985
1.3044	0.6650
1.2504	0.6318
1.2989	0.6625
1.2537	0.6265
1.2900	0.6572
1.2577	0.6435
1.2825	0.6507
1.2623	0.6472
1.2736	0.6445
1.2667	0.6425
1.2637	0.6370
1.2753	0.6548
1.2582	0.6355
1.2815	0.6600
1.2497	0.6367
1.2877	0.6642
1.2449	0.6453
1.2898	0.6695
1.2361	0.6515
1.2910	0.6753
1.2299	0.6598
1.2902	0.6653
1.2254	0.6688
1.2850	0.6620
1.2189	0.6780
1.2796	0.6495
1.2154	0.6877
1.2734	0.6438
1.2126	0.6950
1.2632	0.6370
1.2098	0.7010
1.2563	0.6260
1.2061	0.7043
1.2490	0.6207
1.2011	0.7035
1.2433	0.6080
1.1954	0.7015
1.2389	0.5758
1.1886	0.6990
1.2386	0.5622
1.1826	0.6927
1.4293	0.6290
1.2343	0.5628
1.1779	0.6822
1.4276	0.6392
1.2357	0.5720
1.1733	0.6732
1.4244	0.6555
1.2373	0.5800
1.4301	0.6643
1.2373	0.5912
1.4252	0.6572
1.2367	0.6138
1.4170	0.6562
1.2397	0.6288
1.4094	0.6390
1.2385	0.6555
1.4021	0.6163
1.2393	0.6748
1.3957	0.5977
1.2388	0.7230
1.3899	0.5830
1.2368	0.7528
1.3808	0.5615
1.2311	0.7645
1.3751	0.5597
1.2247	0.7762
1.3672	0.5483
1.2146	0.7830
1.3540	0.5390
1.2050	0.8023
1.3434	0.5375
1.1951	0.7905
1.3322	0.5430
1.1848	0.7855
1.3220	0.5628
1.1762	0.7775
1.3112	0.5802
1.1685	0.7715
1.3022	0.6235
1.1616	0.7582
1.2943	0.6552
1.1557	0.7492
1.2893	0.6922
1.1498	0.7425
1.2802	0.7253
1.1463	0.7372
1.2719	0.7615
1.1426	0.7325
1.2638	0.7945
1.1461	0.7157
1.2561	0.8180
1.1468	0.7105
1.2474	0.8397
1.1504	0.6987
1.2388	0.8337
1.1553	0.6863
1.2316	0.8308
1.1631	0.6617
1.2265	0.8048
1.1708	0.6415
1.2315	0.7855
1.2315	0.7505
1.2300	0.7157
1.2359	0.6790
1.2387	0.6520
1.2595	0.6592
1.2449	0.6280
1.2561	0.6805
1.2557	0.6188
1.2528	0.6942
1.2618	0.6243
1.2472	0.6915
1.2645	0.6375
1.2437	0.6832
1.2674	0.6538
1.2399	0.6675
1.2633	0.6775
1.2329	0.6332
1.2698	0.7208
1.2258	0.6112
1.2713	0.7603
1.2182	0.5977
1.2665	0.7890
1.2090	0.5867
1.2572	0.8062
1.1988	0.5907
1.2463	0.8195
1.1850	0.5872
1.2359	0.8150
1.1712	0.5675
1.2259	0.8045
1.1592	0.5778
1.2184	0.7850
1.1513	0.5903
1.2148	0.7570
1.1436	0.6090
1.2082	0.7250
1.1375	0.6240
1.2077	0.6777
1.1364	0.6445
1.2034	0.6320
1.1323	0.6612
1.2037	0.5945
1.1319	0.6690
1.2050	0.5668
1.1354	0.6785
1.2077	0.5497
1.1377	0.6670
1.2118	0.5340
1.1387	0.6783
1.2185	0.5273
1.1419	0.6695
1.2226	0.5307
1.1442	0.6657
1.2268	0.5438
1.1442	0.6557
1.2269	0.5612
1.1487	0.6452
1.2253	0.5820
1.1516	0.6280
1.2239	0.6083
1.1527	0.6138
1.2214	0.6443
1.3669	0.6522
1.1525	0.6050
1.2184	0.6715
1.3652	0.6635
1.1515	0.5990
1.2174	0.6880
1.3643	0.6563
1.1510	0.5982
1.3647	0.6543
1.1483	0.6045
1.3643	0.6590
1.1420	0.6070
1.3624	0.6610
1.1392	0.6115
1.3628	0.6670
1.1378	0.6193
1.3603	0.6750
1.1355	0.6248
1.3544	0.6850
1.1339	0.6277
1.3505	0.7012
1.1355	0.6480
1.3463	0.7065
1.1362	0.6672
1.3410	0.7135
1.1391	0.6815
1.3375	0.7202
1.1426	0.6913
1.3379	0.7218
1.1465	0.6882
1.3315	0.7192
1.1511	0.6822
1.3245	0.7153
1.1537	0.6757
1.3207	0.7140
1.1558	0.6703
1.3163	0.7080
1.1562	0.6612
1.3148	0.7043
1.1552	0.6588
1.3148	0.7007
1.1525	0.6440
1.3152	0.7065
1.1446	0.6307
1.3149	0.7125
1.1399	0.6295
1.6511	0.6527
1.3173	0.7268
1.1354	0.6335
1.6351	0.6625
1.3215	0.7482
1.1306	0.6410
1.6171	0.6758
1.3234	0.7688
1.1252	0.6592
1.5944	0.6897
1.3250	0.7893
1.1225	0.6720
1.5696	0.6980
1.3250	0.7995
1.1216	0.6867
1.5463	0.7070
1.3230	0.8163
1.5214	0.7085
1.3222	0.8220
1.4966	0.7097
1.3206	0.8230
1.4749	0.7110
1.3214	0.8190
1.4543	0.7160
1.3188	0.8067
1.4336	0.7215
1.3140	0.7970
1.4165	0.7347
1.3138	0.7872
1.4026	0.7517
1.3104	0.7710
1.3894	0.7687
1.3129	0.7585
1.3785	0.7925
1.3129	0.7435
1.3690	0.8215
1.3167	0.7397
1.3569	0.8515
1.3227	0.7300
1.3484	0.8840
1.3324	0.7225
1.3403	0.8983
1.3435	0.7195
1.3343	0.8983
1.3566	0.7238
1.3207	0.8723
1.3716	0.7187
1.3158	0.8363
1.3898	0.7145
1.3122	0.7705
1.4033	0.7077
1.3063	0.7322
1.4122	0.7020
1.3010	0.6988
1.4183	0.6987
1.2978	0.6805
1.4153	0.6743
1.2933	0.6638
1.4080	0.6605
1.2920	0.6450
1.3935	0.6562
1.2919	0.6410
1.3927	0.6483
1.2929	0.6512
1.3935	0.6450
1.2959	0.6845
1.4041	0.6403
1.3023	0.7248
1.4133	0.6410
1.3079	0.7830
1.4248	0.6460
1.3131	0.7995
1.4356	0.6567
1.3173	0.8130
1.4438	0.6730
1.3250	0.8022
1.4530	0.6920
1.3291	0.7890
1.4660	0.7175
1.3345	0.7735
1.4779	0.7325
1.3316	0.7588
1.4813	0.7480
1.1886	0.7445
1.3288	0.7382
1.4881	0.7515
1.1857	0.7250
1.3264	0.7170
1.4929	0.7627
1.1839	0.7157
1.3275	0.6937
1.4960	0.7568
1.1820	0.7012
1.3239	0.6760
1.4969	0.7568
1.1803	0.7015
1.3189	0.6720
1.4975	0.7500
1.1800	0.7073
1.3149	0.6667
1.1836	0.7127
1.3119	0.6690
1.1855	0.7075
1.3148	0.6722
1.1867	0.7208
1.3150	0.6840
1.1879	0.7362
1.3146	0.6933
1.1887	0.7492
1.3176	0.7020
1.1891	0.7588
1.3201	0.7122
1.1904	0.7572
1.3222	0.7203
1.1915	0.7617
1.3238	0.7298
1.1936	0.7685
1.3284	0.7375
1.1961	0.7638
1.3295	0.7460
1.2008	0.7637
1.3305	0.7462
1.2029	0.7600
1.3323	0.7470
1.2049	0.7505
1.3356	0.7460
1.2055	0.7365
1.3333	0.7460
1.2060	0.7293
1.3324	0.7520
1.2070	0.7282
1.3318	0.7575
1.2082	0.7178
1.3312	0.7640
1.2089	0.7170
1.3301	0.7690
1.2072	0.7150
1.3285	0.7742
1.2063	0.7215
1.3268	0.7757
1.2069	0.7278
1.3275	0.7747
1.2068	0.7350
1.2109	0.7258
1.2054	0.7427
1.2087	0.7165
1.2050	0.7498
1.2049	0.7037
1.2035	0.7490
1.2004	0.6805
1.2011	0.7413
1.1976	0.6570
1.1990	0.7430
1.1955	0.6400
1.1986	0.7335
1.1954	0.6133
1.1964	0.7212
1.1972	0.5935
1.1942	0.7022
1.1994	0.5817
1.1901	0.6870
1.2022	0.5767
1.1858	0.6703
1.2056	0.5722
1.1818	0.6645
1.2102	0.5777
1.1766	0.6610
1.2156	0.5802
1.1718	0.6685
1.2185	0.5948
1.1656	0.6778
1.2223	0.6150
1.1596	0.6907
1.2232	0.6312
1.1538	0.7078
1.2241	0.6530
1.1490	0.7297
1.2228	0.6735
1.1424	0.7593
1.2200	0.6930
1.1371	0.7785
1.2160	0.7015
1.1345	0.8025
1.2110	0.7095
1.1326	0.8108
1.2058	0.7048
1.1995	0.7145
1.1942	0.7100
1.1886	0.7105
1.1851	0.7070
1.1813	0.7085
1.1788	0.7090
1.1772	0.7110
1.1768	0.7225
1.1769	0.7275
1.1741	0.7375
1.1741	0.7403
1.1734	0.7478
1.1738	0.7453
1.1744	0.7508
1.1125	0.6697
1.1730	0.7425
1.1123	0.6727
1.1745	0.7360
1.1132	0.6777
1.1735	0.7315
1.1152	0.6850
1.1724	0.7230
1.1159	0.6935
1.1697	0.7217
1.1194	0.7050
1.1698	0.7240
1.1222	0.7148
1.1703	0.7185
1.1243	0.7258
1.1697	0.7247
1.1268	0.7303
1.1723	0.7222
1.1280	0.7348
1.1743	0.7242
1.1289	0.7340
1.1790	0.7315
1.1294	0.7298
1.1821	0.7327
1.1277	0.7235
1.1869	0.7302
1.1278	0.7130
1.1894	0.7270
1.1257	0.7035
1.1920	0.7222
1.1238	0.6888
1.1958	0.7197
1.1221	0.6765
1.1211	0.6650
1.1208	0.6557
1.1204	0.6515
1.1193	0.6510
1.1190	0.6552
1.1188	0.6620
1.1180	0.6705
1.1166	0.6790
1.1790	0.6935
1.1159	0.6882
1.1804	0.6900
1.1122	0.6948
1.1817	0.6890
1.1100	0.6983
1.1832	0.6855
1.1049	0.7010
1.1848	0.6798
1.1025	0.7025
1.1872	0.6725
1.0987	0.7012
1.1900	0.6662
1.0949	0.6982
1.1935	0.6617
1.0921	0.6935
1.1971	0.6625
1.0893	0.6895
1.2003	0.6613
1.0863	0.6838
1.2026	0.6645
1.0848	0.6805
1.2040	0.6673
1.0842	0.6800
1.2049	0.6722
1.0834	0.6830
1.2050	0.6780
1.0846	0.6883
1.2042	0.6862
1.0875	0.6940
1.2034	0.6935
1.0873	0.7032
1.2027	0.7010
1.0908	0.7120
1.2027	0.7020
1.0937	0.7237
1.2024	0.7035
1.0962	0.7337
1.2025	0.7045
1.0982	0.7412
1.2012	0.6995
1.0995	0.7480
1.2001	0.6953
1.1006	0.7500
1.1977	0.6857
1.1951	0.6775
1.1924	0.6693
1.1880	0.6635
1.1843	0.6603
1.3530	0.5448
1.1809	0.6648
1.3567	0.5053
1.1779	0.6698
1.3616	0.4755
1.1750	0.6785
1.3660	0.4600
1.1706	0.6893
1.3695	0.4605
1.1649	0.7035
1.3722	0.4692
1.1559	0.7220
1.3748	0.4890
1.1461	0.7348
1.3759	0.5123
1.1379	0.7432
1.3749	0.5352
1.1322	0.7477
1.3721	0.5627
1.1306	0.7488
1.3686	0.5987
1.1311	0.7458
1.3677	0.6357
1.1336	0.7398
1.3675	0.6648
1.1367	0.7308
1.3672	0.6865
1.1391	0.7237
1.3671	0.7000
1.1405	0.7135
1.3671	0.7092
1.1527	0.7055
1.3678	0.7113
1.1541	0.7017
1.3697	0.7127
1.1552	0.7028
1.3722	0.7195
1.1565	0.7072
1.3765	0.7305
1.1595	0.7140
1.3781	0.7448
1.1632	0.7205
1.3789	0.7662
1.1671	0.7300
1.3785	0.7865
1.1709	0.7405
1.3772	0.8045
1.1742	0.7467
1.3735	0.8130
1.1775	0.7545
1.3686	0.8158
1.1809	0.7580
1.3607	0.8132
1.3516	0.8067
1.3424	0.7937
1.2968	0.5485
1.3326	0.7725
1.2945	0.5520
1.3230	0.7508
1.2904	0.5653
1.3144	0.7255
1.2890	0.5797
1.3068	0.7053
1.2888	0.5982
1.3001	0.6905
1.2893	0.6188
1.2953	0.6825
1.2907	0.6390
1.2916	0.6807
1.2924	0.6563
1.2882	0.6853
1.2943	0.6715
1.2839	0.6957
1.2947	0.6827
1.2794	0.7175
1.2959	0.6862
1.2745	0.7450
1.2945	0.6848
1.2697	0.7757
1.2929	0.6788
1.2641	0.8065
1.2887	0.6735
1.2577	0.8320
1.2850	0.6690
1.2518	0.8525
1.2809	0.6665
1.2453	0.8620
1.2743	0.6667
1.2393	0.8703
1.2694	0.6672
1.2337	0.8722
1.2645	0.6638
1.2276	0.8668
1.2606	0.6605
1.2232	0.8553
1.2569	0.6615
1.2203	0.8415
1.2519	0.6650
1.2180	0.8253
1.2496	0.6687
1.2166	0.8137
1.2468	0.6732
1.2138	0.8027
1.2458	0.6805
1.2113	0.7945
1.2443	0.6895
1.2098	0.7992
1.2436	0.7015
1.2422	0.7077
1.2415	0.7125
1.2752	0.7703
1.2401	0.7112
1.2788	0.7760
1.2389	0.7090
1.2783	0.7755
1.2377	0.7077
1.2803	0.7637
1.2379	0.7085
1.2859	0.7480
1.2377	0.7088
1.2940	0.7300
1.2379	0.7045
1.3011	0.7035
1.2383	0.6935
1.3063	0.6780
1.2382	0.6780
1.3107	0.6600
1.2356	0.6655
1.3129	0.6438
1.2323	0.6587
1.3154	0.6365
1.2275	0.6607
1.3161	0.6283
1.2435	0.6650
1.3157	0.6227
1.2597	0.6740
1.3148	0.6278
1.2574	0.6825
1.3121	0.6397
1.2478	0.6928
1.3105	0.6552
1.2384	0.7018
1.3068	0.6745
1.2283	0.7148
1.3015	0.6950
1.2179	0.7290
1.2952	0.7070
1.2079	0.7467
1.2894	0.7237
1.2016	0.7685
1.2849	0.7467
1.1984	0.7915
1.2790	0.7617
1.1975	0.8127
1.2745	0.7700
1.2004	0.8298
1.2710	0.7745
1.2665	0.7733
1.2632	0.7720
1.2554	0.7650
1.2358	0.6868
1.2487	0.7595
1.2318	0.6770
1.2418	0.7568
1.2277	0.6627
1.2341	0.7498
1.2243	0.6475
1.2251	0.7355
1.2220	0.6425
1.2159	0.7262
1.2197	0.6310
1.2063	0.7235
1.2173	0.6235
1.1971	0.7265
1.2160	0.6280
1.1864	0.7310
1.2143	0.6345
1.1758	0.7338
1.2147	0.6475
1.1644	0.7380
1.2151	0.6625
1.1537	0.7400
1.2147	0.6815
1.1459	0.7390
1.2146	0.7048
1.1428	0.7367
1.2151	0.7160
1.1404	0.7325
1.2168	0.7272
1.1396	0.7258
1.2183	0.7395
1.1395	0.7225
1.2198	0.7450
1.1414	0.7157
1.2189	0.7373
1.1447	0.7138
1.2183	0.7167
1.1478	0.7127
1.2174	0.7062
1.1507	0.6850
1.2136	0.6942
1.1538	0.6965
1.2093	0.6777
1.1561	0.7208
1.2037	0.6607
1.1570	0.7450
1.1982	0.6490
1.1532	0.7672
1.2015	0.6443
1.1954	0.6420
1.1855	0.6417
1.1774	0.6515
1.1711	0.6760
1.3029	0.6822
1.1652	0.6907
1.3009	0.6882
1.1609	0.7068
1.2979	0.6915
1.1543	0.7193
1.2960	0.6897
1.1478	0.7327
1.2926	0.6822
1.1433	0.7480
1.2875	0.6743
1.1417	0.7575
1.2896	0.6677
1.1423	0.7670
1.2839	0.6595
1.1429	0.7732
1.2830	0.6617
1.1532	0.7715
1.2809	0.6658
1.1534	0.7660
1.2798	0.6720
1.1531	0.7590
1.2785	0.6810
1.1529	0.7483
1.2782	0.6982
1.1521	0.7333
1.2778	0.7173
1.1531	0.7277
1.2793	0.7348
1.1542	0.7153
1.2775	0.7477
1.1552	0.7042
1.2769	0.7543
1.1581	0.6988
1.2762	0.7553
1.1624	0.6930
1.2740	0.7490
1.1673	0.6878
1.2723	0.7347
1.1716	0.6818
1.2702	0.7195
1.1757	0.6760
1.2665	0.7005
1.1790	0.6727
1.2654	0.6805
1.1806	0.6705
