#rho	velocity
1.0484	0.8230
1.0718	0.8300
1.0449	0.8335
1.0741	0.8225
1.0409	0.8475
1.0769	0.8125
1.0371	0.8587
1.0799	0.8143
1.0346	0.8690
1.0855	0.8213
1.0331	0.8768
1.0312	0.8810
1.0291	0.8808
1.0274	0.8775
1.0247	0.8702
1.0225	0.8618
1.0198	0.8545
1.0183	0.8443
1.0167	0.8335
1.0161	0.8260
1.0172	0.8207
1.0185	0.8185
1.0201	0.8167
1.0227	0.8150
1.0249	0.8138
1.0294	0.8103
1.0714	0.8895
1.0332	0.8050
1.0688	0.8862
1.0386	0.7987
1.0667	0.8830
1.0447	0.7925
1.0647	0.8787
1.0521	0.7835
1.0636	0.8742
1.0611	0.7735
1.0628	0.8695
1.0703	0.7635
1.0626	0.8610
1.0821	0.7558
1.0642	0.8570
1.0869	0.7500
1.0658	0.8457
1.0927	0.7467
1.0672	0.8425
1.0985	0.7447
1.0683	0.8380
1.1056	0.7442
1.0693	0.8363
1.1108	0.7455
1.0710	0.8328
1.1158	0.7498
1.0727	0.8315
1.1201	0.7568
1.0755	0.8270
1.1258	0.7655
1.0789	0.8222
1.1306	0.7708
1.0835	0.8215
1.1349	0.7740
1.0883	0.8175
1.0927	0.8217
1.0957	0.8220
1.0997	0.8230
1.1033	0.8195
1.1066	0.8202
1.1096	0.8170
1.1110	0.8183
1.2202	0.8540
1.1134	0.8208
1.2174	0.8538
1.1159	0.8180
1.2125	0.8612
1.1199	0.8182
1.2092	0.8675
1.1242	0.8130
1.2055	0.8770
1.1292	0.8050
1.2023	0.8835
1.1355	0.7967
1.2011	0.8835
1.1421	0.7902
1.2007	0.8827
1.1498	0.7813
1.2011	0.8755
1.1567	0.7725
1.2035	0.8628
1.1623	0.7637
1.2042	0.8435
1.1664	0.7565
1.2058	0.8248
1.1680	0.7510
1.2077	0.7990
1.1701	0.7438
1.2104	0.7762
1.1708	0.7395
1.2132	0.7595
1.1707	0.7375
1.2148	0.7493
1.1705	0.7375
1.2171	0.7477
1.1701	0.7428
1.2182	0.7475
1.1692	0.7522
1.2182	0.7553
1.1685	0.7653
1.2187	0.7667
1.2171	0.7745
1.2152	0.7787
1.2130	0.7870
1.2123	0.7900
1.2112	0.7942
1.2098	0.7930
1.2087	0.7848
1.1693	0.8270
1.2077	0.7700
1.1713	0.8250
1.2077	0.7555
1.1727	0.8277
1.2069	0.7410
1.1770	0.8295
1.2067	0.7327
1.1827	0.8290
1.2053	0.7338
1.1884	0.8335
1.2057	0.7355
1.1939	0.8432
1.2045	0.7442
1.1980	0.8555
1.2055	0.7540
1.2013	0.8675
1.2061	0.7673
1.2027	0.8742
1.2069	0.7897
1.2024	0.8768
1.2088	0.8115
1.2008	0.8785
1.2129	0.8265
1.1974	0.8785
1.2182	0.8375
1.1930	0.8745
1.2238	0.8445
1.1874	0.8692
1.2281	0.8432
1.1830	0.8580
1.2326	0.8410
1.1801	0.8348
1.2361	0.8295
1.1795	0.8103
1.2402	0.8075
1.1817	0.7837
1.2418	0.7837
1.1840	0.7650
1.2427	0.7563
1.1863	0.7442
1.2424	0.7368
1.1918	0.7300
1.1987	0.7170
1.2056	0.7070
1.2136	0.7007
1.2159	0.9085
1.2203	0.6930
1.2200	0.9023
1.2272	0.6882
1.2217	0.8995
1.2343	0.6850
1.2228	0.8970
1.2396	0.6857
1.2213	0.8908
1.2434	0.6860
1.2209	0.8850
1.2460	0.6898
1.2210	0.8768
1.2463	0.6912
1.2220	0.8692
1.2456	0.6893
1.2220	0.8647
1.2445	0.6912
1.2194	0.8592
1.2439	0.6868
1.2177	0.8505
1.2451	0.6912
1.2180	0.8427
1.2460	0.6955
1.2194	0.8335
1.2505	0.7005
1.2204	0.8263
1.2555	0.7048
1.2243	0.8165
1.2596	0.7145
1.2238	0.8085
1.2638	0.7250
1.2244	0.8013
1.2673	0.7318
1.2244	0.7943
1.2692	0.7437
1.2242	0.7855
1.2703	0.7540
1.2282	0.7840
1.2708	0.7685
1.2269	0.7860
1.2713	0.7763
1.2277	0.7903
1.2720	0.7898
1.2287	0.7930
1.2299	0.7997
1.2300	0.8105
1.2316	0.8213
1.2326	0.8282
1.2352	0.8295
1.2393	0.8338
1.1209	0.8982
1.2449	0.8320
1.1159	0.8980
1.2499	0.8287
1.1122	0.8918
1.2570	0.8232
1.1104	0.8838
1.2623	0.8132
1.1088	0.8642
1.2645	0.7978
1.1086	0.8420
1.2661	0.7790
1.1101	0.8210
1.2657	0.7573
1.1120	0.7975
1.2651	0.7405
1.1154	0.7760
1.2640	0.7228
1.1186	0.7625
1.2614	0.7077
1.1223	0.7568
1.2602	0.6930
1.1258	0.7480
1.2566	0.6780
1.1285	0.7458
1.2534	0.6623
1.1324	0.7472
1.2486	0.6575
1.1355	0.7573
1.2412	0.6522
1.1397	0.7667
1.2385	0.6495
1.1436	0.7743
1.2315	0.6472
1.1490	0.7828
1.2244	0.6440
1.1538	0.7948
1.2203	0.6470
1.1589	0.8025
1.1649	0.8065
1.1708	0.8072
1.1772	0.8093
1.1826	0.8040
1.1887	0.7980
1.1631	0.7937
1.1939	0.7945
1.1653	0.7768
1.1997	0.7927
1.1667	0.7567
1.2035	0.7935
1.1706	0.7415
1.2071	0.7890
1.1741	0.7255
1.2095	0.7930
1.1775	0.7223
1.2096	0.7957
1.1803	0.7178
1.2098	0.8045
1.1803	0.7265
1.2082	0.8067
1.1808	0.7365
1.2071	0.8135
1.1790	0.7470
1.2047	0.8140
1.1767	0.7605
1.2024	0.8148
1.1741	0.7722
1.1976	0.8167
1.1719	0.7838
1.1950	0.8105
1.1719	0.7880
1.1913	0.8072
1.1716	0.7925
1.1888	0.8003
1.1708	0.7847
1.1860	0.7915
1.1704	0.7827
1.1816	0.7835
1.1719	0.7735
1.1779	0.7790
1.1719	0.7620
1.1745	0.7770
1.1731	0.7537
1.1719	0.7808
1.1751	0.7480
1.1758	0.7467
1.1754	0.7458
1.1747	0.7530
1.2932	0.7790
1.1736	0.7612
1.2943	0.7737
1.1721	0.7745
1.2952	0.7695
1.1692	0.7882
1.2956	0.7787
1.1652	0.8003
1.2952	0.7840
1.1610	0.8078
1.2942	0.7905
1.1580	0.8095
1.2950	0.7952
1.1559	0.8093
1.2936	0.7980
1.1523	0.8055
1.2943	0.7905
1.1518	0.8010
1.2984	0.7917
1.1517	0.7968
1.3016	0.7917
1.1526	0.7945
1.3077	0.7830
1.1547	0.7952
1.3122	0.7787
1.1561	0.7988
1.3154	0.7627
1.1540	0.8013
1.3168	0.7467
1.1560	0.8140
1.3164	0.7335
1.1585	0.8312
1.3136	0.7270
1.1596	0.8517
1.3096	0.7187
1.1629	0.8768
1.3054	0.7285
1.1648	0.9035
1.3001	0.7275
1.1671	0.9205
1.2942	0.7300
1.1698	0.9355
1.4232	0.7827
1.2881	0.7378
1.1762	0.9435
1.4288	0.7825
1.2803	0.7418
1.4298	0.7870
1.2732	0.7500
1.4320	0.7905
1.2690	0.7575
1.4322	0.7935
1.2636	0.7670
1.4314	0.7950
1.2604	0.7630
1.4248	0.7953
1.2573	0.7717
1.4259	0.7947
1.2551	0.7735
1.4298	0.7895
1.2542	0.7795
1.4335	0.7885
1.2521	0.7805
1.4350	0.7877
1.2501	0.7842
1.4373	0.7923
1.2488	0.7867
1.4412	0.7907
1.2474	0.7953
1.4416	0.7958
1.2446	0.7992
1.4400	0.7997
1.2415	0.7987
1.4363	0.7993
1.2408	0.8025
1.4335	0.7985
1.2409	0.8033
1.4315	0.7967
1.2400	0.8022
1.4342	0.7915
1.2412	0.7985
1.4351	0.7898
1.2434	0.8003
1.4344	0.7848
1.2442	0.7945
1.4361	0.7770
1.2450	0.7940
1.4377	0.7758
1.2472	0.7882
1.4390	0.7732
1.2496	0.7905
1.4388	0.7703
1.2515	0.7952
1.4424	0.7745
1.2548	0.8008
1.4449	0.7790
1.2578	0.8093
1.4474	0.7840
1.2606	0.8250
1.4525	0.7972
1.4518	0.8030
1.2256	0.7872
1.4494	0.8110
1.2247	0.7680
1.4445	0.8182
1.2229	0.7510
1.4377	0.8245
1.2222	0.7278
1.4300	0.8245
1.2222	0.7173
1.4220	0.8267
1.2226	0.7142
1.4144	0.8250
1.2232	0.7115
1.4068	0.8237
1.2238	0.7070
1.4019	0.8227
1.2268	0.7122
1.3989	0.8180
1.2289	0.7227
1.3974	0.8175
1.2313	0.7362
1.3969	0.8113
1.2345	0.7455
1.3967	0.8065
1.2392	0.7460
1.3962	0.7993
1.2407	0.7455
1.3965	0.7942
1.2415	0.7453
1.3998	0.7903
1.2413	0.7438
1.4033	0.7847
1.2418	0.7435
1.4046	0.7800
1.2417	0.7450
1.4053	0.7758
1.2408	0.7375
1.4056	0.7685
1.2386	0.7280
1.4065	0.7595
1.2375	0.7165
1.4056	0.7510
1.2360	0.7140
1.4046	0.7455
1.2364	0.7120
1.4051	0.7415
1.2349	0.7097
1.3977	0.7437
1.2327	0.7075
1.3928	0.7427
1.2322	0.7037
1.1529	0.6657
1.2302	0.7010
1.1567	0.6480
1.2293	0.7000
1.1606	0.6342
1.2256	0.7047
1.1641	0.6270
1.2226	0.7027
1.1667	0.6122
1.2163	0.6993
1.1692	0.6005
1.2098	0.6910
1.1727	0.5880
1.2023	0.6870
1.1762	0.5832
1.1943	0.6810
1.1812	0.5738
1.1871	0.6753
1.1864	0.5827
1.1795	0.6732
1.1925	0.5830
1.1716	0.6683
1.1977	0.5905
1.1648	0.6685
1.2023	0.6038
1.1598	0.6655
1.2050	0.6155
1.1531	0.6700
1.2050	0.6298
1.1494	0.6805
1.2040	0.6433
1.1451	0.6925
1.2005	0.6493
1.1419	0.7127
1.1970	0.6483
1.1396	0.7317
1.1913	0.6530
1.1377	0.7547
1.1849	0.6495
1.1358	0.7688
1.1781	0.6512
1.1338	0.7862
1.1695	0.6500
1.1301	0.7915
1.1615	0.6483
1.1521	0.6417
1.1447	0.6440
1.3790	0.5535
1.1367	0.6450
1.3888	0.5655
1.1305	0.6552
1.4005	0.5835
1.1233	0.6688
1.4150	0.6002
1.1179	0.6875
1.4219	0.6180
1.1140	0.7010
1.4287	0.6360
1.1104	0.7203
1.4304	0.6485
1.1081	0.7345
1.4279	0.6590
1.1062	0.7502
1.4194	0.6698
1.1043	0.7675
1.4104	0.6685
1.1048	0.7770
1.3988	0.6715
1.1045	0.7880
1.3832	0.6720
1.1034	0.7880
1.3695	0.6727
1.1020	0.7887
1.3557	0.6738
1.0995	0.7832
1.3449	0.6747
1.0972	0.7670
1.3362	0.6775
1.0947	0.7530
1.3304	0.6863
1.0929	0.7433
1.3241	0.6982
1.0916	0.7308
1.3180	0.7150
1.0924	0.7173
1.3170	0.7372
1.0940	0.7177
1.3137	0.7553
1.0960	0.7137
1.3095	0.7775
1.0988	0.7165
1.5590	0.6130
1.3057	0.7892
1.1030	0.7213
1.5501	0.6195
1.3040	0.8045
1.1062	0.7245
1.5398	0.6272
1.2972	0.8080
1.5323	0.6295
1.2935	0.8065
1.5217	0.6370
1.2907	0.7998
1.5162	0.6413
1.2872	0.7870
1.5043	0.6470
1.2825	0.7690
1.4989	0.6545
1.2778	0.7485
1.4952	0.6575
1.2706	0.7293
1.4925	0.6582
1.2641	0.7085
1.4928	0.6540
1.2591	0.6948
1.4944	0.6575
1.2564	0.6773
1.4954	0.6560
1.2503	0.6678
1.4948	0.6582
1.2484	0.6640
1.4898	0.6550
1.2450	0.6677
1.4846	0.6530
1.2429	0.6777
1.4857	0.6512
1.2422	0.6853
1.4836	0.6453
1.2389	0.7005
1.4812	0.6430
1.2343	0.7130
1.4791	0.6365
1.2302	0.7248
1.4769	0.6378
1.2241	0.7362
1.4851	0.6272
1.2150	0.7470
1.4801	0.6217
1.2082	0.7570
1.4755	0.6293
1.2011	0.7652
1.4703	0.6383
1.1947	0.7680
1.4638	0.6488
1.1850	0.7662
1.4593	0.6540
1.1766	0.7735
1.4521	0.6687
1.1701	0.7733
1.4507	0.6807
1.1658	0.7780
1.4439	0.6987
1.1637	0.7800
1.4388	0.7112
1.1623	0.7840
1.4297	0.7283
1.1601	0.7900
1.4379	0.5560
1.4226	0.7410
1.1612	0.7987
1.4309	0.5158
1.4142	0.7445
1.4238	0.5272
1.3988	0.7440
1.4184	0.5023
1.3860	0.7510
1.4159	0.5007
1.3676	0.7530
1.4146	0.4940
1.3565	0.7478
1.4143	0.5035
1.3385	0.7415
1.4150	0.5200
1.3336	0.7312
1.4138	0.5250
1.3167	0.7308
1.4151	0.5445
1.3094	0.7287
1.4169	0.5672
1.3015	0.7265
1.4183	0.6093
1.3033	0.7205
1.4197	0.6025
1.3014	0.7160
1.4171	0.6315
1.2999	0.7038
1.4160	0.6475
1.2991	0.6937
1.4147	0.6612
1.3076	0.6795
1.4140	0.6595
1.3136	0.6667
1.4124	0.6775
1.3160	0.6545
1.4107	0.6955
1.3180	0.6410
1.4107	0.7105
1.3217	0.6365
1.4131	0.7022
1.3236	0.6410
1.4154	0.6930
1.3255	0.6415
1.4175	0.6935
1.3283	0.6425
1.4167	0.6617
1.3298	0.6470
1.4139	0.6532
1.3291	0.6540
1.4084	0.6378
1.3267	0.6695
1.4060	0.6195
1.3244	0.6903
1.4027	0.5910
1.3183	0.7095
1.3983	0.5497
1.3007	0.7292
1.3944	0.5205
1.2918	0.7465
1.3901	0.4840
1.2801	0.7608
1.2774	0.5875
1.3834	0.4568
1.2839	0.5852
1.3773	0.4385
1.2944	0.5817
1.3672	0.4587
1.3015	0.5787
1.3567	0.4530
1.3101	0.5745
1.3445	0.4620
1.3159	0.5717
1.3353	0.4875
1.3148	0.5710
1.3242	0.5060
1.3176	0.5745
1.3170	0.5400
1.3161	0.5808
1.3125	0.5700
1.3130	0.5922
1.3045	0.6030
1.3064	0.6045
1.3007	0.6343
1.3017	0.6193
1.2966	0.6523
1.2976	0.6348
1.2930	0.6680
1.2927	0.6460
1.2883	0.6760
1.2874	0.6550
1.2867	0.6795
1.2820	0.6612
1.2897	0.6650
1.2784	0.6640
1.2876	0.6535
1.2733	0.6643
1.2885	0.6385
1.2711	0.6627
1.2863	0.6152
1.2662	0.6562
1.2849	0.5977
1.2632	0.6477
1.2812	0.5855
1.2601	0.6327
1.2778	0.5793
1.2592	0.6190
1.2755	0.5713
1.2603	0.6080
1.2722	0.5688
1.2600	0.5993
1.2682	0.5722
1.2587	0.5960
1.2660	0.5852
1.2549	0.5950
1.2606	0.6040
1.2513	0.5965
1.2553	0.6302
1.2480	0.5985
1.2502	0.6612
1.2431	0.6023
1.2908	0.5470
1.2380	0.6070
1.2903	0.5643
1.2364	0.6190
1.2861	0.5800
1.2295	0.6270
1.2825	0.5922
1.2233	0.6298
1.2763	0.6072
1.2160	0.6295
1.2698	0.6158
1.2083	0.6243
1.2633	0.6150
1.2061	0.6185
1.2569	0.6182
1.2003	0.6095
1.2511	0.6270
1.1958	0.5970
1.2476	0.6360
1.1947	0.5843
1.2425	0.6405
1.1901	0.5702
1.2375	0.6322
1.1879	0.5530
1.2327	0.6212
1.1798	0.5428
1.2308	0.6125
1.1776	0.5393
1.2284	0.6020
1.1712	0.5427
1.2277	0.5935
1.1653	0.5510
1.2253	0.5805
1.1545	0.5633
1.2243	0.5838
1.1467	0.5800
1.2219	0.5768
1.1357	0.6008
1.2188	0.5773
1.1283	0.6225
1.2144	0.5805
1.1197	0.6475
1.2085	0.5888
1.1075	0.6715
1.2015	0.5980
1.0994	0.6898
1.1941	0.6023
1.0933	0.7018
1.1872	0.6085
1.0847	0.7060
1.1782	0.6090
1.0779	0.7025
1.1705	0.6120
1.1641	0.6105
1.5075	0.5532
1.1599	0.6115
1.4969	0.5763
1.1578	0.6078
1.4891	0.6010
1.1571	0.6007
1.4815	0.6180
1.1582	0.5950
1.4739	0.6365
1.1614	0.5870
1.4671	0.6495
1.1664	0.5840
1.4636	0.6580
1.1721	0.5780
1.4604	0.6637
1.1768	0.5785
1.4580	0.6670
1.1802	0.5852
1.4552	0.6620
1.1843	0.5917
1.4540	0.6545
1.1869	0.5972
1.4521	0.6420
1.1887	0.6055
1.4511	0.6327
1.1891	0.6193
1.4476	0.6325
1.1890	0.6338
1.4440	0.6290
1.1865	0.6473
1.4410	0.6300
1.1836	0.6620
1.4387	0.6272
1.1793	0.6710
1.4373	0.6268
1.1739	0.6787
1.4356	0.6303
1.1691	0.6780
1.4327	0.6330
1.1648	0.6768
1.4283	0.6430
1.1609	0.6725
1.4247	0.6500
1.1563	0.6687
1.4211	0.6560
1.1535	0.6605
1.4192	0.6540
1.1531	0.6525
1.4168	0.6507
1.1521	0.6475
1.4154	0.6477
1.1540	0.6417
1.4144	0.6448
1.1554	0.6432
1.4136	0.6465
1.1546	0.6443
1.4115	0.6387
1.1551	0.6525
1.4089	0.6405
1.1551	0.6660
1.4071	0.6350
1.1545	0.6800
1.4059	0.6365
1.1523	0.6865
1.4062	0.6425
1.1495	0.6993
1.4557	0.6650
1.4059	0.6527
1.1471	0.7088
1.4518	0.6658
1.4040	0.6625
1.4472	0.6640
1.4030	0.6740
1.4404	0.6588
1.4013	0.6848
1.4340	0.6483
1.3993	0.6925
1.4255	0.6305
1.3943	0.7000
1.4198	0.6110
1.3900	0.7070
1.4092	0.5890
1.3848	0.7050
1.4021	0.5788
1.3789	0.6983
1.3961	0.5642
1.3739	0.6897
1.3896	0.5620
1.3665	0.6765
1.3834	0.5617
1.3607	0.6643
1.3800	0.5635
1.3535	0.6515
1.3781	0.5667
1.3492	0.6402
1.3748	0.5760
1.3444	0.6315
1.3745	0.5893
1.3388	0.6275
1.3753	0.6030
1.3332	0.6185
1.3729	0.6177
1.3300	0.6198
1.3728	0.6312
1.3250	0.6272
1.3736	0.6380
1.3207	0.6323
1.3708	0.6417
1.3192	0.6460
1.3704	0.6410
1.3166	0.6600
1.3696	0.6377
1.3133	0.6700
1.3659	0.6343
1.3130	0.6800
1.3635	0.6300
1.3093	0.6828
1.3584	0.6245
1.3065	0.6885
1.3541	0.6212
1.3039	0.6937
1.3502	0.6223
1.2995	0.6968
1.3473	0.6215
1.2977	0.6968
1.3463	0.6290
1.2962	0.6985
1.3440	0.6383
1.2942	0.6967
1.3432	0.6552
1.2917	0.6968
1.3435	0.6705
1.2905	0.7017
1.3427	0.6853
1.2890	0.7095
1.2621	0.6418
1.3417	0.6945
1.2543	0.6318
1.3412	0.7055
1.2429	0.6207
1.3382	0.7075
1.2351	0.6020
1.3316	0.7037
1.2274	0.5890
1.3261	0.6988
1.2207	0.5738
1.3173	0.6925
1.2136	0.5575
1.3080	0.6795
1.2095	0.5462
1.2979	0.6640
1.2082	0.5408
1.2863	0.6508
1.2079	0.5395
1.2780	0.6370
1.2082	0.5380
1.2682	0.6298
1.2118	0.5417
1.2612	0.6227
1.2146	0.5452
1.2542	0.6237
1.2203	0.5528
1.2475	0.6257
1.2202	0.5617
1.2449	0.6293
1.2215	0.5728
1.2408	0.6330
1.2220	0.5772
1.2378	0.6435
1.2213	0.5847
1.2347	0.6583
1.2192	0.5900
1.2322	0.6710
1.2163	0.5850
1.2304	0.6803
1.2164	0.5932
1.2293	0.6838
1.2163	0.6000
1.2261	0.6875
1.2131	0.5968
1.2236	0.6870
1.2105	0.5998
1.2192	0.6868
1.2082	0.5985
1.2135	0.6837
1.2061	0.5987
1.2093	0.6830
1.2024	0.6085
1.2045	0.6793
1.2025	0.6125
1.1976	0.6715
1.2023	0.6262
1.1945	0.6665
1.2045	0.6410
1.2055	0.6543
1.2082	0.6675
1.2098	0.6965
1.2107	0.7175
1.2081	0.7427
1.2121	0.6155
1.2057	0.7648
1.2030	0.5885
1.2011	0.7695
1.1929	0.5690
1.1952	0.7827
1.1834	0.5553
1.1880	0.7858
1.1735	0.5485
1.1798	0.7880
1.1648	0.5505
1.1705	0.7817
1.1601	0.5582
1.1627	0.7758
1.1543	0.5735
1.1575	0.7580
1.1505	0.5895
1.1542	0.7448
1.1480	0.6063
1.1494	0.7270
1.1477	0.6242
1.1471	0.7140
1.1471	0.6438
1.1450	0.7120
1.1478	0.6523
1.1455	0.7045
1.1476	0.6570
1.1469	0.7058
1.1467	0.6595
1.1462	0.7090
1.1444	0.6523
1.1452	0.7138
1.1420	0.6507
1.1434	0.7188
1.1391	0.6460
1.1397	0.7270
1.1348	0.6428
1.1360	0.7355
1.1309	0.6475
1.1310	0.7415
1.1272	0.6545
1.1258	0.7455
1.1228	0.6617
1.1191	0.6770
1.1145	0.6930
1.1109	0.7145
1.1069	0.7390
1.1050	0.7510
1.1028	0.7612
1.1008	0.7655
1.1016	0.7658
1.1008	0.7608
1.1020	0.7535
1.1031	0.7393
1.1036	0.7243
1.1036	0.7077
1.1025	0.6903
1.1009	0.6817
1.0955	0.6840
1.0921	0.6843
1.0886	0.6890
1.0862	0.6970
1.0855	0.7070
1.0180	0.7487
1.0807	0.7137
1.0163	0.7597
1.0820	0.7295
1.0143	0.7682
1.0820	0.7320
1.0119	0.7762
1.0814	0.7403
1.0105	0.7845
1.0819	0.7332
1.0102	0.7887
1.0824	0.7260
1.0080	0.7895
1.0828	0.7232
1.0088	0.7867
1.0077	0.7812
1.0102	0.7762
1.0105	0.7698
1.0108	0.7627
1.0114	0.7567
1.0095	0.7522
1.0080	0.7470
1.0083	0.7467
1.0067	0.7498
1.0052	0.7553
1.0036	0.7653
1.0010	0.7735
1.0005	0.7817
0.9985	0.7873
0.9976	0.7908
1.1211	0.8180
0.9970	0.7900
1.1153	0.8190
0.9958	0.7865
1.1108	0.8205
0.9959	0.7808
1.1069	0.8187
0.9962	0.7740
1.1041	0.8155
0.9974	0.7660
1.1024	0.8095
0.9993	0.7577
1.1014	0.8045
1.0012	0.7497
1.1025	0.7988
1.0023	0.7450
1.1038	0.7950
1.0028	0.7430
1.1060	0.7925
1.0024	0.7440
1.1069	0.7937
1.0012	0.7507
1.1064	0.7960
1.0000	0.7610
1.1052	0.7982
1.0004	0.7725
1.1034	0.8000
1.0005	0.7822
1.1009	0.8030
1.0966	0.8075
1.0919	0.8127
1.0864	0.8130
1.0818	0.8167
1.0792	0.8203
1.0778	0.8220
1.0777	0.8265
1.0797	0.8285
1.0821	0.8320
1.0860	0.8367
1.0905	0.8398
1.0944	0.8443
1.0970	0.8518
1.2580	0.9035
1.0994	0.8550
1.2559	0.8868
1.1003	0.8558
1.2549	0.8685
1.0999	0.8572
1.2527	0.8562
1.0985	0.8582
1.2512	0.8450
1.0972	0.8577
1.2487	0.8420
1.0952	0.8565
1.2447	0.8433
1.0909	0.8545
1.2423	0.8465
1.0864	0.8537
1.2394	0.8530
1.0825	0.8500
1.2362	0.8525
1.0795	0.8477
1.2324	0.8458
1.0787	0.8443
1.2290	0.8510
1.0790	0.8467
1.2259	0.8535
1.0801	0.8483
1.2236	0.8530
1.2211	0.8542
1.2198	0.8483
1.2171	0.8422
1.2151	0.8367
1.2095	0.8297
1.2057	0.8275
1.2024	0.8315
1.1977	0.8317
1.1941	0.8365
1.1919	0.8417
1.1915	0.8393
1.1962	0.8768
1.1915	0.8272
1.1936	0.8870
1.1906	0.8075
1.1891	0.8950
1.1903	0.7858
1.1849	0.8935
1.1890	0.7722
1.1809	0.8893
1.1880	0.7558
1.1788	0.8783
1.1871	0.7425
1.1797	0.8745
1.1858	0.7275
1.1815	0.8655
1.1855	0.7067
1.1815	0.8560
1.1842	0.6885
1.1826	0.8445
1.1829	0.6782
1.1832	0.8327
1.1815	0.6790
1.1841	0.8215
1.1822	0.6935
1.1874	0.8065
1.1827	0.7120
1.1916	0.8022
1.1827	0.7265
1.1955	0.8027
1.1823	0.7527
1.2021	0.8130
1.1817	0.7755
1.2067	0.8165
1.1794	0.7963
1.2115	0.8203
1.1772	0.8127
1.2158	0.8243
1.1756	0.8220
1.2177	0.8345
1.2179	0.8440
1.2179	0.8522
1.2940	0.8495
1.2179	0.8722
1.2856	0.8287
1.2186	0.8922
1.2782	0.8100
1.2194	0.9073
1.2728	0.7980
1.2199	0.9173
1.2684	0.7950
1.2207	0.9260
1.2633	0.7988
1.2212	0.9290
1.2573	0.8085
1.2223	0.9380
1.2523	0.8242
1.2256	0.9388
1.2482	0.8425
1.2269	0.9295
1.2437	0.8625
1.2302	0.9185
1.2439	0.8807
1.2320	0.8895
1.2426	0.8880
1.2327	0.8450
1.2433	0.8980
1.2335	0.8005
1.2454	0.9123
1.2333	0.7512
1.2495	0.9110
1.2338	0.7065
1.2549	0.9027
1.2321	0.6687
1.2629	0.8840
1.2293	0.6340
1.2710	0.8625
1.2279	0.5993
1.2780	0.8392
1.2288	0.5812
1.2853	0.8108
1.2273	0.5685
1.2930	0.7873
1.2267	0.5710
1.2991	0.7700
1.2242	0.5815
1.3053	0.7495
1.2226	0.5937
1.3111	0.7245
1.2209	0.6173
1.3162	0.7115
1.3195	0.7007
1.2919	0.7767
1.3229	0.6967
1.2966	0.7820
1.3277	0.6907
1.2999	0.7845
1.3293	0.6873
1.3006	0.7855
1.3305	0.6853
1.3017	0.7840
1.3288	0.6822
1.3018	0.7833
1.3308	0.6772
1.3016	0.7780
1.3271	0.6700
1.3012	0.7735
1.3247	0.6615
1.3010	0.7692
1.3214	0.6548
1.3020	0.7720
1.3181	0.6450
1.3045	0.7660
1.3133	0.6335
1.3087	0.7720
1.3066	0.6255
1.3128	0.7725
1.2994	0.6175
1.3173	0.7787
1.2902	0.6170
1.3259	0.7885
1.2841	0.6185
1.3356	0.7920
1.2820	0.6250
1.3447	0.7967
1.2794	0.6337
1.3551	0.7997
1.2772	0.6470
1.3613	0.8032
1.2789	0.6542
1.3653	0.7972
1.2823	0.6695
1.3694	0.7915
1.2819	0.6895
1.3711	0.7760
1.2835	0.7030
1.3697	0.7617
1.2875	0.7212
1.3705	0.7422
1.2927	0.7345
1.3700	0.7222
1.2951	0.7460
1.3691	0.7100
1.3714	0.6965
1.3717	0.6845
1.3732	0.6695
1.3737	0.6585
1.1505	0.7990
1.3766	0.6575
1.1549	0.7900
1.3786	0.6575
1.1586	0.7772
1.3808	0.6572
1.1616	0.7558
1.3825	0.6605
1.1644	0.7380
1.3834	0.6650
1.1649	0.7145
1.3840	0.6668
1.1639	0.6965
1.3851	0.6672
1.1650	0.6792
1.3848	0.6715
1.1658	0.6690
1.3834	0.6765
1.1660	0.6630
1.3813	0.6760
1.1688	0.6648
1.3780	0.6688
1.1695	0.6715
1.3754	0.6615
1.1703	0.6820
1.3733	0.6555
1.1752	0.6990
1.3706	0.6500
1.1784	0.7132
1.3683	0.6405
1.1834	0.7238
1.3658	0.6317
1.1879	0.7273
1.3658	0.6293
1.1923	0.7320
1.3659	0.6275
1.1967	0.7308
1.3685	0.6278
1.3528	0.7585
1.2007	0.7245
1.3707	0.6350
1.3560	0.8957
1.2051	0.7145
1.3705	0.6457
1.3600	0.9015
1.2073	0.7025
1.3706	0.6587
1.3654	0.9022
1.2090	0.6905
1.3705	0.6683
1.3728	0.9047
1.2120	0.6793
1.3701	0.6793
1.3808	0.8992
1.2137	0.6680
1.3675	0.6898
1.3875	0.9125
1.2578	0.6635
1.3643	0.6955
1.3904	0.9135
1.2606	0.6648
1.3934	0.9165
1.2628	0.6662
1.3930	0.9120
1.2650	0.6715
1.3930	0.9130
1.2643	0.6807
1.3909	0.7600
1.2716	0.6905
1.3882	0.7435
1.2728	0.6998
1.3846	0.7350
1.2748	0.7060
1.3821	0.7293
1.2780	0.7038
1.3789	0.7247
1.2804	0.7022
1.3749	0.7033
1.2809	0.6938
1.3722	0.7063
1.2804	0.6782
1.3710	0.6983
1.2804	0.6602
1.3717	0.7047
1.2824	0.6423
1.3734	0.7157
1.2802	0.6275
1.3771	0.7210
1.2771	0.6135
1.3816	0.7363
1.2773	0.6025
1.3879	0.7453
1.2742	0.5955
1.3940	0.7375
1.2732	0.5975
1.3976	0.7468
1.2721	0.6048
1.4034	0.7508
1.2656	0.6232
1.4078	0.7427
1.2619	0.6468
1.4125	0.7432
1.2583	0.6750
1.4175	0.7368
1.2513	0.7003
1.4208	0.7165
1.2488	0.7200
1.3011	0.7583
1.4212	0.7160
1.3050	0.7530
1.4214	0.7057
1.3085	0.7397
1.4198	0.6882
1.3105	0.7235
1.4175	0.7005
1.3130	0.7070
1.4152	0.7012
1.3173	0.6895
1.4109	0.6985
1.3737	0.6710
1.4088	0.6978
1.3805	0.6540
1.4044	0.6915
1.3806	0.6390
1.4032	0.6787
1.3809	0.6295
1.4015	0.6772
1.3837	0.6225
1.4003	0.6793
1.3860	0.6212
1.3980	0.6682
1.3897	0.6223
1.3952	0.6758
1.3946	0.6190
1.3917	0.6650
1.3973	0.6228
1.3889	0.6645
1.3988	0.6288
1.3830	0.6737
1.4052	0.6342
1.3807	0.6862
1.4085	0.6390
1.3751	0.6990
1.4141	0.6485
1.3695	0.7188
1.4128	0.6523
1.3658	0.7327
1.4116	0.6615
1.3640	0.7427
1.4057	0.6623
1.3623	0.7597
1.4002	0.6665
1.3617	0.7717
1.3926	0.6720
1.3645	0.7895
1.3853	0.6715
1.3672	0.7880
1.3758	0.6720
1.3712	0.7843
1.2649	0.5935
1.3677	0.6708
1.3754	0.7885
1.2651	0.5915
1.3612	0.6685
1.3806	0.7895
1.2635	0.5945
1.3504	0.6640
1.3846	0.7820
1.2623	0.5922
1.3450	0.6630
1.3886	0.7835
1.2598	0.5958
1.3399	0.6607
1.2595	0.6015
1.3326	0.6607
1.2553	0.5943
1.3266	0.6630
1.2539	0.5970
1.3235	0.6677
1.2524	0.6002
1.3156	0.6738
1.2514	0.5952
1.3102	0.6808
1.2484	0.5897
1.3054	0.6910
1.2449	0.5860
1.2974	0.7043
1.2412	0.5782
1.2908	0.7212
1.2368	0.5760
1.2861	0.7378
1.2330	0.5680
1.2802	0.7512
1.2270	0.5633
1.2749	0.7620
1.2236	0.5702
1.2666	0.7683
1.2168	0.5750
1.2583	0.7725
1.2118	0.5783
1.2481	0.7748
1.2055	0.5813
1.2384	0.7730
1.2016	0.5920
1.2328	0.7680
1.1976	0.6043
1.2281	0.7652
1.1942	0.6083
1.2245	0.7563
1.1903	0.6188
1.2238	0.7505
1.1872	0.6310
1.2178	0.7435
1.1843	0.6287
1.2157	0.7447
1.1811	0.6235
1.2130	0.7450
1.1776	0.6180
1.2054	0.7488
1.1731	0.6123
1.1690	0.6150
1.1632	0.6025
1.2848	0.5830
1.1587	0.5967
1.2968	0.5802
1.1529	0.6002
1.3084	0.5817
1.1466	0.5975
1.3174	0.5880
1.1411	0.6035
1.3255	0.5972
1.1347	0.6125
1.3293	0.6053
1.1305	0.6327
1.3336	0.6170
1.1255	0.6445
1.3363	0.6275
1.1218	0.6677
1.3354	0.6337
1.1191	0.6840
1.3365	0.6407
1.1168	0.7062
1.3324	0.6455
1.1141	0.7255
1.3303	0.6502
1.1116	0.7467
1.3242	0.6505
1.1090	0.7575
1.3185	0.6488
1.1052	0.7615
1.3121	0.6385
1.1006	0.7720
1.3062	0.6327
1.0951	0.7705
1.2992	0.6238
1.0893	0.7700
1.2969	0.6165
1.0835	0.7573
1.2927	0.6155
1.0782	0.7488
1.2906	0.6193
1.0722	0.7408
1.2874	0.6215
1.0682	0.7275
1.2845	0.6260
1.2825	0.6285
1.2802	0.6338
1.2775	0.6465
1.2750	0.6540
1.2725	0.6657
1.2684	0.6717
1.2668	0.6777
1.2645	0.6765
1.3205	0.6860
1.2615	0.6785
1.3178	0.7135
1.2590	0.6755
1.3166	0.7378
1.2604	0.6753
1.3139	0.7567
1.2604	0.6717
1.3120	0.7750
1.2614	0.6688
1.3086	0.7837
1.2612	0.6677
1.3061	0.7835
1.2658	0.6662
1.3035	0.7755
1.2692	0.6735
1.3030	0.7552
1.2710	0.6810
1.3037	0.7315
1.2745	0.6967
1.3051	0.7060
1.2745	0.7072
1.3054	0.6743
1.2722	0.7283
1.3034	0.6482
1.2688	0.7497
1.2995	0.6210
1.2617	0.7700
1.2933	0.5995
1.2516	0.7825
1.2885	0.5852
1.2416	0.7965
1.2826	0.5835
1.2327	0.8088
1.2773	0.5865
1.2230	0.8122
1.2730	0.6025
1.2146	0.8123
1.2709	0.6217
1.2037	0.8155
1.2678	0.6420
1.1970	0.8130
1.2639	0.6622
1.1910	0.8065
1.2602	0.6825
1.1884	0.7990
1.2560	0.7017
1.1886	0.7922
1.3506	0.6380
1.2488	0.7177
1.3520	0.6240
1.2445	0.7212
1.3515	0.6145
1.2393	0.7150
1.3442	0.6118
1.2346	0.7078
1.3384	0.6143
1.2291	0.6925
1.3285	0.6195
1.2214	0.6770
1.3215	0.6268
1.2158	0.6628
1.3160	0.6337
1.2109	0.6443
1.3088	0.6403
1.2082	0.6307
1.3023	0.6488
1.2048	0.6160
1.2958	0.6573
1.2037	0.6083
1.2892	0.6638
1.2029	0.6110
1.2828	0.6648
1.2029	0.6240
1.2770	0.6627
1.2037	0.6382
1.2746	0.6577
1.2035	0.6590
1.2689	0.6515
1.2057	0.6827
1.2637	0.6452
1.2045	0.7038
1.2594	0.6390
1.2013	0.7292
1.2555	0.6335
1.1995	0.7440
1.2497	0.6300
1.1972	0.7620
1.2464	0.6300
1.1947	0.7645
1.2454	0.6345
1.1912	0.7630
1.2436	0.6448
1.1876	0.7580
1.2434	0.6557
1.1801	0.7493
1.2432	0.6680
1.1765	0.7392
1.2456	0.6807
1.1714	0.7263
1.2499	0.6943
1.1671	0.7165
1.2552	0.7072
1.1616	0.7058
1.2611	0.7170
1.1594	0.6998
1.2657	0.7253
1.1551	0.6965
1.2697	0.7315
1.2706	0.7358
1.2698	0.7352
1.3303	0.6860
1.2670	0.7325
1.3262	0.6570
1.2640	0.7258
1.3207	0.6307
1.2590	0.7178
1.3151	0.6145
1.2533	0.7105
1.3099	0.5980
1.2459	0.7085
1.3034	0.5865
1.2381	0.7115
1.3000	0.5697
1.2280	0.7157
1.2947	0.5635
1.2182	0.7205
1.2895	0.5488
1.2088	0.7278
1.2850	0.5447
1.1997	0.7393
1.2798	0.5425
1.1924	0.7543
1.2748	0.5530
1.1834	0.7730
1.2710	0.5673
1.1776	0.7880
1.2676	0.5782
1.1703	0.7988
1.2632	0.5990
1.1658	0.8058
1.2602	0.6175
1.1616	0.8095
1.2587	0.6465
1.1598	0.8072
1.2583	0.6600
1.1593	0.8025
1.2575	0.6790
1.1590	0.7917
1.2553	0.6877
1.1604	0.7787
1.2541	0.6993
1.1615	0.7640
1.2510	0.6998
1.1635	0.7515
1.2482	0.7035
1.1633	0.7450
1.2448	0.7057
1.1633	0.7422
1.2413	0.7088
1.2353	0.7057
1.2283	0.7043
1.2208	0.7078
1.2140	0.7107
1.2075	0.7208
1.2027	0.7293
1.1967	0.7427
1.1937	0.7465
1.1929	0.7512
1.1930	0.7492
1.1950	0.7558
1.1963	0.7527
1.1980	0.7498
1.1016	0.7298
1.1991	0.7465
1.0956	0.7283
1.1999	0.7372
1.0894	0.7177
1.2008	0.7250
1.0845	0.7090
1.2011	0.7137
1.0811	0.7037
1.1993	0.7050
1.0783	0.6995
1.1967	0.7032
1.0772	0.7032
1.1934	0.7025
1.0775	0.7095
1.1885	0.7055
1.1249	0.7190
1.1832	0.7182
1.1249	0.7360
1.1783	0.7315
1.1248	0.7588
1.1726	0.7465
1.1243	0.7817
1.1688	0.7638
1.1221	0.8103
1.1676	0.7822
1.1186	0.8400
1.1674	0.7945
1.1144	0.8577
1.1681	0.8108
1.1106	0.8737
1.1710	0.8163
1.1063	0.8805
1.1017	0.8777
1.0997	0.8708
1.0961	0.8553
1.0919	0.8300
1.0883	0.8050
1.0843	0.7777
1.0831	0.7510
1.1667	0.6920
1.0815	0.7327
1.1631	0.6965
1.0787	0.7183
1.1609	0.6995
1.0781	0.7100
1.1592	0.7002
1.0791	0.7103
1.1542	0.7013
1.0790	0.7157
1.1522	0.6960
1.0765	0.7260
1.1487	0.7098
1.0736	0.7428
1.1469	0.7095
1.0731	0.7550
1.1435	0.7115
1.0723	0.7660
1.1397	0.7110
1.0720	0.7725
1.1355	0.7215
1.0691	0.7785
1.1319	0.7275
1.0703	0.7760
1.1295	0.7345
1.0729	0.7722
1.1255	0.7420
1.0738	0.7615
1.1242	0.7507
1.0741	0.7445
1.1212	0.7655
1.0752	0.7242
1.1208	0.7772
1.0768	0.7025
1.1183	0.7787
1.0806	0.6867
1.1155	0.7797
1.0814	0.6723
1.1150	0.7830
1.0796	0.6645
1.1145	0.7797
1.1172	0.7832
1.1184	0.7835
1.1179	0.7773
1.1200	0.7712
1.1220	0.7645
1.3586	0.7428
1.1218	0.7428
1.3543	0.7462
1.1228	0.7430
1.3528	0.7585
1.1228	0.7388
1.3454	0.7540
1.1204	0.7488
1.3385	0.7450
1.1188	0.7490
1.3328	0.7487
1.1170	0.7558
1.3265	0.7445
1.1162	0.7677
1.3204	0.7435
1.1168	0.7630
1.3119	0.7497
1.1102	0.7667
1.3072	0.7593
1.1104	0.7600
1.3014	0.7702
1.1109	0.7642
1.2947	0.7805
1.1116	0.7605
1.2963	0.8002
1.1148	0.7615
1.2947	0.8197
1.1179	0.7415
1.2964	0.8365
1.1206	0.7305
1.2968	0.8540
1.1228	0.7173
1.2952	0.8600
1.1218	0.6985
1.2910	0.8608
1.1256	0.7060
1.2867	0.8600
1.1276	0.6993
1.2775	0.8515
1.1274	0.6993
1.2730	0.8435
1.1496	0.7035
1.2633	0.8343
1.1641	0.7078
1.2745	0.8132
1.1644	0.7128
1.2723	0.7933
1.2660	0.7773
1.2626	0.7615
1.2615	0.7508
1.2713	0.7433
1.2719	0.7395
1.2559	0.9097
1.2740	0.7367
1.2513	0.9300
1.2821	0.7360
1.2479	0.9407
1.2700	0.7385
1.2435	0.9132
1.2934	0.7320
1.2372	0.9145
1.3023	0.7282
1.2325	0.9060
1.3092	0.7302
1.2293	0.8818
1.3126	0.7287
1.2266	0.9252
1.3155	0.7258
1.2273	0.8575
1.3180	0.7275
1.2293	0.8403
1.3215	0.7252
1.2287	0.8305
1.3235	0.7265
1.2305	0.8245
1.3247	0.7300
1.2313	0.8240
1.3254	0.7365
1.2300	0.8258
1.3251	0.7495
1.2299	0.8290
1.3265	0.7665
1.2266	0.8327
1.3275	0.7845
1.2245	0.8310
1.3273	0.7888
1.2203	0.8265
1.3269	0.7982
1.2177	0.8245
1.3275	0.8078
1.2137	0.8187
1.3250	0.8032
1.2081	0.8088
1.3268	0.8028
1.2070	0.8013
1.3235	0.7940
1.2077	0.7850
1.3192	0.7862
1.2061	0.7662
1.3213	0.7752
1.2093	0.7482
1.3429	0.7605
1.2123	0.7332
1.3428	0.7358
1.2182	0.7193
1.2244	0.7100
1.2332	0.7012
1.2389	0.6940
1.2495	0.6900
1.2529	0.6855
1.1012	0.7835
1.2562	0.6855
1.1017	0.7478
1.2587	0.6817
1.1012	0.7173
1.2587	0.6785
1.1009	0.6750
1.2594	0.6722
1.1002	0.6577
1.2574	0.6675
1.0991	0.6422
1.2559	0.6615
1.1004	0.6298
1.2527	0.6505
1.1038	0.6287
1.2470	0.6432
1.1050	0.6295
1.2422	0.6340
1.1101	0.6367
1.2393	0.6307
1.1133	0.6548
1.2375	0.6332
1.1183	0.6548
1.2406	0.6390
1.1232	0.6712
1.2376	0.6495
1.1274	0.6805
1.2392	0.6640
1.1303	0.6880
1.2421	0.6865
1.1329	0.6893
1.2427	0.7015
1.1306	0.6857
1.2412	0.7190
1.1294	0.6813
1.2446	0.7332
1.1284	0.6762
1.2459	0.7448
1.1243	0.6675
1.2424	0.7517
1.1226	0.6502
1.2396	0.7535
1.1232	0.6440
1.1237	0.6348
1.1231	0.6280
1.1244	0.6165
1.1243	0.6142
1.2191	0.7123
1.1236	0.6120
1.2191	0.6957
1.1270	0.6135
1.2194	0.6915
1.1280	0.6198
1.2209	0.6747
1.1288	0.6260
1.2213	0.6652
1.1289	0.6350
1.2219	0.6640
1.1281	0.6562
1.2222	0.6475
1.1276	0.6667
1.2213	0.6475
1.1282	0.6848
1.2200	0.6520
1.1270	0.7028
1.2182	0.6510
1.1258	0.7120
1.2148	0.6645
1.1256	0.7215
1.2119	0.6745
1.1239	0.7248
1.2087	0.6755
1.1242	0.7267
1.2063	0.6817
1.1250	0.7225
1.2054	0.6868
1.1257	0.7190
1.2042	0.6862
1.1296	0.7110
1.2044	0.6807
1.1331	0.7007
1.2033	0.6737
1.1344	0.6957
1.2033	0.6603
1.1370	0.6880
1.2024	0.6487
1.1391	0.6955
1.2011	0.6362
1.1421	0.7025
1.2013	0.6260
1.1434	0.7183
1.1993	0.6198
1.1452	0.7325
1.1991	0.6143
1.1466	0.7483
1.1962	0.6127
1.1933	0.6150
1.1896	0.6235
1.1856	0.6340
1.1829	0.6412
1.1785	0.6550
1.1734	0.6562
1.1691	0.6615
1.1648	0.6678
1.1609	0.6740
1.1578	0.6723
1.1978	0.6590
1.1543	0.6705
1.1993	0.6527
1.1511	0.6673
1.1993	0.6488
1.1486	0.6615
1.1993	0.6470
1.1469	0.6603
1.1998	0.6480
1.1454	0.6595
1.1988	0.6522
1.1451	0.6693
1.1980	0.6595
1.1444	0.6728
1.1969	0.6675
1.1444	0.6800
1.1958	0.6812
1.1447	0.6850
1.1932	0.6965
1.1428	0.6930
1.1893	0.7085
1.1439	0.6985
1.1864	0.7173
1.1455	0.7047
1.1822	0.7230
1.1460	0.7117
1.1779	0.7250
1.1459	0.7203
1.1749	0.7235
1.1483	0.7222
1.1719	0.7168
1.1457	0.7190
1.1689	0.7105
1.1451	0.7173
1.1655	0.7032
1.1624	0.6915
1.1606	0.6788
1.1589	0.6698
1.1587	0.6630
1.1569	0.6590
1.1557	0.6605
1.1524	0.6653
1.1507	0.6748
1.2395	0.7312
1.1490	0.6835
1.2449	0.7460
1.1460	0.6943
1.2506	0.7558
1.1447	0.7038
1.2547	0.7627
1.1433	0.7125
1.2553	0.7647
1.1414	0.7205
1.2556	0.7643
1.1418	0.7273
1.2527	0.7662
1.1408	0.7317
1.2484	0.7665
1.1402	0.7332
1.2435	0.7645
1.1389	0.7332
1.2366	0.7615
1.1372	0.7303
1.2290	0.7572
1.1365	0.7288
1.2209	0.7553
1.1369	0.7265
1.2132	0.7560
1.1372	0.7285
1.2052	0.7608
1.1380	0.7340
1.1975	0.7670
1.1397	0.7392
1.1900	0.7737
1.1400	0.7492
1.1824	0.7785
1.1432	0.7620
1.1750	0.7835
1.1438	0.7783
1.1669	0.7850
1.1471	0.7958
1.1596	0.7872
1.1491	0.8137
1.1524	0.7898
1.1543	0.8290
1.1468	0.7900
1.1585	0.8420
1.1401	0.7910
1.1637	0.8505
1.1340	0.7858
1.1682	0.8535
1.1281	0.7840
1.1737	0.8518
1.1233	0.7790
1.1189	0.7762
1.1152	0.7720
1.1115	0.7738
1.2694	0.6875
1.1082	0.7750
1.2594	0.6930
1.1048	0.7753
1.2497	0.7000
1.1024	0.7772
1.2411	0.7115
1.1002	0.7778
1.2340	0.7282
1.0995	0.7803
1.2287	0.7460
1.0987	0.7788
1.2252	0.7615
1.0975	0.7765
1.2226	0.7732
1.0969	0.7722
1.2209	0.7797
1.0972	0.7710
1.2200	0.7767
1.0981	0.7662
1.2190	0.7715
1.0987	0.7617
1.2175	0.7652
1.0983	0.7572
1.2166	0.7570
1.0986	0.7525
1.2153	0.7452
1.0982	0.7512
1.2143	0.7358
1.0972	0.7550
1.2140	0.7272
1.0959	0.7617
1.2141	0.7213
1.0945	0.7735
1.2143	0.7170
1.0935	0.7848
1.2143	0.7208
1.0929	0.7948
1.2140	0.7315
1.0934	0.8103
1.2129	0.7467
1.2108	0.7600
1.2088	0.7740
1.2066	0.7850
1.2032	0.7917
1.1991	0.7958
1.1933	0.7963
1.1878	0.7955
1.1816	0.7872
1.2434	0.6592
1.1754	0.7753
1.2351	0.6500
1.1698	0.7608
1.2293	0.6515
1.1646	0.7525
1.2241	0.6545
1.1604	0.7475
1.2204	0.6620
1.1564	0.7493
1.2175	0.6742
1.1527	0.7485
1.2152	0.6898
1.1488	0.7522
1.2138	0.7045
1.1461	0.7665
1.2109	0.7177
1.1429	0.7830
1.2082	0.7275
1.1410	0.8022
1.2050	0.7330
1.1399	0.8163
1.2027	0.7368
1.1405	0.8265
1.1986	0.7375
1.1412	0.8330
1.1939	0.7393
1.1421	0.8272
1.1907	0.7380
1.1420	0.8163
1.1862	0.7350
1.1419	0.8040
1.1833	0.7270
1.1409	0.7905
1.1802	0.7198
1.1391	0.7700
1.1793	0.7103
1.1376	0.7510
1.1774	0.7045
1.1356	0.7327
1.1761	0.7012
1.1345	0.7227
1.1761	0.6995
1.1753	0.6982
1.1747	0.6965
1.1738	0.6955
1.1725	0.6903
1.1708	0.6853
1.1675	0.6770
1.2720	0.7177
1.1636	0.6695
1.2701	0.7235
1.1592	0.6642
1.2707	0.7317
1.1549	0.6603
1.2726	0.7315
1.1505	0.6587
1.2759	0.7275
1.1494	0.6588
1.2809	0.7225
1.1466	0.6605
1.2849	0.7115
1.1453	0.6643
1.2889	0.7020
1.1442	0.6698
1.2927	0.6965
1.1423	0.6760
1.2945	0.6855
1.1399	0.6865
1.2953	0.6785
1.1380	0.7010
1.2942	0.6725
1.1354	0.7150
1.2934	0.6640
1.1334	0.7312
1.2922	0.6607
1.1301	0.7498
1.2898	0.6618
1.1273	0.7670
1.2865	0.6622
1.1239	0.7822
1.2825	0.6660
1.1216	0.7953
1.2776	0.6672
1.1188	0.8097
1.2717	0.6677
1.1154	0.8230
1.2655	0.6648
1.1122	0.8332
1.2602	0.6625
1.1094	0.8400
1.2546	0.6562
1.2480	0.6430
1.2433	0.6372
1.2400	0.6260
1.2365	0.6170
1.3758	0.7018
1.2342	0.6095
1.3758	0.7050
1.2308	0.6055
1.3741	0.7020
1.2287	0.6090
1.3750	0.6935
1.2274	0.6168
1.3763	0.6912
1.2265	0.6212
1.3781	0.6855
1.2262	0.6315
1.3790	0.6893
1.2260	0.6490
1.3793	0.6917
1.2252	0.6545
1.3808	0.6985
1.2236	0.6665
1.3826	0.7053
1.2232	0.6787
1.3834	0.7127
1.2213	0.6907
1.3840	0.7280
1.2191	0.7007
1.3875	0.7455
1.2166	0.7040
1.3900	0.7628
1.2142	0.7075
1.3935	0.7757
1.2119	0.7117
1.3966	0.7850
1.2101	0.7125
1.3989	0.7925
1.2103	0.7117
1.3978	0.7933
1.2104	0.7090
1.3969	0.7943
1.2092	0.7025
1.3933	0.7887
1.2074	0.6980
1.3884	0.7812
1.2026	0.6890
1.3832	0.7685
1.1987	0.6812
1.3805	0.7527
1.1940	0.6722
1.3785	0.7395
1.1897	0.6672
1.3752	0.7283
1.3745	0.7223
1.3732	0.7198
1.3742	0.7247
1.3735	0.7255
1.3736	0.7330
1.2382	0.6695
1.3738	0.7385
1.2327	0.6747
1.3747	0.7450
1.2299	0.6735
1.3909	0.7530
1.2271	0.6690
1.3882	0.7622
1.2213	0.6625
1.3873	0.7667
1.2191	0.6535
1.3840	0.7755
1.2160	0.6457
1.3829	0.7740
1.2156	0.6382
1.3809	0.7700
1.2151	0.6395
1.3772	0.7625
1.2143	0.6440
1.3734	0.7595
1.2128	0.6510
1.3705	0.7507
1.2121	0.6615
1.3685	0.7360
1.2129	0.6785
1.3673	0.7160
1.2130	0.6965
1.3672	0.6990
1.2098	0.7183
1.3691	0.6792
1.2077	0.7372
1.3698	0.6580
1.2070	0.7523
1.3860	0.6365
1.2076	0.7603
1.3884	0.6188
1.2064	0.7612
1.3883	0.6072
1.2077	0.7535
1.3921	0.5878
1.2073	0.7458
1.3927	0.5860
1.2104	0.7310
1.3919	0.5820
1.2112	0.7115
1.3892	0.5890
1.2122	0.6962
1.3849	0.5897
1.3599	0.6490
1.2138	0.6767
1.3784	0.5963
1.3657	0.6600
1.2155	0.6605
1.3728	0.5998
1.3663	0.6650
1.2194	0.6522
1.3686	0.6042
1.3714	0.6770
1.2203	0.6480
1.3620	0.6098
1.3748	0.6730
1.2210	0.6477
1.3596	0.6090
1.3781	0.6798
1.2233	0.6575
1.3591	0.6147
1.3799	0.6835
1.2251	0.6653
1.3581	0.6143
1.3812	0.6855
1.2284	0.6758
1.3628	0.6178
1.3805	0.6910
1.2312	0.6905
1.3798	0.7025
1.2313	0.7012
1.3795	0.7045
1.2333	0.7107
1.3790	0.7097
1.2363	0.7198
1.3793	0.7120
1.2398	0.7215
1.3780	0.7130
1.2404	0.7245
1.3747	0.7232
1.2411	0.7200
1.3749	0.7260
1.2424	0.7155
1.3728	0.7215
1.2407	0.7100
1.3719	0.7130
1.2389	0.7062
1.3736	0.7075
1.2389	0.6992
1.3754	0.6970
1.2385	0.6930
1.3761	0.6948
1.2388	0.6900
1.3783	0.6935
1.2399	0.6855
1.3794	0.6907
1.2412	0.6780
1.5760	0.7348
1.3819	0.6925
1.2439	0.6725
1.5782	0.7353
1.3836	0.6950
1.2467	0.6705
1.5764	0.7320
1.3848	0.6987
1.2523	0.6612
1.5738	0.7245
1.3883	0.7045
1.2590	0.6520
1.5741	0.7195
1.3945	0.7177
1.2639	0.6393
1.5718	0.7098
1.3975	0.7282
1.2715	0.6250
1.5699	0.7012
1.4004	0.7393
1.2777	0.6093
1.5664	0.6947
1.4034	0.7435
1.2841	0.5945
1.5634	0.6852
1.4064	0.7422
1.2917	0.5820
1.5588	0.6737
1.4106	0.7465
1.2992	0.5748
1.5538	0.6670
1.4150	0.7348
1.3076	0.5648
1.5516	0.6562
1.4197	0.7367
1.3132	0.5585
1.5532	0.6528
1.4243	0.7267
1.5582	0.6500
1.4293	0.7198
1.5625	0.6457
1.4341	0.7105
1.5720	0.6457
1.4386	0.6980
1.5729	0.6502
1.4398	0.6902
1.5773	0.6580
1.4418	0.6815
1.5772	0.6583
1.4425	0.6775
1.5753	0.6595
1.4433	0.6717
1.5727	0.6662
1.4441	0.6680
1.5675	0.6798
1.4447	0.6653
1.5641	0.6917
1.4486	0.6703
1.5585	0.7030
1.4496	0.6672
1.5528	0.7135
1.4523	0.6648
1.5510	0.7183
1.4590	0.6603
1.5437	0.7175
1.4643	0.6515
1.5355	0.7148
1.4737	0.6480
1.5294	0.7155
1.4830	0.6433
1.3720	0.5367
1.5235	0.7095
1.4931	0.6357
1.3712	0.5340
1.5202	0.7005
1.5023	0.6420
1.3709	0.5340
1.5173	0.6865
1.5095	0.6357
1.3699	0.5377
1.5143	0.6710
1.5162	0.6345
1.3689	0.5413
1.5103	0.6522
1.5216	0.6358
1.3707	0.5417
1.5065	0.6327
1.5264	0.6402
1.3719	0.5480
1.5007	0.6138
1.5277	0.6532
1.3721	0.5573
1.4967	0.5960
1.5281	0.6673
1.3712	0.5645
1.4912	0.5735
1.5267	0.6812
1.3712	0.5758
1.4864	0.5593
1.5265	0.6935
1.3691	0.5892
1.4791	0.5527
1.5232	0.7010
1.3691	0.6025
1.4731	0.5468
1.5203	0.7147
1.3672	0.6135
1.4683	0.5473
1.5189	0.7153
1.3667	0.6230
1.4626	0.5517
1.5187	0.7168
1.3632	0.6357
1.4585	0.5612
1.5218	0.7145
1.3588	0.6568
1.4574	0.5710
1.5259	0.7152
1.3535	0.6698
1.4518	0.5830
1.3477	0.6760
1.4524	0.6052
1.3394	0.6793
1.4506	0.6200
1.3322	0.6797
1.4524	0.6278
1.3261	0.6763
1.4539	0.6285
1.3225	0.6715
1.4606	0.6270
1.3186	0.6640
1.4605	0.6277
1.3174	0.6550
1.4642	0.6245
1.3161	0.6415
1.4694	0.6232
1.3107	0.6277
1.4751	0.6237
1.3061	0.6117
1.4798	0.6273
1.3028	0.6050
1.4867	0.6238
1.3004	0.5980
1.4909	0.6365
1.2974	0.5948
1.4937	0.6367
1.2941	0.6005
1.5022	0.6460
1.2867	0.6053
1.5058	0.6560
1.2788	0.6135
1.5146	0.6565
1.2672	0.6290
1.5208	0.6575
1.2596	0.6407
1.5268	0.6553
1.2484	0.6452
1.5306	0.6510
1.2389	0.6500
1.5352	0.6470
1.2320	0.6502
1.5391	0.6412
1.2234	0.6530
1.5406	0.6273
1.1557	0.4262
1.2130	0.6475
1.5394	0.6278
1.1515	0.4517
1.2096	0.6400
1.5362	0.6302
1.1499	0.4795
1.2091	0.6312
1.5272	0.6368
1.1487	0.5020
1.2047	0.6202
1.5198	0.6485
1.1482	0.5235
1.2017	0.6030
1.1504	0.5543
1.1988	0.5917
1.1529	0.5642
1.1952	0.5810
1.1553	0.5638
1.1924	0.5757
1.1601	0.5817
1.1891	0.5707
1.1638	0.5903
1.1842	0.5685
1.1661	0.6002
1.1806	0.5735
1.1677	0.6090
1.1740	0.5762
1.1673	0.6127
1.1718	0.5852
1.1656	0.6220
1.1702	0.5900
1.1626	0.6432
1.1665	0.5945
1.1593	0.6562
1.1654	0.5955
1.1551	0.6750
1.1636	0.5958
1.1496	0.6903
1.1631	0.5885
1.1463	0.7040
1.1623	0.5822
1.1430	0.7190
1.1646	0.5720
1.1414	0.7262
1.1631	0.5607
1.1409	0.7325
1.1655	0.5503
1.1431	0.7325
1.1672	0.5358
1.1463	0.7267
1.1709	0.5277
1.1496	0.7218
1.1719	0.5205
1.1526	0.7130
1.1733	0.5185
1.1562	0.6980
1.1608	0.6855
1.1644	0.6648
1.1684	0.6540
1.2972	0.6560
1.1701	0.6445
1.2936	0.6548
1.1725	0.6313
1.2904	0.6518
1.1739	0.6227
1.2916	0.6515
1.1753	0.6108
1.2921	0.6467
1.1752	0.5987
1.2962	0.6505
1.1762	0.5948
1.2988	0.6502
1.1757	0.5907
1.2992	0.6560
1.1776	0.5835
1.3049	0.6595
1.1783	0.5780
1.3070	0.6630
1.1797	0.5628
1.3112	0.6637
1.1815	0.5557
1.3181	0.6630
1.1841	0.5495
1.3258	0.6593
1.1868	0.5447
1.3343	0.6502
1.1881	0.5493
1.3444	0.6405
1.1896	0.5478
1.3502	0.6295
1.1897	0.5487
1.3557	0.6150
1.1885	0.5493
1.3588	0.5960
1.1855	0.5588
1.3604	0.5778
1.1815	0.5695
1.3606	0.5610
1.1766	0.5857
1.3612	0.5460
1.1731	0.6052
1.3597	0.5347
1.1707	0.6180
1.3579	0.5310
1.1677	0.6368
1.3557	0.5325
1.1653	0.6550
1.3559	0.5422
1.1631	0.6645
1.3544	0.5545
1.1604	0.6805
1.4880	0.6835
1.3542	0.5685
1.1577	0.7093
1.4926	0.6873
1.3545	0.5907
1.1571	0.7187
1.4976	0.7040
1.3525	0.6117
1.1566	0.7257
1.5009	0.7075
1.3551	0.6315
1.5040	0.7045
1.3540	0.6520
1.5064	0.7093
1.3503	0.6715
1.5078	0.7007
1.3463	0.6805
1.5095	0.6945
1.3478	0.6895
1.5122	0.6853
1.3444	0.6960
1.5134	0.6783
1.3425	0.6970
1.5154	0.6690
1.3405	0.6930
1.5209	0.6725
1.3356	0.6853
1.5252	0.6625
1.3301	0.6785
1.5282	0.6595
1.3251	0.6693
1.5322	0.6610
1.3181	0.6603
1.5355	0.6613
1.3117	0.6530
1.5387	0.6723
1.3071	0.6550
1.5395	0.6772
1.3014	0.6572
1.5408	0.6790
1.2968	0.6615
1.5396	0.6803
1.2930	0.6705
1.5348	0.6765
1.2908	0.6822
1.5265	0.6735
1.2915	0.6940
1.5170	0.6690
1.2892	0.7050
1.5063	0.6580
1.2855	0.7157
1.4930	0.6452
1.2844	0.7243
1.4794	0.6267
1.2812	0.7265
1.4642	0.6100
1.2798	0.7205
1.4502	0.6048
1.2741	0.7132
1.4369	0.5995
1.2675	0.7025
1.4253	0.6000
1.2590	0.6917
1.4167	0.6040
1.2491	0.6835
1.3263	0.4895
1.4105	0.6065
1.2414	0.6723
1.3239	0.5077
1.4057	0.6140
1.3218	0.5282
1.4020	0.6300
1.3178	0.5465
1.3967	0.6500
1.3133	0.5615
1.3922	0.6675
1.3088	0.5753
1.3899	0.6745
1.3055	0.5867
1.3877	0.6728
1.3023	0.5935
1.3852	0.6730
1.2995	0.6040
1.3817	0.6697
1.2991	0.6078
1.3764	0.6653
1.3004	0.6115
1.3691	0.6613
1.3041	0.6127
1.3598	0.6560
1.3089	0.6155
1.3487	0.6483
1.3148	0.6198
1.3381	0.6385
1.3213	0.6270
1.3260	0.6360
1.3266	0.6355
1.3170	0.6372
1.3302	0.6435
1.3071	0.6457
1.3325	0.6512
1.2984	0.6535
1.3340	0.6542
1.2920	0.6612
1.3329	0.6600
1.2864	0.6728
1.3292	0.6625
1.2827	0.6802
1.3226	0.6620
1.2789	0.6893
1.3148	0.6590
1.2756	0.6957
1.3060	0.6512
1.2720	0.7020
1.2971	0.6415
1.2676	0.7050
1.2900	0.6293
1.2641	0.7042
1.2839	0.6140
1.2585	0.7040
1.2799	0.6040
1.2524	0.7025
1.3658	0.6240
1.2767	0.5943
1.2469	0.6983
1.3649	0.6477
1.2756	0.5903
1.2411	0.6922
1.3620	0.6698
1.2775	0.5875
1.2368	0.6853
1.3601	0.6865
1.2790	0.6002
1.3568	0.6965
1.2802	0.6152
1.3545	0.6975
1.2811	0.6352
1.3505	0.6898
1.2823	0.6573
1.3452	0.6698
1.2849	0.6800
1.3374	0.6467
1.2864	0.7062
1.3277	0.6233
1.2868	0.7305
1.3187	0.6012
1.2841	0.7538
1.3093	0.5785
1.2789	0.7692
1.2993	0.5592
1.2718	0.7785
1.2900	0.5408
1.2616	0.7812
1.2792	0.5283
1.2511	0.7767
1.2694	0.5245
1.2396	0.7685
1.2600	0.5285
1.2279	0.7600
1.2544	0.5435
1.2174	0.7495
1.2455	0.5643
1.2076	0.7377
1.2384	0.5932
1.2002	0.7237
1.2324	0.6280
1.1930	0.7235
1.2259	0.6640
1.1870	0.7187
1.2191	0.6998
1.1815	0.7175
1.2120	0.7375
1.1788	0.7127
1.2069	0.7700
1.1784	0.7100
1.1951	0.7933
1.1797	0.7047
1.1864	0.8070
1.1829	0.6937
1.1792	0.8108
1.1876	0.6820
1.1738	0.8060
1.1948	0.6680
1.1660	0.7923
1.2028	0.6550
1.1625	0.7682
1.1620	0.7392
1.1627	0.7062
1.2650	0.6560
1.1656	0.6722
1.2579	0.6857
1.1710	0.6410
1.2521	0.7015
1.1755	0.6177
1.2472	0.7077
1.1854	0.6062
1.2428	0.7077
1.1913	0.6040
1.2386	0.7020
1.1962	0.6095
1.2354	0.6820
1.1993	0.6242
1.2327	0.6682
1.2011	0.6488
1.2290	0.6310
1.2014	0.6807
1.2234	0.6125
1.1984	0.7153
1.2166	0.5950
1.1932	0.7438
1.2079	0.5843
1.1851	0.7635
1.1972	0.5760
1.1746	0.7747
1.1852	0.5743
1.1641	0.7762
1.1719	0.5795
1.1565	0.7677
1.1608	0.5860
1.1507	0.7525
1.1522	0.5980
1.1459	0.7273
1.1463	0.6163
1.1417	0.6948
1.1421	0.6338
1.1384	0.6570
1.1391	0.6520
1.1377	0.6170
1.1376	0.6670
1.1380	0.5842
1.1386	0.6787
1.1389	0.5610
1.1401	0.6862
1.1406	0.5468
1.1420	0.6882
1.1438	0.5390
1.1435	0.6887
1.1561	0.5383
1.1455	0.6853
1.1592	0.5460
1.1471	0.6807
1.1635	0.5617
1.1497	0.6700
1.1668	0.5835
1.1512	0.6598
1.1686	0.6088
1.1525	0.6457
1.1722	0.6362
1.1529	0.6335
1.3524	0.6445
1.1527	0.6255
1.3514	0.6457
1.1502	0.6210
1.3506	0.6488
1.1471	0.6193
1.3493	0.6527
1.1434	0.6195
1.3481	0.6560
1.1385	0.6238
1.3448	0.6570
1.1342	0.6305
1.3427	0.6655
1.1318	0.6415
1.3405	0.6755
1.1311	0.6545
1.3354	0.6867
1.1313	0.6700
1.3306	0.6992
1.1321	0.6843
1.3250	0.7077
1.1331	0.6933
1.3193	0.7123
1.1352	0.7012
1.3133	0.7150
1.1386	0.7055
1.3080	0.7118
1.1428	0.7018
1.3021	0.7090
1.1471	0.6970
1.2984	0.7090
1.1500	0.6852
1.2940	0.7080
1.1519	0.6740
1.2917	0.7048
1.1527	0.6615
1.2910	0.7015
1.1516	0.6465
1.2900	0.7007
1.1494	0.6365
1.2914	0.7048
1.1455	0.6323
1.6570	0.6442
1.2920	0.7130
1.1379	0.6300
1.6457	0.6542
1.2930	0.7272
1.1342	0.6360
1.6295	0.6642
1.2955	0.7480
1.1301	0.6490
1.6100	0.6780
1.2969	0.7688
1.1228	0.6622
1.5882	0.6917
1.2979	0.7870
1.1202	0.6815
1.5645	0.6992
1.2988	0.7995
1.5420	0.7067
1.2978	0.8112
1.5173	0.7087
1.2961	0.8170
1.4929	0.7092
1.2953	0.8180
1.4709	0.7098
1.2948	0.8150
1.4500	0.7143
1.2921	0.8072
1.4311	0.7193
1.2894	0.7975
1.4144	0.7350
1.2871	0.7843
1.4000	0.7492
1.2846	0.7687
1.3877	0.7658
1.2850	0.7542
1.3759	0.7925
1.2870	0.7443
1.3661	0.8220
1.2896	0.7325
1.3558	0.8512
1.2965	0.7265
1.3478	0.8875
1.3056	0.7225
1.3393	0.9058
1.3175	0.7198
1.3304	0.8595
1.3308	0.7228
1.3191	0.8340
1.3452	0.7192
1.3132	0.7835
1.3598	0.7173
1.3079	0.7295
1.3764	0.7105
1.3009	0.6905
1.3858	0.7022
1.2961	0.6690
1.3722	0.6928
1.2912	0.6477
1.3658	0.6822
1.2881	0.6290
1.3544	0.6705
1.2868	0.6020
1.3425	0.6615
1.2867	0.5943
1.3379	0.6530
1.2872	0.6455
1.3431	0.6440
1.2909	0.6750
1.3500	0.6428
1.2959	0.7253
1.3578	0.6410
1.3008	0.7737
1.3651	0.6488
1.3078	0.7905
1.3732	0.6620
1.3120	0.7900
1.3803	0.6762
1.3184	0.7812
1.3888	0.6945
1.3248	0.7693
1.3981	0.7127
1.2491	0.7795
1.3267	0.7590
1.4086	0.7280
1.2473	0.7618
1.3251	0.7447
1.4115	0.7422
1.2419	0.7382
1.3228	0.7282
1.4169	0.7512
1.2389	0.7188
1.3203	0.7110
1.4192	0.7552
1.2387	0.6950
1.3210	0.6912
1.4204	0.7578
1.2363	0.6803
1.3185	0.6730
1.2346	0.6768
1.3145	0.6685
1.2362	0.6832
1.3075	0.6635
1.2385	0.6882
1.3058	0.6657
1.2408	0.6825
1.3031	0.6695
1.2449	0.6925
1.3010	0.6780
1.2464	0.7082
1.3017	0.6873
1.2474	0.7288
1.3053	0.6947
1.2476	0.7362
1.3077	0.7043
1.2490	0.7478
1.3092	0.7118
1.2506	0.7585
1.3135	0.7212
1.2542	0.7627
1.3167	0.7275
1.2572	0.7577
1.3185	0.7345
1.2617	0.7570
1.3206	0.7343
1.2647	0.7570
1.3212	0.7340
1.2677	0.7455
1.3237	0.7340
1.2712	0.7317
1.3241	0.7330
1.2702	0.7242
1.3234	0.7400
1.2722	0.7235
1.3231	0.7447
1.2741	0.7137
1.3238	0.7485
1.2755	0.7148
1.3226	0.7532
1.2762	0.7157
1.3216	0.7572
1.2748	0.7213
1.3197	0.7568
1.2753	0.7262
1.3208	0.7542
1.2193	0.7268
1.2702	0.7315
1.2164	0.7120
1.2688	0.7408
1.2138	0.6980
1.2687	0.7467
1.2103	0.6802
1.2676	0.7467
1.2064	0.6570
1.2671	0.7393
1.2037	0.6502
1.2661	0.7410
1.2018	0.6375
1.2664	0.7305
1.2016	0.6135
1.2659	0.7180
1.2035	0.5967
1.2625	0.6995
1.2059	0.5843
1.2589	0.6855
1.2086	0.5760
1.2542	0.6700
1.2125	0.5733
1.2523	0.6647
1.2175	0.5705
1.2475	0.6613
1.2232	0.5805
1.2429	0.6683
1.2265	0.5960
1.2382	0.6772
1.2304	0.6157
1.2330	0.6903
1.2314	0.6268
1.2274	0.7075
1.2321	0.6520
1.2214	0.7290
1.2310	0.6670
1.2161	0.7587
1.2281	0.6840
1.2120	0.7782
1.2241	0.6925
1.2109	0.8020
1.2191	0.6985
1.2100	0.8103
1.2140	0.7045
1.2110	0.8222
1.2077	0.7062
1.2116	0.8273
1.2024	0.7072
1.2136	0.8263
1.1969	0.7057
1.1932	0.7037
1.1895	0.7022
1.1867	0.7065
1.1852	0.7068
1.1849	0.7175
1.1848	0.7295
1.1822	0.7417
1.1820	0.7467
1.1815	0.7487
1.1816	0.7438
1.1816	0.7445
1.0816	0.6690
1.1809	0.7375
1.0825	0.6712
1.1818	0.7325
1.0836	0.6755
1.1808	0.7255
1.0865	0.6843
1.1822	0.7192
1.0883	0.6938
1.1798	0.7117
1.0909	0.7055
1.1798	0.7033
1.0934	0.7155
1.1806	0.7057
1.0962	0.7243
1.1799	0.7055
1.0982	0.7290
1.1833	0.7075
1.0997	0.7325
1.1853	0.7103
1.1016	0.7310
1.1896	0.7185
1.1013	0.7262
1.1927	0.7195
1.1016	0.7195
1.1976	0.7195
1.1019	0.7087
1.1994	0.7160
1.1009	0.6972
1.2024	0.7107
1.0981	0.6835
1.2055	0.7075
1.0965	0.6720
1.0960	0.6627
1.0954	0.6555
1.0953	0.6518
1.0955	0.6520
1.0949	0.6570
1.0948	0.6648
1.0945	0.6748
1.0939	0.6848
1.1658	0.6927
1.0905	0.6940
1.1669	0.6897
1.0894	0.7003
1.1684	0.6890
1.0880	0.7035
1.1695	0.6845
1.0843	0.7057
1.1713	0.6798
1.0816	0.7072
1.1737	0.6723
1.0777	0.7053
1.1765	0.6668
1.0743	0.7003
1.1802	0.6618
1.0712	0.6945
1.1842	0.6635
1.0681	0.6885
1.1877	0.6620
1.0671	0.6812
1.1901	0.6655
1.0643	0.6775
1.1920	0.6675
1.0644	0.6765
1.1930	0.6715
1.0646	0.6788
1.1932	0.6778
1.0655	0.6835
1.1927	0.6855
1.0666	0.6900
1.1920	0.6937
1.0683	0.7003
1.1913	0.7000
1.0699	0.7117
1.1910	0.7015
1.0727	0.7237
1.1908	0.7025
1.0742	0.7353
1.1905	0.7038
1.0763	0.7445
1.1889	0.6993
1.1876	0.6945
1.1851	0.6870
1.1827	0.6782
1.1799	0.6703
1.1758	0.6638
1.1721	0.6615
1.3709	0.5440
1.1685	0.6660
1.3746	0.5047
1.1655	0.6710
1.3797	0.4770
1.1632	0.6798
1.3844	0.4615
1.1586	0.6903
1.3880	0.4618
1.1527	0.7045
1.3908	0.4715
1.1450	0.7215
1.3935	0.4908
1.1364	0.7345
1.3948	0.5130
1.1294	0.7430
1.3937	0.5372
1.1244	0.7477
1.3912	0.5668
1.1228	0.7480
1.3877	0.6007
1.1236	0.7455
1.3869	0.6357
1.1262	0.7395
1.3868	0.6632
1.1297	0.7300
1.3867	0.6837
1.1316	0.7222
1.3868	0.6993
1.1333	0.7117
1.3865	0.7095
1.1347	0.7038
1.3873	0.7117
1.1348	0.6993
1.3896	0.7127
1.1346	0.7000
1.3924	0.7203
1.1344	0.7038
1.3970	0.7297
1.1363	0.7110
1.3990	0.7445
1.1388	0.7165
1.3999	0.7665
1.1412	0.7273
1.3993	0.7863
1.1436	0.7380
1.3978	0.8053
1.1453	0.7453
1.3939	0.8132
1.1470	0.7540
1.3889	0.8155
1.3803	0.8135
1.3708	0.8055
1.3228	0.5525
1.3611	0.7922
1.3192	0.5490
1.3510	0.7735
1.3158	0.5535
1.3412	0.7498
1.3140	0.5670
1.3325	0.7250
1.3116	0.5820
1.3247	0.7050
1.3108	0.6007
1.3179	0.6903
1.3122	0.6215
1.3129	0.6817
1.3146	0.6412
1.3083	0.6798
1.3160	0.6582
1.3048	0.6840
1.3181	0.6737
1.3004	0.6945
1.3185	0.6843
1.2957	0.7168
1.3186	0.6877
1.2906	0.7432
1.3173	0.6855
1.2853	0.7762
1.3149	0.6795
1.2797	0.8068
1.3118	0.6740
1.2731	0.8335
1.3073	0.6693
1.2672	0.8537
1.3020	0.6663
1.2606	0.8645
1.2949	0.6665
1.2549	0.8723
1.2879	0.6662
1.2491	0.8755
1.2826	0.6628
1.2432	0.8708
1.2774	0.6593
1.2389	0.8595
1.2733	0.6603
1.2357	0.8460
1.2687	0.6632
1.2334	0.8300
1.2650	0.6667
1.2316	0.8175
1.2626	0.6718
1.2291	0.8055
1.2598	0.6795
1.2263	0.7962
1.2580	0.6890
1.2238	0.7990
1.2561	0.7010
1.2995	0.7497
1.2539	0.7078
1.2991	0.7575
1.2529	0.7117
1.2984	0.7640
1.2529	0.7115
1.2979	0.7680
1.2507	0.7090
1.2975	0.7687
1.2499	0.7088
1.3001	0.7622
1.2499	0.7095
1.3057	0.7490
1.2496	0.7095
1.3135	0.7298
1.2507	0.7048
1.3207	0.7080
1.2513	0.6938
1.3255	0.6837
1.2513	0.6785
1.3292	0.6660
1.2498	0.6657
1.3315	0.6505
1.2466	0.6593
1.3331	0.6402
1.2419	0.6607
1.3332	0.6333
1.2349	0.6657
1.3323	0.6305
1.2270	0.6742
1.3312	0.6352
1.2185	0.6830
1.3292	0.6438
1.2074	0.6938
1.3263	0.6570
1.1967	0.7030
1.3222	0.6745
1.1856	0.7150
1.3167	0.6930
1.1730	0.7290
1.3103	0.7073
1.1612	0.7470
1.3037	0.7247
1.1517	0.7682
1.2984	0.7393
1.2931	0.7532
1.2883	0.7610
1.2848	0.7658
1.2799	0.7660
1.2740	0.7655
1.2677	0.7633
1.2266	0.6805
1.2599	0.7585
1.2232	0.6705
1.2523	0.7537
1.2205	0.6595
1.2445	0.7480
1.2182	0.6488
1.2360	0.7438
1.2160	0.6400
1.2273	0.7358
1.2146	0.6368
1.2177	0.7348
1.2132	0.6338
1.2084	0.7362
1.2125	0.6360
1.1981	0.7408
1.2114	0.6422
1.1865	0.7417
1.2126	0.6550
1.1755	0.7443
1.2134	0.6720
1.1664	0.7448
1.2136	0.6912
1.1595	0.7463
1.2148	0.7095
1.1557	0.7445
1.2171	0.7235
1.1537	0.7375
1.2182	0.7353
1.1535	0.7333
1.2210	0.7408
1.1542	0.7262
1.2226	0.7437
1.1562	0.7188
1.2220	0.7403
1.1588	0.7167
1.2224	0.7305
1.1618	0.7163
1.2208	0.7165
1.1650	0.7247
1.2181	0.7020
1.1677	0.7655
1.2140	0.6855
1.1697	0.8065
1.2085	0.6715
1.1708	0.8350
1.2035	0.6620
1.1966	0.6557
1.1832	0.6543
1.1689	0.6585
1.2972	0.6737
1.1602	0.6665
1.2954	0.6865
1.1554	0.6803
1.2966	0.6913
1.1506	0.6940
1.2947	0.6945
1.1456	0.7110
1.2911	0.6977
1.1397	0.7255
1.2887	0.6938
1.1362	0.7392
1.2839	0.6855
1.1333	0.7517
1.2800	0.6765
1.1311	0.7648
1.2767	0.6685
1.1317	0.7740
1.2742	0.6602
1.1317	0.7772
1.2735	0.6603
1.1308	0.7770
1.2716	0.6640
1.1301	0.7705
1.2689	0.6745
1.1288	0.7642
1.2669	0.6833
1.1285	0.7545
1.2667	0.7007
1.1274	0.7465
1.2662	0.7205
1.1273	0.7382
1.2669	0.7367
1.1287	0.7290
1.2664	0.7508
1.1284	0.7190
1.2659	0.7560
1.1305	0.7110
1.2655	0.7565
1.1330	0.7075
1.2634	0.7508
1.1362	0.7030
1.2619	0.7370
1.1380	0.6977
1.2595	0.7212
1.1397	0.6925
1.2574	0.7015
1.2544	0.6822
