#rho	velocity
1.1336	0.5555
1.4171	0.4607
1.1478	0.6160
1.4221	0.4612
1.1606	0.5815
1.4216	0.4675
1.1718	0.6105
1.4246	0.4768
1.1820	0.6310
1.4209	0.4917
1.1925	0.6202
1.4200	0.5087
1.2019	0.6135
1.4082	0.5262
1.2096	0.6308
1.3927	0.5443
1.2168	0.6333
1.3582	0.5625
1.2206	0.6448
1.3544	0.5747
1.2257	0.6565
1.3475	0.5878
1.2284	0.6600
1.3451	0.5933
1.2045	0.6112
1.2300	0.6793
1.2064	0.5760
1.2275	0.6835
1.2070	0.5472
1.2231	0.6943
1.2095	0.5095
1.2209	0.7040
1.2119	0.4815
1.2180	0.7123
1.2148	0.4695
1.2140	0.7062
1.2197	0.4587
1.2103	0.7130
1.2181	0.4580
1.2061	0.7183
1.2198	0.4565
1.2016	0.7285
1.2180	0.4640
1.1977	0.7410
1.2148	0.4710
1.1993	0.7473
1.2115	0.4895
1.1973	0.7632
1.2077	0.5130
1.1959	0.7478
1.2043	0.5375
1.1960	0.7503
1.2005	0.5590
1.1968	0.7275
1.1982	0.5655
1.1962	0.6960
1.1950	0.5835
1.2000	0.6725
1.1945	0.6025
1.2053	0.6575
1.1937	0.6207
1.2112	0.6380
1.1991	0.6418
1.2163	0.6090
1.2068	0.6673
1.2212	0.5860
1.2127	0.6885
1.2264	0.5545
1.2162	0.6998
1.2323	0.5327
1.5282	0.7103
1.2186	0.7128
1.2405	0.4965
1.5272	0.7162
1.2253	0.7347
1.2484	0.4817
1.5278	0.7195
1.2315	0.7525
1.2564	0.4710
1.5249	0.7187
1.2397	0.7592
1.2676	0.4530
1.5273	0.7117
1.2465	0.7662
1.2750	0.4253
1.5310	0.7115
1.2579	0.7638
1.2838	0.3935
1.5308	0.7037
1.2706	0.7620
1.2942	0.3625
1.5343	0.7005
1.2838	0.7590
1.3034	0.3330
1.5439	0.6950
1.2963	0.7425
1.3097	0.3133
1.5538	0.6915
1.3073	0.7372
1.3165	0.2915
1.5619	0.6875
1.3210	0.7292
1.5672	0.6825
1.3371	0.7230
1.5743	0.6800
1.3541	0.7080
1.5822	0.6757
1.3693	0.7165
1.5865	0.6777
1.3846	0.7117
1.5892	0.6715
1.3989	0.7112
1.5870	0.6685
1.4133	0.7017
1.5849	0.6625
1.4267	0.6940
1.5705	0.6617
1.4372	0.6910
1.5657	0.6623
1.4486	0.6865
1.5576	0.6620
1.4547	0.6803
1.5520	0.6563
1.4583	0.6678
1.5467	0.6523
1.4607	0.6730
1.5399	0.6558
1.4609	0.6413
1.5340	0.6590
1.4595	0.6395
1.5326	0.6712
1.4525	0.6323
1.5309	0.6790
1.4463	0.6337
1.5303	0.6893
1.4393	0.6360
1.4151	0.6673
1.5363	0.7010
1.4354	0.6375
1.4161	0.6997
1.5359	0.7147
1.4323	0.6470
1.4132	0.7285
1.5407	0.7312
1.4292	0.6570
1.4091	0.7585
1.5434	0.7492
1.4282	0.6588
1.4041	0.7815
1.5461	0.7672
1.4286	0.6527
1.3965	0.8090
1.5541	0.7767
1.4315	0.6627
1.3866	0.8338
1.5592	0.7847
1.4370	0.6600
1.3770	0.8542
1.5669	0.7890
1.4463	0.6512
1.3686	0.8682
1.5792	0.7973
1.4544	0.6400
1.3606	0.8802
1.5931	0.8025
1.4625	0.6320
1.3547	0.8742
1.6086	0.8010
1.4698	0.6145
1.3500	0.8570
1.6225	0.7965
1.4758	0.5902
1.3464	0.8320
1.6435	0.7880
1.3438	0.7948
1.6604	0.7808
1.3416	0.7577
1.6746	0.7717
1.3417	0.7210
1.6906	0.7693
1.3399	0.6827
1.7007	0.7727
1.3384	0.6425
1.7110	0.7762
1.3381	0.6143
1.7159	0.7817
1.3370	0.5878
1.7207	0.7803
1.3350	0.5752
1.7268	0.7790
1.3292	0.5770
1.7261	0.7685
1.3225	0.5827
1.7304	0.7663
1.3154	0.6012
1.7384	0.7550
1.3117	0.6202
1.7510	0.7440
1.3092	0.6460
1.7604	0.7265
1.3117	0.6700
1.7685	0.7068
1.3101	0.6885
1.7876	0.6850
1.3127	0.7020
1.8028	0.6543
1.2062	0.7090
1.3153	0.7145
1.8165	0.6275
1.2022	0.7063
1.3201	0.7178
1.8310	0.6042
1.1984	0.6925
1.3241	0.7167
1.8401	0.5875
1.1963	0.6872
1.3279	0.7085
1.8437	0.5622
1.1945	0.6762
1.3338	0.6990
1.8355	0.5453
1.1932	0.6640
1.3404	0.6833
1.8335	0.5188
1.1930	0.6548
1.3452	0.6635
1.8170	0.5032
1.1927	0.6463
1.3489	0.6460
1.8103	0.4805
1.1956	0.6435
1.3545	0.6345
1.8010	0.4638
1.1977	0.6430
1.3594	0.6245
1.7875	0.4580
1.2016	0.6458
1.3675	0.6193
1.7844	0.4540
1.2060	0.6557
1.3751	0.6192
1.7787	0.4518
1.2101	0.6710
1.3848	0.6192
1.7773	0.4533
1.2140	0.6768
1.3945	0.6295
1.7840	0.4600
1.2177	0.6807
1.4030	0.6335
1.2197	0.6898
1.4130	0.6415
1.2214	0.6962
1.4233	0.6455
1.2211	0.6960
1.4331	0.6507
1.2200	0.6948
1.4390	0.6498
1.2188	0.6907
1.4436	0.6467
1.2173	0.6852
1.4484	0.6357
1.2166	0.6798
1.4553	0.6217
1.2148	0.6783
1.4607	0.6030
1.2145	0.6777
1.4664	0.5905
1.2146	0.6853
1.4732	0.5817
1.2167	0.6878
1.4790	0.5780
1.2192	0.6870
1.4862	0.5767
1.2235	0.6900
1.4969	0.5730
1.2258	0.6898
1.5056	0.5750
1.2284	0.6857
1.5156	0.5807
1.2301	0.6805
1.5252	0.5870
1.2337	0.6707
1.5363	0.6010
1.2375	0.6557
1.5470	0.6155
1.2415	0.6398
1.5557	0.6250
1.2445	0.6190
1.5612	0.6302
1.2474	0.5965
1.5636	0.6193
1.2485	0.5785
1.5640	0.6123
1.1239	0.6785
1.2498	0.5635
1.5629	0.5917
1.1273	0.6672
1.2493	0.5495
1.5592	0.5735
1.1313	0.6568
1.2495	0.5458
1.5541	0.5448
1.1367	0.6510
1.2535	0.5432
1.5474	0.5345
1.1414	0.6470
1.2568	0.5473
1.1467	0.6452
1.2646	0.5495
1.1526	0.6470
1.2711	0.5635
1.1577	0.6520
1.2802	0.5745
1.1626	0.6573
1.2848	0.5877
1.1661	0.6615
1.2945	0.5935
1.1692	0.6620
1.3059	0.6000
1.1705	0.6640
1.3167	0.6050
1.1721	0.6638
1.3282	0.6023
1.1730	0.6585
1.3412	0.5932
1.1741	0.6488
1.3525	0.5758
1.1744	0.6360
1.3597	0.5645
1.1754	0.6228
1.3685	0.5515
1.1768	0.6065
1.3759	0.5425
1.1807	0.5902
1.3811	0.5353
1.1855	0.5755
1.3847	0.5368
1.1904	0.5630
1.3835	0.5360
1.1939	0.5500
1.3886	0.5375
1.1975	0.5417
1.3948	0.5440
1.2014	0.5393
1.3993	0.5538
1.2027	0.5397
1.4026	0.5688
1.2045	0.5450
1.4068	0.5795
1.2063	0.5500
1.4115	0.5832
1.2061	0.6637
1.2076	0.5558
1.4215	0.5832
1.2088	0.6615
1.2098	0.5633
1.4231	0.5760
1.2101	0.6643
1.2118	0.5703
1.4271	0.5630
1.2093	0.6648
1.2143	0.5767
1.4282	0.5480
1.2131	0.6653
1.2173	0.5823
1.2212	0.6655
1.2211	0.5845
1.2231	0.6667
1.2266	0.5818
1.2241	0.6675
1.2327	0.5767
1.2260	0.6700
1.2393	0.5665
1.2293	0.6740
1.2461	0.5570
1.2360	0.6788
1.2516	0.5485
1.2411	0.6793
1.2572	0.5377
1.2488	0.6797
1.2618	0.5288
1.2582	0.6760
1.2665	0.5215
1.2670	0.6692
1.2700	0.5140
1.2778	0.6577
1.2720	0.5085
1.2894	0.6430
1.2718	0.5062
1.3032	0.6262
1.2704	0.5053
1.3135	0.6077
1.2657	0.5067
1.3228	0.5883
1.2593	0.5095
1.3292	0.5697
1.2499	0.5107
1.3377	0.5550
1.2396	0.5120
1.3435	0.5420
1.2307	0.5142
1.5242	0.6662
1.3482	0.5315
1.2212	0.5145
1.5277	0.6502
1.3528	0.5270
1.2095	0.5188
1.5280	0.6463
1.3565	0.5268
1.1972	0.5217
1.5278	0.6350
1.3615	0.5292
1.2123	0.5258
1.5266	0.6332
1.3648	0.5318
1.2079	0.5312
1.5249	0.6322
1.3680	0.5358
1.1927	0.5380
1.5245	0.6295
1.3705	0.5393
1.1947	0.5448
1.5209	0.6320
1.3747	0.5422
1.1989	0.5518
1.5164	0.6325
1.3780	0.5457
1.5121	0.6265
1.3813	0.5502
1.5122	0.6327
1.3833	0.5595
1.5122	0.6335
1.3846	0.5645
1.5160	0.6352
1.3867	0.5693
1.5184	0.6353
1.3894	0.5712
1.5238	0.6363
1.3876	0.5765
1.5270	0.6393
1.3896	0.5800
1.5319	0.6443
1.3891	0.5860
1.5376	0.6502
1.3907	0.5900
1.5460	0.6502
1.3911	0.5970
1.5553	0.6595
1.3915	0.5983
1.5647	0.6562
1.3928	0.5993
1.5762	0.6572
1.3952	0.6000
1.5891	0.6455
1.3990	0.5995
1.6026	0.6307
1.4009	0.6020
1.6184	0.6160
1.4028	0.6020
1.6337	0.5980
1.4051	0.6035
1.6465	0.5778
1.4076	0.5987
1.6565	0.5565
1.4081	0.5978
1.6622	0.5362
1.4069	0.5920
1.6628	0.5167
1.4070	0.5917
1.6625	0.4938
1.4048	0.5865
1.6618	0.4775
1.4016	0.5858
1.6591	0.4683
1.3989	0.5855
1.6554	0.4652
1.3941	0.5865
1.3592	0.5612
1.6537	0.4620
1.3895	0.5878
1.3713	0.5572
1.6507	0.4608
1.3824	0.5935
1.3822	0.5630
1.6506	0.4647
1.3767	0.6040
1.3939	0.5735
1.6491	0.4692
1.3709	0.6170
1.4074	0.5820
1.6491	0.4738
1.3649	0.6355
1.4205	0.5783
1.6483	0.4830
1.3594	0.6513
1.4365	0.5745
1.6427	0.4988
1.3543	0.6660
1.4538	0.5683
1.6395	0.5095
1.3503	0.6737
1.4700	0.5607
1.6355	0.5235
1.3472	0.6803
1.4859	0.5497
1.6265	0.5410
1.4986	0.5445
1.6147	0.5582
1.5084	0.5425
1.6023	0.5770
1.5160	0.5368
1.5950	0.5880
1.5224	0.5228
1.5865	0.5970
1.5246	0.5180
1.5792	0.6120
1.5258	0.5145
1.5731	0.6175
1.5250	0.5245
1.5673	0.6205
1.5244	0.5280
1.5620	0.6260
1.5235	0.5370
1.5540	0.6238
1.5238	0.5443
1.5486	0.6188
1.5073	0.6870
1.5266	0.5470
1.5401	0.6080
1.5147	0.6985
1.5315	0.5517
1.5360	0.5970
1.5193	0.7075
1.5368	0.5567
1.5320	0.5905
1.5223	0.7173
1.5467	0.5643
1.5278	0.5868
1.5238	0.7170
1.5544	0.5675
1.5230	0.5840
1.5249	0.7105
1.5635	0.5715
1.5192	0.5930
1.5264	0.7002
1.5737	0.5583
1.5157	0.6070
1.5256	0.6862
1.5808	0.5565
1.5117	0.6180
1.5258	0.6698
1.5865	0.5412
1.5057	0.6355
1.5274	0.6543
1.5882	0.5213
1.5004	0.6555
1.5315	0.6435
1.5834	0.5000
1.4941	0.6785
1.5368	0.6275
1.5765	0.4763
1.4827	0.6960
1.5381	0.6190
1.5697	0.4548
1.4760	0.7167
1.5415	0.6078
1.5632	0.4407
1.4627	0.7305
1.5477	0.6022
1.5538	0.4337
1.4486	0.7435
1.5578	0.6000
1.5466	0.4295
1.4327	0.7495
1.5642	0.5963
1.5405	0.4375
1.4166	0.7517
1.5678	0.5922
1.5334	0.4363
1.4011	0.7545
1.5660	0.5855
1.5271	0.4470
1.3868	0.7527
1.5610	0.5788
1.5200	0.4645
1.5548	0.5683
1.5118	0.4840
1.5487	0.5652
1.5029	0.5018
1.5414	0.5572
1.4937	0.5172
1.5344	0.5532
1.4856	0.5260
1.5289	0.5470
1.4717	0.5278
1.5233	0.5425
1.4599	0.5345
1.5208	0.5383
1.4503	0.5415
1.5193	0.5352
1.4407	0.5482
1.5215	0.5402
1.4325	0.5607
1.5243	0.5440
1.4221	0.5750
1.5282	0.5590
1.4116	0.5883
1.5307	0.5690
1.4032	0.6105
1.5306	0.5840
1.3960	0.6255
1.5275	0.5930
1.3913	0.6488
1.5225	0.6060
1.3845	0.6707
1.5164	0.6205
1.3816	0.6927
1.5035	0.6327
1.3785	0.7143
1.4954	0.6375
1.3736	0.7390
1.4828	0.6330
1.3652	0.7568
1.4723	0.6295
1.3596	0.7688
1.4624	0.6198
1.3505	0.7808
1.4511	0.6098
1.3406	0.7783
1.4373	0.5965
1.4256	0.5862
1.4140	0.5697
1.4041	0.5557
1.3976	0.5452
1.1266	0.5450
1.3925	0.5407
1.1291	0.5525
1.3849	0.5367
1.1306	0.5590
1.3789	0.5348
1.1305	0.5590
1.3716	0.5338
1.1296	0.5572
1.3666	0.5302
1.1294	0.5557
1.3610	0.5290
1.1282	0.5633
1.3569	0.5308
1.1266	0.5680
1.3524	0.5388
1.1254	0.5720
1.3443	0.5393
1.1238	0.5717
1.3366	0.5405
1.1227	0.5743
1.3255	0.5413
1.1224	0.5718
1.3165	0.5440
1.1207	0.5735
1.3062	0.5495
1.1184	0.5862
1.2945	0.5518
1.1171	0.5977
1.2854	0.5567
1.1163	0.6178
1.2767	0.5597
1.1145	0.6298
1.2699	0.5610
1.1130	0.6402
1.2605	0.5660
1.1101	0.6515
1.2544	0.5750
1.1069	0.6605
1.2442	0.5855
1.1061	0.6598
1.2402	0.5995
1.1025	0.6612
1.2345	0.6125
1.0973	0.6590
1.0921	0.6460
1.0880	0.6328
1.0827	0.6090
1.0765	0.5893
1.0719	0.5733
1.0646	0.5615
1.0615	0.5505
1.0557	0.5465
1.0515	0.5433
1.0489	0.5443
1.0459	0.5513
1.0430	0.5597
1.0425	0.5805
1.0426	0.5948
1.0429	0.6042
1.0456	0.6120
1.0404	0.7167
1.0465	0.6190
1.0379	0.7100
1.0454	0.6212
1.0350	0.6995
1.0472	0.6252
1.0325	0.6870
1.0454	0.6260
1.0295	0.6705
1.0425	0.6275
1.0269	0.6525
1.0393	0.6335
1.0252	0.6430
1.0338	0.6355
1.0238	0.6335
1.0256	0.6407
1.0229	0.6335
1.0168	0.6520
1.0211	0.6330
1.0092	0.6627
1.0189	0.6350
1.0021	0.6803
1.0147	0.6472
0.9958	0.7030
1.0094	0.6648
1.0030	0.6807
0.9968	0.6915
0.9904	0.7122
0.9845	0.7270
0.9797	0.7322
0.9758	0.7370
0.9728	0.7390
0.9691	0.7355
0.9664	0.7217
0.9636	0.7075
0.9620	0.6917
0.9612	0.6838
0.9611	0.6695
0.9607	0.6850
0.9593	0.6688
0.9576	0.6670
0.9560	0.6705
0.9552	0.6885
0.9549	0.6955
1.1872	0.7415
0.9542	0.7115
1.1846	0.7517
0.9528	0.7208
1.1819	0.7555
0.9512	0.7248
1.1760	0.7493
0.9492	0.7220
1.1759	0.7360
0.9473	0.7053
1.1737	0.7230
0.9446	0.7100
1.1758	0.7112
0.9415	0.7055
1.1775	0.6985
0.9378	0.7042
1.1824	0.6923
0.9344	0.6805
1.1849	0.6933
0.9317	0.6965
1.1884	0.7000
1.1933	0.7085
1.1964	0.7180
1.2023	0.7365
1.1995	0.7603
1.1999	0.7882
1.1967	0.8115
1.1896	0.8393
1.1852	0.8620
1.1824	0.8772
1.1812	0.8795
1.4652	0.6238
1.1776	0.8727
1.4477	0.6267
1.1744	0.8643
1.4314	0.6345
1.1741	0.8508
1.4253	0.6432
1.1732	0.8290
1.4156	0.6530
1.1712	0.7990
1.4198	0.6677
1.1706	0.7653
1.4226	0.6850
1.1704	0.7210
1.4227	0.7020
1.1714	0.6725
1.4292	0.7212
1.1725	0.6295
1.4334	0.7450
1.1728	0.6015
1.4398	0.7703
1.1790	0.5858
1.4472	0.8022
1.1837	0.5760
1.4575	0.8168
1.1839	0.5690
1.4670	0.8195
1.1879	0.5710
1.4762	0.8120
1.1927	0.5785
1.4770	0.7965
1.1977	0.5915
1.4839	0.7775
1.2055	0.6070
1.4901	0.7625
1.2134	0.6245
1.4935	0.7518
1.2130	0.6413
1.4950	0.7368
1.2144	0.6515
1.4967	0.7103
1.2146	0.6622
1.4994	0.6803
1.2132	0.6730
1.5030	0.6625
1.2120	0.6848
1.5050	0.6552
1.2140	0.6965
1.5066	0.6530
1.2135	0.7105
1.5057	0.6512
1.2135	0.7290
1.5029	0.6483
1.2133	0.7518
1.4705	0.6780
1.5005	0.6397
1.2081	0.7795
1.4696	0.6757
1.4956	0.6320
1.2038	0.8033
1.4710	0.6710
1.4896	0.6310
1.1950	0.8225
1.4721	0.6695
1.4799	0.6327
1.1903	0.8360
1.4771	0.6750
1.4692	0.6302
1.4831	0.6707
1.4585	0.6267
1.4874	0.6725
1.4494	0.6202
1.4864	0.6613
1.4408	0.6195
1.4833	0.6620
1.4338	0.6215
1.4818	0.6672
1.4299	0.6340
1.4782	0.6687
1.4242	0.6458
1.4774	0.6668
1.4225	0.6550
1.4755	0.6675
1.4179	0.6585
1.4713	0.6755
1.4180	0.6650
1.4622	0.6643
1.4188	0.6770
1.4549	0.6610
1.4176	0.6915
1.4463	0.6555
1.4129	0.7090
1.4372	0.6572
1.4059	0.7148
1.4280	0.6495
1.4018	0.7157
1.4174	0.6415
1.3936	0.6970
1.4082	0.6350
1.3870	0.6785
1.3985	0.6355
1.3803	0.6623
1.3946	0.6372
1.3734	0.6500
1.3947	0.6248
1.3648	0.6395
1.3959	0.6235
1.3580	0.6332
1.3994	0.6243
1.3513	0.6270
1.4004	0.6228
1.3461	0.6230
1.4008	0.6283
1.3412	0.6260
1.4029	0.6278
1.3348	0.6335
1.4033	0.6270
1.3278	0.6485
1.4052	0.6293
1.3235	0.6655
1.4038	0.6298
1.3203	0.6770
1.4041	0.6285
1.3182	0.6885
1.4027	0.6343
1.2251	0.7060
1.4048	0.6495
1.2292	0.7088
1.4059	0.6540
1.2287	0.7200
1.4063	0.6590
1.2299	0.7320
1.4049	0.6632
1.2297	0.7425
1.4066	0.6715
1.2276	0.7395
1.4070	0.6772
1.2268	0.7358
1.4088	0.6785
1.2249	0.7285
1.4103	0.6755
1.2226	0.7230
1.4126	0.6775
1.2209	0.7073
1.4103	0.6770
1.2189	0.6930
1.4053	0.6703
1.2190	0.6698
1.3986	0.6720
1.2206	0.6493
1.3868	0.6735
1.2215	0.6202
1.3757	0.6683
1.2212	0.6015
1.3651	0.6685
1.2220	0.5828
1.3540	0.6718
1.2247	0.5710
1.3424	0.6748
1.2248	0.5630
1.3348	0.6820
1.2251	0.5528
1.3274	0.6872
1.2242	0.5493
1.3225	0.6927
1.2250	0.5480
1.3139	0.7027
1.2253	0.5490
1.3081	0.7122
1.2238	0.5478
1.3001	0.7170
1.2206	0.5547
1.2919	0.7268
1.2178	0.5533
1.2856	0.7375
1.2136	0.5667
1.2806	0.7440
1.2100	0.5738
1.2752	0.7577
1.2050	0.5887
1.2713	0.7658
1.2003	0.6002
1.2638	0.7770
1.1936	0.6110
1.1863	0.6193
1.1797	0.6277
1.1738	0.6372
1.1662	0.6367
1.1562	0.6495
1.1482	0.6517
1.1408	0.6620
1.1334	0.6615
1.1255	0.6683
1.1191	0.6805
1.1128	0.6955
1.1077	0.7085
1.1029	0.7195
1.1013	0.7267
1.0985	0.7207
1.0007	0.6273
1.0971	0.7210
1.0005	0.6312
1.0946	0.7145
0.9993	0.6335
1.0921	0.7117
1.0007	0.6322
1.0890	0.7107
1.0028	0.6288
1.0868	0.7020
1.0039	0.6285
1.0858	0.6907
1.0056	0.6340
1.0076	0.6378
1.0095	0.6460
1.0120	0.6587
1.0140	0.6627
1.0141	0.6785
1.0147	0.7043
1.0154	0.7215
1.0148	0.7533
1.0157	0.7727
1.0178	0.7827
1.0179	0.7970
1.0177	0.8103
1.2051	0.7662
1.0173	0.8193
1.1988	0.7532
1.0161	0.8210
1.1950	0.7340
1.0140	0.8232
1.1904	0.7103
1.0123	0.8255
1.1863	0.6880
1.0118	0.8422
1.1833	0.6638
1.0104	0.8365
1.1829	0.6475
1.0101	0.8382
1.1806	0.6400
1.0074	0.8620
1.1761	0.6377
1.0057	0.8643
1.1709	0.6352
1.0031	0.8648
1.1689	0.6415
1.0016	0.8710
1.1645	0.6465
0.9999	0.8898
1.1559	0.6545
0.9994	0.8973
1.1530	0.6670
0.9982	0.9015
1.1478	0.6800
0.9986	0.9105
1.1416	0.6945
0.9989	0.9118
1.1341	0.7132
0.9996	0.9142
1.1272	0.7315
0.9992	0.8960
1.1203	0.7440
0.9996	0.8945
1.1113	0.7587
0.9994	0.8945
1.1071	0.7700
1.0013	0.8847
1.1025	0.7798
1.0994	0.7917
1.0963	0.8075
1.0915	0.8282
1.0894	0.8545
1.5193	0.6823
1.0885	0.8987
1.5069	0.6820
1.0861	0.9313
1.4919	0.6823
1.0840	0.9590
1.4766	0.6873
1.0830	0.9757
1.4577	0.6900
1.0825	0.9860
1.4315	0.6840
1.0830	0.9953
1.4083	0.6932
1.0852	0.9900
1.3930	0.6975
1.0875	0.9812
1.3777	0.7075
1.0908	0.9693
1.3673	0.7188
1.0942	0.9340
1.3570	0.7320
1.0963	0.8850
1.3527	0.7427
1.1011	0.8430
1.3447	0.7562
1.1060	0.8067
1.3356	0.7707
1.1107	0.7815
1.3327	0.7840
1.1135	0.7687
1.3283	0.7988
1.1193	0.7515
1.3220	0.8035
1.1235	0.7510
1.3178	0.8082
1.1335	0.7485
1.3122	0.8105
1.1401	0.7495
1.3045	0.8097
1.1479	0.7677
1.3008	0.8060
1.1521	0.7717
1.2950	0.8022
1.1589	0.7807
1.2898	0.7973
1.1660	0.7860
1.2838	0.7895
1.1732	0.7903
1.2772	0.7845
1.2740	0.7865
1.2702	0.7870
1.2682	0.7930
1.2668	0.7975
1.2648	0.8085
1.2650	0.8152
1.2667	0.8163
1.2697	0.8157
1.2719	0.8213
1.2773	0.8197
1.2803	0.8165
1.2830	0.8098
1.0716	0.7655
1.2865	0.7973
1.0705	0.7682
1.2926	0.7900
1.0713	0.7670
1.2979	0.7712
1.0735	0.7650
1.3038	0.7568
1.0775	0.7685
1.3112	0.7433
1.0852	0.7695
1.3165	0.7328
1.0907	0.7635
1.3229	0.7090
1.0955	0.7660
1.3314	0.6925
1.0981	0.7648
1.3397	0.6783
1.0997	0.7615
1.3512	0.6710
1.1002	0.7660
1.3592	0.6615
1.1001	0.7700
1.3687	0.6510
1.0988	0.7723
1.3774	0.6380
1.0973	0.7712
1.3837	0.6335
1.0943	0.7737
1.3898	0.6312
1.0932	0.7703
1.3946	0.6265
1.0929	0.7712
1.3979	0.6290
1.0925	0.7685
1.4022	0.6270
1.0916	0.7680
1.4033	0.6240
1.0899	0.7708
1.4059	0.6185
1.0919	0.7675
1.4050	0.6165
1.0925	0.7612
1.4070	0.6143
1.0956	0.7582
1.4022	0.6210
1.0996	0.7600
1.3968	0.6107
1.1041	0.7540
1.1094	0.7537
1.1146	0.7515
1.1185	0.7470
1.1241	0.7445
1.1259	0.7350
1.1270	0.7273
1.0511	0.7127
1.1265	0.7207
1.0465	0.7032
1.1263	0.7123
1.0424	0.7003
1.1265	0.7020
1.0454	0.7043
1.1276	0.6938
1.0436	0.7148
1.1280	0.6832
1.0472	0.7272
1.1280	0.6763
1.0534	0.7513
1.1289	0.6690
1.0601	0.7682
1.1321	0.6660
1.0695	0.7963
1.1361	0.6663
1.0785	0.8207
1.1409	0.6742
1.0806	0.8400
1.1469	0.6820
1.0825	0.8505
1.1541	0.6860
1.0832	0.8545
1.1606	0.6925
1.0816	0.8525
1.1714	0.6987
1.4911	0.6990
1.0778	0.8435
1.1816	0.7068
1.4756	0.7052
1.0754	0.8290
1.1914	0.7097
1.4653	0.7145
1.0752	0.7992
1.2003	0.7157
1.4580	0.7312
1.0732	0.7767
1.2090	0.7170
1.4526	0.7500
1.0756	0.7453
1.2169	0.7172
1.4413	0.7790
1.0767	0.7173
1.2262	0.7127
1.4360	0.7950
1.0796	0.6922
1.4398	0.8073
1.0822	0.6810
1.4408	0.8170
1.0866	0.6783
1.4420	0.8135
1.0893	0.6825
1.4409	0.8192
1.0934	0.6940
1.4404	0.8122
1.0973	0.7085
1.4377	0.8065
1.1005	0.7288
1.4296	0.7982
1.1025	0.7462
1.4152	0.7995
1.1053	0.7650
1.4024	0.7973
1.1080	0.7790
1.3850	0.8042
1.1104	0.7948
1.3683	0.8050
1.1125	0.7990
1.3473	0.8157
1.1163	0.7952
1.3287	0.8203
1.1207	0.7840
1.3110	0.8230
1.1257	0.7662
1.2879	0.8213
1.1312	0.7460
1.2624	0.8197
1.1365	0.7258
1.2393	0.8155
1.1420	0.7082
1.2343	0.8045
1.1467	0.6907
1.2302	0.7902
1.1498	0.6775
1.5849	0.4420
1.2285	0.7838
1.1513	0.6652
1.5685	0.5027
1.2274	0.7700
1.1529	0.6590
1.5523	0.5627
1.2253	0.7440
1.1553	0.6590
1.5382	0.5700
1.2229	0.7327
1.1549	0.6635
1.5240	0.5795
1.2209	0.7165
1.1542	0.6732
1.5042	0.5897
1.2179	0.7178
1.4905	0.6020
1.2145	0.7125
1.4854	0.6102
1.2104	0.7078
1.4779	0.6172
1.2064	0.7073
1.4754	0.6240
1.2025	0.6985
1.4700	0.6345
1.2008	0.6805
1.4698	0.6457
1.1989	0.6683
1.4669	0.6548
1.2171	0.6770
1.4657	0.6645
1.2242	0.6628
1.4715	0.6660
1.2225	0.6495
1.4745	0.6627
1.2182	0.6330
1.4840	0.6548
1.2160	0.6243
1.4870	0.6528
1.2134	0.6180
1.4967	0.6598
1.2187	0.6020
1.5119	0.6590
1.2265	0.6000
1.5256	0.6625
1.2343	0.5930
1.5393	0.6620
1.2359	0.5895
1.5515	0.6720
1.2469	0.5813
1.5683	0.6768
1.2526	0.5800
1.5793	0.6820
1.2642	0.5795
1.5888	0.6805
1.2728	0.5772
1.5972	0.6803
1.2621	0.5740
1.5999	0.6770
1.2622	0.5620
1.5992	0.6662
1.2640	0.5623
1.5955	0.6612
1.2636	0.5500
1.6099	0.5488
1.5935	0.6462
1.2614	0.5360
1.6055	0.5422
1.5894	0.6343
1.2601	0.5335
1.6006	0.5458
1.5863	0.6105
1.2588	0.5245
1.5978	0.5597
1.5853	0.5900
1.2570	0.5213
1.5953	0.5850
1.5868	0.5750
1.2532	0.5157
1.5944	0.5960
1.5953	0.5657
1.2450	0.5090
1.5938	0.6127
1.6017	0.5600
1.2523	0.5010
1.5950	0.6297
1.6108	0.5562
1.2538	0.4995
1.5978	0.6438
1.6192	0.5557
1.2553	0.4922
1.6017	0.6527
1.6316	0.5535
1.2588	0.4937
1.6053	0.6575
1.6389	0.5565
1.2732	0.5078
1.6080	0.6542
1.6480	0.5588
1.2889	0.5215
1.6120	0.6467
1.6547	0.5670
1.2973	0.5355
1.6167	0.6368
1.6653	0.5725
1.3061	0.5405
1.6235	0.6262
1.6711	0.5735
1.3169	0.5488
1.6304	0.6218
1.6753	0.5720
1.3278	0.5522
1.6389	0.6173
1.6728	0.5690
1.3390	0.5548
1.6414	0.6152
1.6707	0.5673
1.3550	0.5458
1.6438	0.6130
1.6713	0.5628
1.3645	0.5485
1.6454	0.6215
1.6739	0.5552
1.6469	0.6365
1.6771	0.5505
1.6453	0.6470
1.6827	0.5443
1.6419	0.6630
1.6936	0.5355
1.6403	0.6770
1.7018	0.5328
1.6419	0.6765
1.7131	0.5402
1.6433	0.6745
1.7309	0.5402
1.6469	0.6657
1.7450	0.5400
1.6510	0.6488
1.7638	0.5425
1.6551	0.6243
1.7693	0.5453
1.3180	0.6615
1.6606	0.5882
1.7764	0.5562
1.3249	0.6695
1.6685	0.5415
1.7819	0.5615
1.3325	0.6742
1.6779	0.5060
1.7825	0.5667
1.3423	0.6755
1.6872	0.4655
1.7748	0.5680
1.3546	0.6687
1.6956	0.4260
1.7596	0.5707
1.3686	0.6490
1.7007	0.4010
1.7426	0.5640
1.3816	0.6327
1.7037	0.3842
1.7201	0.5645
1.3933	0.6117
1.7074	0.3718
1.7063	0.5670
1.4052	0.5860
1.7117	0.3670
1.6910	0.5627
1.4173	0.5630
1.7106	0.3665
1.6797	0.5535
1.4277	0.5438
1.7088	0.3788
1.6746	0.5453
1.4370	0.5337
1.7074	0.3890
1.6700	0.5360
1.4457	0.5247
1.7034	0.4007
1.6644	0.5350
1.4543	0.5158
1.7005	0.4140
1.6551	0.5317
1.4636	0.5170
1.7011	0.4352
1.6451	0.5278
1.4709	0.5227
1.6998	0.4587
1.6383	0.5270
1.4791	0.5310
1.7024	0.4795
1.6296	0.5315
1.4858	0.5413
1.7014	0.5010
1.6272	0.5295
1.4916	0.5512
1.7024	0.5180
1.6251	0.5322
1.4949	0.5605
1.7043	0.5375
1.6279	0.5403
1.4960	0.5660
1.7063	0.5432
1.6335	0.5430
1.4952	0.5650
1.7071	0.5505
1.6373	0.5535
1.4956	0.5633
1.7103	0.5445
1.6438	0.5543
1.4957	0.5577
1.7116	0.5390
1.4959	0.5427
1.7129	0.5275
1.4991	0.5238
1.7132	0.5150
1.5027	0.5052
1.7091	0.5012
1.5091	0.4842
1.7066	0.4857
1.5142	0.4655
1.7011	0.4770
1.5200	0.4435
1.6935	0.4692
1.5238	0.4283
1.6831	0.4740
1.5281	0.4150
1.6731	0.4778
1.5336	0.4068
1.6622	0.4945
1.4092	0.5827
1.5372	0.4065
1.6549	0.5125
1.4178	0.5860
1.5407	0.4115
1.6454	0.5345
1.4253	0.5882
1.5430	0.4235
1.6349	0.5535
1.4339	0.5860
1.5468	0.4375
1.6263	0.5688
1.4410	0.5827
1.5482	0.4545
1.6185	0.5838
1.4470	0.5767
1.5471	0.4727
1.6119	0.5955
1.4533	0.5672
1.5442	0.4965
1.6027	0.6033
1.4567	0.5532
1.5401	0.5160
1.5990	0.6088
1.4575	0.5362
1.5362	0.5345
1.5943	0.6145
1.4571	0.5185
1.5332	0.5432
1.5886	0.6183
1.4540	0.5025
1.5284	0.5507
1.5842	0.6095
1.4503	0.4865
1.5238	0.5557
1.5820	0.5990
1.4471	0.4715
1.5170	0.5552
1.5815	0.5875
1.4435	0.4595
1.5102	0.5483
1.5812	0.5807
1.4428	0.4473
1.5018	0.5367
1.5752	0.5712
1.4407	0.4423
1.4976	0.5228
1.5718	0.5660
1.4409	0.4373
1.4923	0.5052
1.5668	0.5645
1.4418	0.4400
1.4870	0.4900
1.5621	0.5625
1.4438	0.4425
1.4810	0.4800
1.5582	0.5607
1.4475	0.4490
1.4770	0.4788
1.5530	0.5575
1.4505	0.4583
1.4726	0.4790
1.5474	0.5723
1.4542	0.4678
1.4669	0.4873
1.5805	0.5225
1.4578	0.4790
1.4626	0.4968
1.5882	0.5222
1.4600	0.4915
1.4582	0.5118
1.5869	0.5200
1.4603	0.5033
1.4544	0.5328
1.5968	0.5190
1.4594	0.5120
1.4481	0.5545
1.6046	0.5158
1.4563	0.5205
1.4390	0.5793
1.6219	0.5112
1.4525	0.5252
1.4350	0.6045
1.6265	0.5067
1.4482	0.5292
1.4344	0.6260
1.6329	0.5055
1.4422	0.5302
1.4330	0.6403
1.6404	0.5047
1.4358	0.5270
1.4320	0.6467
1.6388	0.5052
1.4279	0.5257
1.4307	0.6432
1.6376	0.5095
1.4192	0.5223
1.4294	0.6352
1.6289	0.5138
1.4108	0.5175
1.4274	0.6230
1.6357	0.5222
1.4050	0.5155
1.4281	0.6060
1.6340	0.5303
1.4013	0.5150
1.4277	0.5875
1.6345	0.5413
1.4001	0.5197
1.4296	0.5678
1.6312	0.5528
1.4013	0.5238
1.4318	0.5493
1.6428	0.5663
1.4038	0.5312
1.4336	0.5337
1.6412	0.5760
1.4082	0.5402
1.4365	0.5257
1.6427	0.5827
1.4125	0.5510
1.4362	0.5280
1.6412	0.5873
1.4171	0.5597
1.4396	0.5353
1.6383	0.5905
1.4207	0.5700
1.4370	0.5542
1.6275	0.5933
1.4239	0.5795
1.4426	0.5773
1.6176	0.5927
1.4251	0.5870
1.4481	0.6068
1.6098	0.5915
1.4232	0.5902
1.6009	0.5902
1.4208	0.5883
1.5929	0.5920
1.4157	0.5885
1.5891	0.5940
1.4101	0.5855
1.5839	0.5977
1.4026	0.5790
1.5798	0.6033
1.3930	0.5735
1.5793	0.6110
1.3842	0.5683
1.5753	0.6175
1.3754	0.5620
1.5717	0.6235
1.3679	0.5610
1.6567	0.4630
1.5684	0.6315
1.3632	0.5597
1.6488	0.4617
1.5630	0.6360
1.3590	0.5643
1.6403	0.4505
1.5563	0.6393
1.3569	0.5685
1.6309	0.4505
1.5513	0.6382
1.3560	0.5723
1.6213	0.4387
1.5462	0.6355
1.3568	0.5817
1.6119	0.4160
1.5368	0.6325
1.3587	0.5902
1.6058	0.4123
1.5302	0.6302
1.3592	0.6018
1.5954	0.4183
1.5225	0.6255
1.3602	0.6127
1.5872	0.4230
1.5171	0.6193
1.3597	0.6270
1.5787	0.4290
1.5041	0.6117
1.3583	0.6367
1.5670	0.4418
1.4871	0.6050
1.3569	0.6450
1.5558	0.4543
1.4756	0.6020
1.3550	0.6470
1.5425	0.4715
1.4675	0.5978
1.3516	0.6510
1.5320	0.4883
1.4590	0.5965
1.3474	0.6512
1.5231	0.5130
1.4529	0.5960
1.3431	0.6473
1.5194	0.5610
1.4464	0.5938
1.3404	0.6448
1.5132	0.5788
1.4450	0.5930
1.3372	0.6375
1.5086	0.5885
1.4436	0.5940
1.3347	0.6307
1.5036	0.5930
1.4456	0.5945
1.4996	0.5900
1.4457	0.5977
1.4865	0.5850
1.4510	0.5967
1.4801	0.5752
1.4504	0.5958
1.4748	0.5693
1.4495	0.5967
1.4706	0.5528
1.4472	0.5952
1.4650	0.5397
1.4430	0.5930
1.4613	0.5210
1.4350	0.5902
1.4616	0.5107
1.4283	0.5885
1.4650	0.4965
1.4216	0.5850
1.4692	0.4917
1.4131	0.5872
1.4726	0.4927
1.4033	0.5890
1.4790	0.4983
1.3948	0.5940
1.4856	0.4938
1.3830	0.6002
1.4967	0.4917
1.3698	0.6070
1.5027	0.4927
1.3587	0.6170
1.5108	0.4890
1.3502	0.6252
1.5158	0.4867
1.3413	0.6325
1.4373	0.8347
1.5286	0.4892
1.3307	0.6363
1.4372	0.8495
1.5374	0.5020
1.3227	0.6412
1.4379	0.8553
1.5463	0.5052
1.3148	0.6448
1.4373	0.8652
1.5570	0.5098
1.3040	0.6475
1.4351	0.8667
1.5692	0.5155
1.2953	0.6530
1.4313	0.8497
1.5787	0.5328
1.2860	0.6537
1.4255	0.8297
1.5962	0.5485
1.2782	0.6547
1.4190	0.8013
1.6042	0.5670
1.2692	0.6540
1.4092	0.7655
1.6172	0.5928
1.4000	0.7272
1.6209	0.6120
1.3897	0.6907
1.6260	0.6323
1.3757	0.6408
1.6248	0.6467
1.3633	0.6082
1.6201	0.6618
1.3505	0.5680
1.6132	0.6595
1.3398	0.5383
1.6042	0.6657
1.3294	0.5208
1.5932	0.6665
1.3219	0.5123
1.5830	0.6560
1.3160	0.5117
1.5727	0.6530
1.3148	0.5208
1.5630	0.6488
1.3119	0.5315
1.5501	0.6500
1.3095	0.5470
1.5427	0.6437
1.3109	0.5635
1.5367	0.6378
1.3107	0.5757
1.5315	0.6442
1.3118	0.5840
1.5274	0.6580
1.3146	0.5915
1.5221	0.6600
1.3203	0.5910
1.5183	0.6568
1.3274	0.5957
1.5156	0.6610
1.3335	0.5995
1.5111	0.6470
1.3417	0.6052
1.5051	0.6417
1.3281	0.8387
1.3511	0.6117
1.4954	0.6262
1.3374	0.8295
1.3602	0.6232
1.4870	0.6202
1.3464	0.8133
1.3682	0.6300
1.4787	0.6067
1.3555	0.7895
1.3781	0.6448
1.4708	0.5968
1.3629	0.7635
1.3860	0.6600
1.4647	0.5915
1.3680	0.7405
1.3924	0.6790
1.4566	0.6002
1.3707	0.7245
1.3975	0.6945
1.4501	0.6112
1.3722	0.7095
1.4044	0.7072
1.4451	0.6260
1.3716	0.6995
1.4058	0.7170
1.4415	0.6647
1.3693	0.6862
1.4066	0.7253
1.3665	0.6880
1.4043	0.7308
1.3621	0.6900
1.4034	0.7303
1.3553	0.6953
1.4002	0.7258
1.3499	0.7043
1.3914	0.7083
1.3424	0.7115
1.3887	0.6912
1.3358	0.7132
1.3838	0.6785
1.3293	0.7137
1.3777	0.6678
1.3250	0.7135
1.3726	0.6517
1.3242	0.7122
1.3697	0.6415
1.3248	0.7120
1.3625	0.6290
1.3249	0.7062
1.3609	0.6198
1.3249	0.7012
1.3546	0.6143
1.3252	0.6943
1.3519	0.6198
1.3237	0.6907
1.3488	0.6307
1.3219	0.6895
1.3448	0.6500
1.3218	0.6912
1.3435	0.6630
1.3213	0.6983
1.3426	0.6760
1.3201	0.7090
1.3421	0.6973
1.3979	0.6827
1.3199	0.7180
1.3435	0.7062
1.3951	0.6970
1.3173	0.7372
1.3465	0.7107
1.3896	0.7053
1.3169	0.7525
1.3476	0.7145
1.3859	0.7180
1.3156	0.7708
1.3545	0.7158
1.3767	0.7265
1.3141	0.7850
1.3640	0.7112
1.3666	0.7382
1.3155	0.7930
1.3690	0.7125
1.3569	0.7467
1.3171	0.7960
1.3811	0.7083
1.3456	0.7410
1.3186	0.7940
1.3937	0.7040
1.3349	0.7362
1.3221	0.7847
1.4062	0.6965
1.3291	0.7253
1.3255	0.7708
1.3190	0.7153
1.3289	0.7582
1.3117	0.7038
1.3308	0.7343
1.3117	0.6935
1.3299	0.7163
1.3102	0.6757
1.3295	0.6947
1.3108	0.6595
1.3283	0.6805
1.3105	0.6415
1.3256	0.6718
1.3120	0.6270
1.3235	0.6705
1.3132	0.6243
1.3215	0.6727
1.3137	0.6228
1.3187	0.6838
1.3108	0.6222
1.3171	0.6980
1.3074	0.6260
1.3145	0.7242
1.3033	0.6385
1.3125	0.7462
1.2996	0.6483
1.3127	0.7622
1.2947	0.6610
1.3147	0.7840
1.2872	0.6725
1.3164	0.8027
1.2777	0.6865
1.3222	0.8177
1.2690	0.7040
1.3316	0.8330
1.2630	0.7227
1.3390	0.8473
1.2572	0.7422
1.3474	0.8540
1.2510	0.7585
1.3568	0.8577
1.2486	0.7717
1.3671	0.8308
1.2297	0.7295
1.2452	0.7768
1.3824	0.8225
1.2247	0.7332
1.2442	0.7872
1.3971	0.8220
1.2185	0.7322
1.2400	0.7985
1.4106	0.8115
1.2134	0.7303
1.2394	0.8108
1.4224	0.8008
1.2076	0.7140
1.2429	0.8160
1.2032	0.7075
1.2398	0.8190
1.1980	0.6885
1.2353	0.8160
1.1950	0.6905
1.2326	0.8095
1.1950	0.6837
1.2293	0.8045
1.1963	0.6818
1.2251	0.7907
1.1965	0.6925
1.2242	0.7805
1.1967	0.7045
1.2191	0.7678
1.1952	0.7167
1.2203	0.7503
1.1932	0.7270
1.2204	0.7253
1.1912	0.7395
1.2217	0.7050
1.1864	0.7308
1.2256	0.6780
1.1790	0.7365
1.2281	0.6558
1.1732	0.7290
1.2340	0.6288
1.1669	0.7258
1.2379	0.6068
1.1578	0.7192
1.2422	0.5905
1.1524	0.7030
1.2412	0.5775
1.1482	0.6932
1.2439	0.5642
1.1467	0.6707
1.2446	0.5577
1.1473	0.6562
1.2450	0.5607
1.1488	0.6385
1.2441	0.5678
1.1495	0.6515
1.2414	0.5807
1.1523	0.6470
1.1558	0.6480
1.1590	0.6803
1.1593	0.7028
1.1594	0.7242
1.2179	0.4840
1.1516	0.7498
1.2146	0.4450
1.1424	0.7830
1.2021	0.4095
1.1330	0.8072
1.1943	0.4178
1.1198	0.8167
1.1873	0.4340
1.1087	0.7975
1.1753	0.4780
1.0992	0.7920
1.1654	0.5205
1.0908	0.7947
1.1577	0.5613
1.0825	0.7562
1.1561	0.6075
1.0845	0.7373
1.1575	0.6442
1.0884	0.7160
1.1573	0.8085
1.0936	0.7035
1.1565	0.8010
1.0979	0.6947
1.1575	0.7873
1.1006	0.6945
1.1584	0.7330
1.1013	0.7180
1.1624	0.7760
1.1003	0.7555
1.1612	0.7323
1.1323	0.7878
1.1614	0.7075
1.1226	0.8000
1.1613	0.6890
1.1122	0.8205
1.1608	0.6873
1.1017	0.8397
1.1585	0.7033
1.1176	0.8600
1.1564	0.5902
1.1125	0.8655
1.1579	0.6540
1.1100	0.8640
1.1582	0.7222
1.1071	0.8560
1.1580	0.7945
1.1074	0.8393
1.1575	0.7565
1.1553	0.7990
1.1522	0.8195
1.1492	0.8327
1.1469	0.8337
1.1474	0.8222
1.1467	0.8058
1.2673	0.6177
1.1441	0.7837
1.2707	0.6213
1.1422	0.7728
1.2705	0.6222
1.1393	0.7672
1.2758	0.6253
1.1370	0.7762
1.2782	0.6297
1.1355	0.7885
1.2801	0.6415
1.1368	0.8058
1.2817	0.6568
1.1366	0.8268
1.2771	0.6727
1.1371	0.8490
1.2682	0.6855
1.1377	0.8805
1.2616	0.6885
1.1382	0.9140
1.2519	0.6977
1.1413	0.9505
1.2434	0.7057
1.1456	0.9665
1.2376	0.7120
1.1487	0.9695
1.2327	0.7167
1.1534	0.9540
1.2290	0.7198
1.1531	0.9405
1.2221	0.7205
1.1562	0.9305
1.2155	0.7170
1.1614	0.9227
1.2153	0.7103
1.1646	0.9098
1.2158	0.6975
1.1635	0.8920
1.2164	0.6855
1.1654	0.8655
1.2156	0.6640
1.1669	0.8303
1.2154	0.6455
1.2178	0.6345
1.2181	0.6275
1.2203	0.6265
1.2238	0.6217
1.2327	0.6230
1.2592	0.8173
1.2359	0.6258
1.2569	0.8185
1.2393	0.6365
1.2553	0.8140
1.2429	0.6533
1.2544	0.8072
1.2431	0.6737
1.2520	0.7972
1.2435	0.6883
1.2496	0.7802
1.2435	0.6993
1.2491	0.7633
1.2445	0.7093
1.2473	0.7425
1.2448	0.7142
1.2470	0.7265
1.2460	0.7260
