#rho	velocity
0.2468	1.1700
0.5040	1.4378
0.2912	1.2607
0.1818	1.2385
0.2469	1.2070
0.5048	1.4490
0.2912	1.2498
0.1817	1.2063
0.1814	1.1900
0.2468	1.2062
0.5067	1.4580
0.2913	1.2560
0.1811	1.1528
0.2470	1.2033
0.5091	1.4387
0.2909	1.2742
0.1808	1.1235
0.2468	1.2485
0.5120	1.3805
0.2913	1.2962
0.1805	1.0915
0.2468	1.2525
0.5141	1.3510
0.2913	1.3113
0.1803	1.0520
0.2471	1.2395
0.5155	1.3077
0.2909	1.3355
0.1803	1.0260
0.2468	1.1960
0.5160	1.2988
0.2913	1.3173
0.1802	1.0482
0.2467	1.2097
0.5169	1.2735
0.2915	1.3288
0.1802	1.0537
0.2464	1.2210
0.5169	1.2567
0.2919	1.3082
0.1801	1.0687
0.2461	1.1802
0.5176	1.2595
0.2922	1.2880
0.1800	1.0675
0.2457	1.1572
0.5182	1.2802
0.2928	1.2752
0.1797	1.0620
0.2453	1.1600
0.5211	1.2935
0.2934	1.2580
0.1797	1.0570
0.2456	1.1538
0.5211	1.3368
0.2930	1.2298
0.1795	1.0733
0.2457	1.1470
0.5229	1.3485
0.2928	1.2062
0.1793	1.0702
0.2455	1.1738
0.5244	1.3880
0.2931	1.2012
0.1790	1.0828
0.2456	1.1750
0.5270	1.4023
0.2929	1.1725
0.1788	1.0827
0.2456	1.2203
0.5286	1.3627
0.2930	1.1992
0.1784	1.0627
0.2457	1.1965
0.5323	1.3422
0.2928	1.1960
0.1784	1.0755
0.2457	1.1957
0.5320	1.3200
0.2929	1.2350
0.1780	1.0660
0.2458	1.2165
0.5352	1.2895
0.2927	1.2643
0.1780	1.0900
0.2458	1.2258
0.5359	1.2690
0.2927	1.2985
0.1779	1.1073
0.2456	1.2365
0.5367	1.2743
0.2930	1.3155
0.1779	1.1302
0.2456	1.2460
0.5367	1.2697
0.2930	1.3435
0.1779	1.1578
0.2452	1.2560
0.5366	1.3322
0.2935	1.3538
0.1779	1.1710
0.2449	1.2470
0.5370	1.3320
0.2940	1.3395
0.1778	1.1643
0.2447	1.2470
0.5372	1.3643
0.2942	1.3578
0.1777	1.1775
0.2446	1.2562
0.5381	1.4277
0.2944	1.3442
0.1775	1.1855
0.2446	1.2570
0.5403	1.4865
0.2945	1.3610
0.1773	1.1735
0.2445	1.2460
0.5421	1.5267
0.2946	1.3335
0.1770	1.1730
0.2447	1.2550
0.5446	1.5478
0.2943	1.2920
0.1767	1.1623
0.2444	1.2348
0.5476	1.5413
0.2947	1.2755
0.1763	1.1420
0.2445	1.2310
0.5515	1.5150
0.2945	1.2540
0.1760	1.1400
0.2444	1.2282
0.5546	1.4793
0.2948	1.2408
0.1757	1.1047
0.2442	1.2215
0.5577	1.4262
0.2950	1.2465
0.1755	1.0952
0.2445	1.2230
0.5595	1.3900
0.2946	1.2605
0.1755	1.1002
0.2443	1.2440
0.5600	1.3618
0.2949	1.2630
0.1754	1.1130
0.2443	1.2553
0.5606	1.3230
0.2948	1.2585
0.2947	1.2520
0.1754	1.1170
0.2444	1.2607
0.5609	1.2990
0.2950	1.2568
0.1753	1.1490
0.2442	1.2837
0.5616	1.2915
0.2949	1.2660
0.1752	1.1680
0.2442	1.2705
0.5626	1.2945
0.2950	1.2390
0.1751	1.1725
0.2442	1.2878
0.5638	1.3365
0.2946	1.2392
0.1750	1.1947
0.2445	1.2885
0.5646	1.3670
0.2946	1.2143
0.1749	1.1855
0.2445	1.2823
0.5660	1.3945
0.2945	1.1785
0.1748	1.1912
0.2445	1.2945
0.5667	1.4130
0.2945	1.1482
0.1747	1.1818
0.2445	1.2750
0.5675	1.4173
0.2941	1.1090
0.1745	1.1743
0.2448	1.2833
0.5705	1.4043
0.2939	1.0907
0.1743	1.1348
0.2449	1.2707
0.5717	1.3815
0.2935	1.0825
0.1741	1.1120
0.2452	1.2868
0.5743	1.3633
0.2930	1.0810
0.1739	1.0668
0.2456	1.2940
0.5760	1.3417
0.2928	1.1052
0.1738	1.0235
0.2457	1.3030
0.5779	1.3445
0.2920	1.1357
0.1737	1.0277
0.2463	1.3050
0.5788	1.3250
0.2915	1.1617
0.1735	0.9975
0.2466	1.2918
0.5808	1.3280
0.2911	1.1872
0.1734	1.0182
0.2469	1.2845
0.5826	1.3430
0.2909	1.2195
0.1731	1.0255
0.2471	1.2792
0.5850	1.3567
0.2911	1.2395
0.1728	1.0523
0.2469	1.2753
0.5890	1.3935
0.2912	1.2752
0.1727	1.0750
0.2469	1.2433
0.5905	1.4295
0.2917	1.2835
0.1724	1.0938
0.2465	1.2332
0.5941	1.4790
0.2918	1.2892
0.1722	1.1233
0.2464	1.1823
0.5966	1.5017
0.2920	1.2700
0.1720	1.1530
0.2463	1.1665
0.5988	1.5180
0.2921	1.2423
0.1717	1.1677
0.2462	1.1970
0.6017	1.5197
0.2925	1.2125
0.1716	1.1542
0.2459	1.2060
0.6036	1.5090
0.2924	1.1842
0.1712	1.1780
0.2460	1.2285
0.6080	1.4915
0.2929	1.1810
0.1711	1.1555
0.2456	1.2593
0.6095	1.4620
0.2926	1.1800
0.1710	1.1438
0.2458	1.2515
0.6111	1.4395
0.2919	1.1825
0.1707	1.1570
0.2464	1.2640
0.6144	1.4050
0.2913	1.1805
0.1706	1.1175
0.2468	1.2725
0.6163	1.3915
0.2909	1.2020
0.1705	1.1333
0.2470	1.2638
0.6171	1.3465
0.2905	1.2215
0.1704	1.1335
0.2474	1.2970
0.6192	1.3415
0.2908	1.2438
0.1702	1.1218
0.2472	1.2960
0.6208	1.3333
0.2908	1.2552
0.1703	1.1435
0.2472	1.2600
0.6202	1.3118
0.2910	1.2690
0.1700	1.1445
0.2470	1.2325
0.6242	1.3160
0.2913	1.2692
0.1700	1.1182
0.2468	1.2188
0.6242	1.3153
0.2916	1.2567
0.1699	1.1280
0.2465	1.1952
0.6254	1.3265
0.6273	1.3193
0.2917	1.2307
0.1698	1.1628
0.2465	1.2203
0.6274	1.3113
0.2918	1.2190
0.1697	1.1230
0.2464	1.2390
0.6296	1.2810
0.2919	1.1815
0.1696	1.1493
0.2464	1.2510
0.6325	1.2768
0.2918	1.1730
0.1694	1.1497
0.2464	1.2660
0.6348	1.2533
0.2915	1.1508
0.1692	1.1257
0.2466	1.2728
0.6331	1.2277
0.2909	1.1400
0.1693	1.1390
0.2470	1.2565
0.6350	1.2178
0.2904	1.1695
0.1692	1.1590
0.2474	1.2783
0.6347	1.2005
0.2898	1.1868
0.1692	1.1828
0.2479	1.2825
0.6343	1.1835
0.2897	1.2005
0.1693	1.1923
0.2479	1.2870
0.6355	1.1627
0.2896	1.1817
0.1692	1.1965
0.2480	1.2915
0.6344	1.1717
0.2898	1.2423
0.1692	1.1680
0.2479	1.2710
0.6321	1.1640
0.2900	1.2577
0.1694	1.1910
0.2477	1.2468
0.6310	1.1945
0.2903	1.2902
0.1695	1.2140
0.2475	1.2503
0.6318	1.2147
0.2903	1.2882
0.1694	1.2620
0.2475	1.2367
0.6321	1.2185
0.2897	1.2967
0.1694	1.2427
0.2479	1.2298
0.6334	1.2565
0.2905	1.2770
0.1693	1.2527
0.2474	1.2478
0.6328	1.2652
0.2906	1.2373
0.1694	1.1938
0.2473	1.2208
0.6331	1.2700
0.2905	1.2057
0.1693	1.1760
0.2474	1.2205
0.6305	1.2770
0.2906	1.1800
0.1695	1.1907
0.2473	1.1998
0.6335	1.2672
0.2907	1.1918
0.1693	1.1697
0.2472	1.1828
0.6347	1.2597
0.2903	1.1400
0.1692	1.1737
0.2475	1.2038
0.6378	1.2543
0.2903	1.1433
0.1690	1.1480
0.2475	1.2040
0.6386	1.2165
0.2900	1.1657
0.1689	1.1275
0.2477	1.2157
0.6387	1.1980
0.2900	1.1618
0.1689	1.0623
0.2477	1.2185
0.6400	1.1585
0.2898	1.1662
0.1688	1.1338
0.2478	1.2457
0.6404	1.1313
0.2894	1.1783
0.1688	1.1225
0.2482	1.2915
0.6415	1.1230
0.2896	1.1817
0.1687	1.1550
0.2480	1.3327
0.6403	1.0978
0.2896	1.1820
0.1688	1.1530
0.2480	1.3680
0.6415	1.1013
0.2897	1.1893
0.1687	1.1068
0.2480	1.4330
0.6355	1.1040
0.2894	1.1828
0.1692	1.1238
0.2482	1.4830
0.6354	1.0895
0.2884	1.1657
0.1692	1.1065
0.2489	1.4642
0.6352	1.0925
0.2877	1.1447
0.1692	1.1130
0.2494	1.5080
0.6341	1.1003
0.2869	1.1010
0.1693	1.0930
0.2500	1.4945
0.6383	1.0865
0.2860	1.0752
0.1690	1.0795
0.2507	1.5260
0.6384	1.1163
0.2849	1.0490
0.1690	1.0733
0.2516	1.4977
0.6390	1.0952
0.2845	1.0335
0.1689	1.0480
0.2519	1.4582
0.6398	1.0845
0.2836	1.0308
0.1689	0.9747
0.2526	1.4250
0.6409	1.1065
0.2832	1.0433
0.1688	0.9652
0.2529	1.4113
0.6420	1.0675
0.2823	1.0657
0.1687	1.0013
0.2536	1.3822
0.6390	1.0373
0.2820	1.0940
0.1689	0.9908
0.2538	1.3615
0.6392	1.0272
0.2815	1.1405
0.1689	0.9918
0.2543	1.3870
0.6442	1.0317
0.2813	1.1418
0.1686	0.9982
0.2544	1.3603
0.6457	1.0497
0.2810	1.1482
0.1685	1.0125
0.2547	1.3880
0.6437	1.0505
0.2809	1.1565
0.1686	1.0050
0.2548	1.3818
0.6422	1.0858
0.2806	1.1495
0.1687	0.9898
0.2550	1.4450
0.6419	1.1295
0.2805	1.1375
0.1687	0.9770
0.2551	1.4403
0.6425	1.1472
0.2801	1.1190
0.1687	1.0175
0.2554	1.4582
0.6440	1.1685
0.2794	1.0905
0.1686	1.0140
0.2560	1.4597
0.6458	1.2172
0.2787	1.0430
0.1684	1.0048
0.2566	1.4590
0.6470	1.2618
0.2774	1.0167
0.1684	1.0013
0.2577	1.4625
0.6519	1.3080
0.2768	0.9593
0.1680	1.0035
0.2583	1.4530
0.6552	1.3365
0.2761	0.9515
0.1678	0.9980
0.2589	1.4593
0.6588	1.3470
0.2753	0.9605
0.1676	1.0247
0.2596	1.4853
0.6618	1.3733
0.2745	0.9693
0.1674	1.0425
0.2603	1.5067
0.6644	1.3555
0.2738	0.9880
0.1672	1.0217
0.2609	1.4518
0.6680	1.2975
0.2730	1.0013
0.1670	1.0410
0.2617	1.5348
0.6717	1.2793
0.2724	1.0077
0.1668	1.0813
0.2622	1.5538
0.6719	1.2245
0.2714	1.0205
0.1668	1.0812
0.2631	1.5205
0.6746	1.2060
0.2706	1.0472
0.1666	1.0785
0.2639	1.5640
0.6762	1.1770
0.2705	1.0462
0.1665	1.0857
0.2640	1.5502
0.6745	1.1418
0.2688	1.1080
0.1666	1.0678
0.2656	1.5320
0.6726	1.1360
0.2680	1.1018
0.1667	1.0440
0.2664	1.5320
0.6715	1.1452
0.2679	1.0505
0.1668	1.0120
0.2665	1.4955
0.6732	1.1278
0.2669	1.0470
0.1667	1.0070
0.2675	1.5043
0.6726	1.1052
0.2664	1.0167
0.1667	0.9965
0.2680	1.5287
0.6747	1.1152
0.2668	1.0255
0.1666	0.9950
0.2676	1.4805
0.6802	1.1107
0.2662	1.0420
0.1663	0.9900
0.2683	1.4912
0.6841	1.1320
0.2650	1.0547
0.1660	0.9865
0.2694	1.5603
0.6858	1.1082
0.2641	1.0580
0.1659	1.0037
0.2704	1.5212
0.6862	1.1142
0.2632	1.0895
0.1659	1.0500
0.2714	1.5660
0.6856	1.0975
0.2624	1.0803
0.1659	1.1000
0.2722	1.6200
0.6837	1.0580
0.2617	1.0890
0.1660	1.1020
0.2729	1.6178
0.6849	0.9907
0.2608	1.1023
0.1660	1.0955
0.2739	1.6230
0.6828	0.9447
0.2605	1.0975
0.1661	1.0440
0.2743	1.6005
0.6784	0.9188
0.2598	1.1062
0.1664	1.0320
0.2750	1.5923
0.6745	0.9065
0.2593	1.0970
0.1666	1.0455
0.2756	1.5970
0.6761	0.9032
0.2589	1.0773
0.1665	0.9913
0.2761	1.5835
0.6744	0.9013
0.2579	1.0620
0.1666	1.0055
0.2772	1.5837
0.6766	0.9195
0.2573	1.0680
0.1665	0.9947
0.2779	1.5935
0.6757	0.9430
0.2566	1.0230
0.1665	0.9450
0.2787	1.6005
0.6728	0.9542
0.2557	0.9825
0.1667	0.9035
0.2798	1.5800
0.6756	0.9725
0.2549	0.9640
0.1665	0.9645
0.2807	1.6015
0.6752	1.0050
0.2539	0.9942
0.1666	0.9518
0.2819	1.6113
0.6759	1.0545
0.2535	0.9825
0.1665	1.0345
0.2824	1.5990
0.6783	1.0915
0.2522	0.9885
0.1664	1.0485
0.2840	1.5995
0.6791	1.1223
0.2515	0.9845
0.1663	1.0575
0.2849	1.5860
0.6768	1.1335
0.2506	0.9675
0.1665	1.1237
0.2862	1.5780
0.6793	1.1252
0.2499	0.9640
0.1663	1.1040
0.2870	1.5698
0.6784	1.1005
0.2493	0.9492
0.1664	1.0858
0.2878	1.5538
0.6797	1.0600
0.2488	0.9585
0.1663	1.0705
0.2885	1.5010
0.6787	1.0335
0.2481	0.9365
0.1663	1.0943
0.2895	1.5077
0.6765	1.0290
0.2472	0.9240
0.1665	1.0400
0.2907	1.4930
0.6772	1.0082
0.2463	0.9378
0.1664	1.0640
0.2919	1.4732
0.6772	1.0000
0.2460	0.9445
0.1664	1.0162
0.2924	1.4682
0.6773	0.9700
0.2455	0.9395
0.1664	1.0162
0.2931	1.4542
0.6736	0.9740
0.2445	0.9510
0.1667	1.0013
0.2945	1.4657
0.6758	0.9683
0.2437	0.9730
0.1665	0.9940
0.2958	1.4643
0.6742	0.9893
0.2434	0.9728
0.1666	1.0223
0.2961	1.4383
0.6769	1.0005
0.2430	0.9973
0.1665	1.0555
0.2968	1.4505
0.6754	1.0100
0.2426	1.0178
0.1665	1.0890
0.2974	1.4717
0.6762	1.0298
0.2419	1.0492
0.1665	1.1150
0.2984	1.4535
0.6741	1.0118
0.2414	1.0583
0.1666	1.1255
0.2992	1.4530
0.6742	1.0058
0.2408	1.0450
0.1666	1.1048
0.3001	1.4525
0.6722	0.9935
0.2406	1.0450
0.1667	1.1173
0.3004	1.4635
0.6701	0.9900
0.2402	1.0312
0.1669	1.1080
0.3011	1.4740
0.6659	0.9702
0.2398	1.0272
0.1671	1.0888
0.3017	1.4367
0.6656	0.9728
0.2391	1.0130
0.1672	1.0845
0.3029	1.4280
0.6653	0.9445
0.2387	1.0263
0.1672	1.0765
0.3034	1.3810
0.6658	0.9398
0.2382	1.0240
0.1671	1.0750
0.3043	1.3548
0.6648	0.9450
0.2375	1.0255
0.1672	1.0777
0.3054	1.3078
0.6655	0.9452
0.2372	1.0308
0.1672	1.0565
0.3059	1.3118
0.3068	1.2823
0.6641	0.9545
0.2366	1.0912
0.1672	1.0975
0.3066	1.2755
0.6624	0.9767
0.2368	1.0588
0.1674	1.1155
0.3065	1.2550
0.6602	0.9632
0.2368	1.0817
0.1675	1.1732
0.3063	1.2423
0.6584	0.9885
0.2370	1.0843
0.1676	1.2140
0.3069	1.2563
0.6562	1.0095
0.2366	1.0980
0.1678	1.2460
0.3064	1.2452
0.6532	1.0135
0.2369	1.1080
0.1680	1.2448
0.3075	1.2612
0.6533	1.0335
0.2362	1.0890
0.1679	1.2452
0.3076	1.2480
0.6477	1.0470
0.2362	1.0755
0.1683	1.2222
0.3084	1.2540
0.6455	1.0485
0.2357	1.0668
0.1685	1.1863
0.3089	1.2265
0.6452	1.0498
0.2354	1.0585
0.1685	1.1730
0.3094	1.2263
0.6444	1.0450
0.2351	1.0040
0.1685	1.1198
0.3099	1.2225
0.6443	1.0413
0.2349	1.0455
0.1686	1.1102
0.3098	1.2272
0.6453	1.0697
0.2349	1.0388
0.1685	1.0608
0.3098	1.2175
0.6467	1.0613
0.2349	1.0895
0.1684	1.0465
0.3101	1.2205
0.6458	1.0462
0.2347	1.0973
0.1685	1.0175
0.3106	1.2337
0.6469	1.0543
0.2344	1.1190
0.1684	1.0150
0.3109	1.2510
0.6474	1.0560
0.2343	1.1330
0.1683	1.0195
0.3112	1.2592
0.6484	1.0737
0.2341	1.1600
0.1683	1.0393
0.3108	1.2740
0.6467	1.0922
0.2343	1.1670
0.1684	1.0602
0.3113	1.2868
0.6476	1.1072
0.2341	1.1722
0.1683	1.0315
0.3116	1.2547
0.6476	1.1017
0.2339	1.1875
0.1683	1.0660
0.3121	1.2567
0.6474	1.0923
0.2336	1.1672
0.1683	1.0410
0.3117	1.2390
0.6482	1.0737
0.2338	1.1528
0.1683	1.0602
0.3119	1.2255
0.6494	1.0550
0.2337	1.1082
0.1682	0.9978
0.3123	1.2207
0.6521	1.0465
0.2335	1.0912
0.1680	1.0038
0.3119	1.2107
0.6499	1.0248
0.2337	1.0813
0.1682	1.0195
0.3126	1.2123
0.6518	0.9953
0.2333	1.0795
0.1680	0.9950
0.3128	1.2360
0.6496	0.9617
0.2332	1.0522
0.1682	0.9965
0.3131	1.2483
0.6516	0.9410
0.2330	1.0547
0.1681	0.9693
0.3138	1.2443
0.6512	0.9288
0.2326	1.0623
0.1681	1.0358
0.3142	1.2950
0.6481	0.9360
0.2324	1.0727
0.1683	1.0250
0.3148	1.2735
0.6474	0.9532
0.2321	1.0982
0.1683	1.0912
0.3153	1.2902
0.6452	0.9573
0.2318	1.1118
0.1685	1.1035
0.3157	1.2840
0.6470	0.9785
0.2316	1.1275
0.1684	1.1732
0.3159	1.2423
0.6432	1.0013
0.2315	1.1345
0.1686	1.2067
0.3163	1.2352
0.6424	1.0147
0.2313	1.1285
0.1687	1.2065
0.3161	1.2205
0.6402	1.0310
0.2314	1.1265
0.1688	1.2440
0.3164	1.2065
0.6375	1.0292
0.2313	1.1195
0.1690	1.2512
0.3162	1.1670
0.6354	1.0075
0.2313	1.1042
0.1692	1.2810
0.3160	1.1990
0.6342	0.9845
0.2315	1.0888
0.1693	1.2377
0.3163	1.2005
0.6324	0.9668
0.2313	1.0775
0.1694	1.2280
0.3166	1.2132
0.6300	0.9290
0.2311	1.0663
0.1696	1.2058
0.3170	1.2075
0.6273	0.9133
0.2309	1.0697
0.1698	1.1625
0.3170	1.2487
0.6249	0.8812
0.2309	1.0777
0.1699	1.1547
0.3181	1.2587
0.6229	0.8495
0.2303	1.0893
0.1701	1.1235
0.3188	1.2443
0.6216	0.8385
0.2300	1.1025
0.1702	1.1140
0.3190	1.2493
0.6183	0.8300
0.2299	1.1250
0.1704	1.1133
0.3192	1.1915
0.6178	0.8468
0.2298	1.1298
0.1705	1.1235
0.3197	1.2265
0.6141	0.8792
0.2295	1.1598
0.1707	1.1420
0.3194	1.2123
0.6129	0.8825
0.2297	1.1765
0.1708	1.2050
0.3192	1.2172
0.6111	0.9045
0.2298	1.1817
0.1710	1.2385
0.3191	1.2488
0.6083	0.9448
0.2298	1.1795
0.1712	1.2295
0.3183	1.2743
0.6062	0.9718
0.2303	1.1748
0.1714	1.2538
0.3183	1.2578
0.6050	0.9863
0.2302	1.1643
0.1715	1.2778
0.3189	1.3015
0.5988	1.0108
0.2299	1.1435
0.1720	1.2932
0.3195	1.3162
0.5968	1.0042
0.2296	1.1265
0.1721	1.2505
0.3205	1.3182
0.5973	1.0045
0.2291	1.1043
0.1721	1.2377
0.3212	1.3738
0.5970	0.9865
0.2287	1.0967
0.1721	1.2697
0.3216	1.3572
0.5929	0.9665
0.2285	1.0820
0.1725	1.2233
0.3226	1.2670
0.5924	1.0003
0.2280	1.0697
0.1725	1.2275
0.3231	1.2115
0.5932	1.0092
0.2278	1.0765
0.1724	1.2325
0.3236	1.2135
0.5915	1.0292
0.2276	1.0960
0.1726	1.2338
0.3240	1.1318
0.5861	1.0442
0.2274	1.0930
0.1730	1.2665
0.3240	1.1338
0.5868	1.0908
0.2273	1.1078
0.1730	1.2728
0.3229	1.1720
0.5830	1.1230
0.2279	1.1230
0.1733	1.3057
0.3223	1.1845
0.5813	1.1650
0.2282	1.1285
0.1735	1.3823
0.3229	1.1855
0.5831	1.2038
0.2279	1.1397
0.1733	1.3920
0.3220	1.2182
0.5816	1.2292
0.2283	1.1423
0.1734	1.3360
0.3221	1.2177
0.5803	1.2535
0.2283	1.1537
0.1736	1.3575
0.3237	1.2535
0.5799	1.2558
0.2275	1.1608
0.1736	1.2945
0.3242	1.2932
0.5783	1.2482
0.2272	1.1477
0.1737	1.2778
0.3245	1.2585
0.5786	1.2203
0.2271	1.1362
0.1737	1.2745
0.3256	1.3070
0.5789	1.1960
0.2266	1.1745
0.1737	1.2670
0.3254	1.2822
0.5797	1.1668
0.2267	1.1510
0.1736	1.2417
0.3249	1.2055
0.5803	1.1325
0.2269	1.1725
0.1736	1.2095
0.3254	1.2043
0.5793	1.1290
0.2267	1.2007
0.1736	1.2135
0.3255	1.2120
0.5794	1.1152
0.2266	1.2538
0.1736	1.2262
0.3248	1.1615
0.5768	1.1118
0.2270	1.2905
0.1739	1.2572
0.3249	1.1723
0.5753	1.1195
0.2269	1.3275
0.1740	1.2900
0.3243	1.2470
0.5747	1.1252
0.2272	1.3795
0.1741	1.3172
0.3243	1.2040
0.5727	1.1423
0.2272	1.4315
0.1742	1.3247
0.3236	1.2383
0.5713	1.1625
0.2275	1.4370
0.1744	1.3057
0.3229	1.2275
0.5693	1.1837
0.2279	1.4367
0.1746	1.2738
0.3221	1.2378
0.5685	1.2057
0.2283	1.4692
0.1746	1.2453
0.3221	1.2720
0.5677	1.2300
0.2283	1.4650
0.1747	1.2650
0.3206	1.2190
0.5673	1.2090
0.2290	1.4597
0.1748	1.1680
0.3213	1.1747
0.5699	1.1877
0.2287	1.4292
0.1745	1.1313
0.3204	1.1818
0.5709	1.1790
0.2291	1.4095
0.1744	1.0983
0.3201	1.1690
0.5727	1.1540
0.2293	1.3860
0.1742	1.1040
0.3203	1.1163
0.5724	1.1103
0.2292	1.3622
0.1743	1.0740
0.3193	1.1168
0.5754	1.0850
0.2297	1.3400
0.1740	1.0617
0.3184	1.0792
0.5750	1.0652
0.2302	1.3862
0.1740	1.1300
0.3182	1.0965
0.5745	1.0445
0.2303	1.3760
0.1741	1.1655
0.3177	1.1047
0.5717	1.0430
0.2306	1.3992
0.1743	1.2080
0.3171	1.0690
0.5700	1.0345
0.2309	1.4340
0.1745	1.2173
0.3161	1.1085
0.5688	1.0548
0.2314	1.4460
0.1746	1.3040
0.3151	1.1318
0.5658	1.0895
0.2320	1.4478
0.1749	1.3445
0.3148	1.1347
0.5631	1.1132
0.2321	1.4423
0.1752	1.3657
0.3142	1.1265
0.5621	1.1508
0.2325	1.4263
0.1753	1.3402
0.3130	1.1128
0.5607	1.2012
0.2331	1.3933
0.1754	1.3417
0.3126	1.1425
0.5594	1.2348
0.2333	1.3840
0.1755	1.3400
0.3121	1.1260
0.5586	1.2538
0.2336	1.3390
0.1756	1.2928
0.3121	1.1095
0.5583	1.2530
0.2336	1.3025
0.1756	1.2655
0.3117	1.1093
0.5596	1.2360
0.2338	1.2885
0.1755	1.2290
0.3115	1.1308
0.5610	1.2027
0.2339	1.2540
0.1754	1.1992
0.3113	1.1000
0.5621	1.1490
0.2340	1.2423
0.1753	1.1780
0.3109	1.1400
0.5633	1.1103
0.2343	1.2652
0.1751	1.1718
0.3110	1.1380
0.5623	1.0772
0.2342	1.3007
0.1752	1.1808
0.3107	1.1350
0.5625	1.0220
0.2344	1.3290
0.1752	1.2020
0.3106	1.1530
0.5609	0.9830
0.2344	1.3817
0.1754	1.2138
0.3098	1.1535
0.5576	0.9488
0.2349	1.4098
0.1757	1.2470
0.3097	1.1618
0.5548	0.9178
0.2350	1.4397
0.1760	1.2767
0.3090	1.1458
0.5520	0.9160
0.2354	1.4685
0.1763	1.2940
0.3080	1.1410
0.5485	0.9233
0.2359	1.4830
0.1766	1.3143
0.3072	1.1030
0.5469	0.9500
0.2364	1.4580
0.1768	1.3170
0.3064	1.1225
0.5438	1.0170
0.2369	1.4615
0.1771	1.3140
0.3056	1.0775
0.5414	1.0197
0.2374	1.4245
0.1774	1.3015
0.3049	1.0933
0.5394	1.0482
0.2378	1.3995
0.1776	1.2820
0.3042	1.0945
0.5388	1.0900
0.2382	1.3773
0.1776	1.2645
0.3039	1.0980
0.5387	1.0795
0.2384	1.3477
0.1777	1.2725
0.3035	1.0930
0.5397	1.0865
0.2387	1.3215
0.1776	1.2573
0.3032	1.1085
0.5380	1.0803
0.2389	1.3163
0.1777	1.2592
0.3032	1.1430
0.5381	1.0987
0.2388	1.3137
0.1777	1.2670
0.3027	1.1475
0.5382	1.0977
0.2391	1.3030
0.1777	1.2862
0.3025	1.1675
0.5356	1.0935
0.2393	1.3360
0.1780	1.3160
0.3022	1.1833
0.5339	1.0767
0.2395	1.3655
0.1782	1.3332
0.3018	1.2000
0.5311	1.1120
0.2397	1.3750
0.1785	1.3527
0.3017	1.1912
0.5298	1.1293
0.2398	1.3572
0.1787	1.3742
0.3013	1.2228
0.5281	1.1307
0.2400	1.3665
0.1788	1.3702
0.3008	1.2290
0.5261	1.1887
0.2403	1.3327
0.1791	1.3610
0.3001	1.2587
0.5251	1.2170
0.2408	1.3210
0.1792	1.3587
0.3000	1.2560
0.5244	1.2955
0.2409	1.2855
0.1793	1.3320
0.3002	1.2538
0.5243	1.3243
0.2407	1.2568
0.1793	1.2810
0.3001	1.2320
0.5247	1.3535
0.2408	1.2235
0.1792	1.2518
0.3006	1.2275
0.5259	1.3530
0.2405	1.1903
0.1791	1.2082
0.3011	1.2105
0.5260	1.3525
0.2402	1.1387
0.1791	1.1967
0.3013	1.2265
0.5290	1.3235
0.2401	1.1287
0.1787	1.1530
0.3017	1.2288
0.5322	1.2732
0.2398	1.1232
0.1784	1.1525
0.3015	1.2120
0.5338	1.2383
0.2399	1.1235
0.1782	1.1435
0.3015	1.2110
0.5343	1.1883
0.2399	1.1808
0.1781	1.1515
0.3014	1.2043
0.5339	1.1647
0.2399	1.2087
0.1782	1.1515
0.3018	1.2335
0.5339	1.1173
0.2397	1.2308
0.1782	1.1590
0.3021	1.2548
0.5310	1.0960
0.2395	1.2635
0.1785	1.1842
0.3017	1.2682
0.5300	1.0665
0.2398	1.2755
0.1786	1.1890
0.3012	1.3020
0.5279	1.0737
0.2401	1.2832
0.1789	1.1915
0.1790	1.1758
0.3010	1.3135
0.5267	1.0873
0.2402	1.2840
0.1790	1.1850
0.3013	1.2823
0.5267	1.1145
0.2400	1.2855
0.1789	1.1415
0.3015	1.2843
0.5273	1.1598
0.2399	1.2943
0.1790	1.1333
0.3014	1.2810
0.5270	1.2230
0.2400	1.2752
0.1789	1.1153
0.3019	1.2755
0.5276	1.2633
0.2397	1.2420
0.1788	1.0875
0.3020	1.2292
0.5289	1.2548
0.2396	1.2177
0.1786	1.0877
0.3017	1.2197
0.5300	1.2717
0.2398	1.1922
0.1784	1.0905
0.3019	1.2092
0.5320	1.2238
0.2396	1.1845
0.1781	1.0767
0.3018	1.2170
0.5351	1.2255
0.2397	1.1745
0.1779	1.0870
0.3018	1.2000
0.5363	1.2265
0.2397	1.1705
0.1779	1.0902
0.3012	1.2028
0.5361	1.2115
0.2401	1.1682
0.1778	1.0975
0.3018	1.2183
0.5371	1.2195
0.2397	1.1607
0.1781	1.1100
0.3020	1.2135
0.5348	1.2310
0.2396	1.1612
0.1780	1.1382
0.3021	1.2103
0.5353	1.2270
0.2395	1.1552
0.1780	1.1282
0.3024	1.2085
0.5355	1.2620
0.2393	1.1475
0.1780	1.1492
0.3026	1.2165
0.5357	1.3322
0.2392	1.1348
0.1779	1.1198
0.3028	1.1650
0.5369	1.3662
0.2391	1.1313
0.1776	1.1120
0.3029	1.1777
0.5390	1.4622
0.2390	1.1227
0.1775	1.1187
0.3028	1.1677
0.5402	1.5198
0.2391	1.1118
0.1771	1.0887
0.3029	1.1643
0.5441	1.5735
0.2390	1.1033
0.1768	1.0742
0.3027	1.1567
0.5469	1.6130
0.2392	1.0998
0.1763	1.0640
0.3024	1.1662
0.5517	1.6392
0.2393	1.0963
0.1759	1.0655
0.3030	1.1770
0.5556	1.6265
0.2390	1.0922
0.1755	1.0433
0.3032	1.1915
0.5594	1.5910
0.2389	1.0910
0.1750	1.0492
0.3035	1.2048
0.5648	1.5555
0.2387	1.0948
0.1746	1.0470
0.3037	1.2312
0.5686	1.5017
0.2386	1.1005
0.1743	1.0780
0.3040	1.2407
0.5722	1.4398
0.2383	1.1113
0.1742	1.0910
0.3044	1.2102
0.5736	1.4095
0.2381	1.1238
0.1741	1.0945
0.3047	1.2098
0.5742	1.3552
0.2379	1.1443
0.2378	1.1685
0.1740	1.1213
0.3049	1.1965
0.5758	1.3022
0.2377	1.1752
0.1740	1.1217
0.3051	1.1960
0.5755	1.2765
0.2379	1.1807
0.1741	1.1273
0.3048	1.1780
0.5747	1.2385
0.2380	1.1925
0.1739	1.1213
0.3046	1.1650
0.5760	1.2300
0.2381	1.2003
0.1739	1.1212
0.3044	1.1510
0.5762	1.2767
0.2383	1.2010
0.1739	1.1195
0.3040	1.1420
0.5766	1.2957
0.2383	1.2060
0.1737	1.1082
0.3040	1.1615
0.5788	1.3338
0.2384	1.1990
0.1736	1.0952
0.3040	1.1707
0.5796	1.3658
0.2384	1.1770
0.1735	1.0753
0.3039	1.1943
0.5809	1.3600
0.2385	1.1758
0.1732	1.0700
0.3038	1.1983
0.5846	1.3610
0.2384	1.1565
0.1729	1.0667
0.3038	1.2210
0.5878	1.3685
0.2382	1.1495
0.1726	1.0718
0.3043	1.2000
0.5908	1.3543
0.2382	1.1600
0.1724	1.0847
0.3043	1.2087
0.5931	1.3415
0.2378	1.1572
0.1722	1.1138
0.3049	1.2023
0.5955	1.3490
0.2379	1.1605
0.1722	1.1160
0.3048	1.2100
0.5962	1.3155
0.2376	1.1645
0.1721	1.1358
0.3052	1.1970
0.5974	1.3057
0.2377	1.1660
0.1720	1.1332
0.3050	1.1635
0.5983	1.2718
0.2378	1.1717
0.1721	1.1345
0.3049	1.1660
0.5974	1.2750
0.2379	1.1827
0.1721	1.1318
0.3048	1.1555
0.5972	1.2580
0.2379	1.1628
0.1720	1.1300
0.3047	1.1667
0.5986	1.3015
0.2381	1.1575
0.1719	1.1170
0.3044	1.1485
0.5997	1.3187
0.2382	1.1535
0.1718	1.1080
0.3042	1.1658
0.6007	1.3445
0.2382	1.1300
0.1716	1.0690
0.3042	1.1610
0.6032	1.3648
0.2381	1.1147
0.1715	1.0447
0.3044	1.1575
0.6046	1.3735
0.2378	1.0912
0.1712	1.0288
0.3049	1.1482
0.6086	1.3635
0.2377	1.0707
0.1709	1.0040
0.3051	1.1600
0.6122	1.3532
0.2376	1.0553
0.1706	1.0200
0.3052	1.1780
0.6157	1.3630
0.2374	1.0633
0.1704	1.0142
0.3055	1.1950
0.6193	1.3365
0.2374	1.0548
0.1702	1.0572
0.3056	1.2275
0.6216	1.3382
0.2373	1.0667
0.1700	1.0415
0.3057	1.2360
0.6236	1.3033
0.2371	1.0745
0.1699	1.0623
0.3061	1.2622
0.6260	1.2858
0.2368	1.0895
0.1698	1.1250
0.3065	1.2982
0.6265	1.2630
0.2368	1.0850
0.1697	1.1678
0.3066	1.3313
0.6275	1.2595
0.2362	1.0915
0.1699	1.1687
0.3076	1.3808
0.6259	1.2570
0.2359	1.0978
0.1697	1.2013
0.3080	1.4330
0.6286	1.2630
0.2356	1.0808
0.1696	1.2080
0.3086	1.4682
0.6294	1.2615
0.2353	1.0892
0.1698	1.1823
0.3091	1.4805
0.6264	1.2720
0.2347	1.0195
0.1698	1.1623
0.3101	1.5055
0.6264	1.3008
0.2342	1.0040
0.1697	1.1650
0.3111	1.4823
0.6285	1.2970
0.2336	0.9935
0.1697	1.1470
0.3121	1.4833
0.6284	1.2768
0.2328	0.9908
0.1695	1.1347
0.3135	1.4832
0.6302	1.2720
0.2325	0.9712
0.1693	1.0855
0.3141	1.4570
0.6336	1.2493
0.6387	1.2072
0.2314	0.9610
0.1689	1.0742
0.3161	1.4423
0.6364	1.1685
0.2309	0.9575
0.1691	1.1000
0.3170	1.4355
0.6391	1.1388
0.2306	0.9682
0.1689	1.0985
0.3176	1.4190
0.6405	1.1140
0.2303	1.0240
0.1688	1.1372
0.3183	1.4253
0.6395	1.0713
0.2300	1.0350
0.1689	1.1598
0.3187	1.4355
0.6370	1.0288
0.2295	1.0837
0.1691	1.1890
0.3197	1.4407
0.6340	1.0100
0.2291	1.0922
0.1693	1.1610
0.3206	1.4653
0.6316	1.0002
0.2288	1.1078
0.1694	1.2055
0.3212	1.4730
0.6283	0.9870
0.2285	1.1045
0.1697	1.2000
0.3216	1.4660
0.6266	1.0070
0.2283	1.1083
0.1698	1.1990
0.3222	1.4985
0.6258	1.0295
0.2277	1.1230
0.1699	1.1802
0.3234	1.5360
0.6244	1.0577
0.2270	1.1195
0.1700	1.1362
0.3246	1.5280
0.6227	1.0775
0.2268	1.1090
0.1701	1.1435
0.3252	1.5218
0.6234	1.0982
0.2265	1.0667
0.1700	1.0825
0.3258	1.4948
0.6242	1.1272
0.2260	1.0300
0.1700	1.0442
0.3269	1.5088
0.6250	1.1442
0.2252	1.0215
0.1699	1.0752
0.3284	1.5000
0.6277	1.1645
0.2248	1.0360
0.1697	1.0588
0.3292	1.4985
0.6264	1.1850
0.2245	1.0145
0.1698	1.0592
0.3299	1.5072
0.6296	1.1748
0.2241	1.0098
0.1696	1.1050
0.3307	1.5680
0.6332	1.1680
0.2234	1.0285
0.1693	1.1295
0.3324	1.5707
0.6313	1.1697
0.2228	1.0462
0.1695	1.1428
0.3337	1.5448
0.6327	1.1558
0.2224	1.0510
0.1694	1.1945
0.3347	1.5397
0.6326	1.1522
0.2218	1.0430
0.1694	1.1472
0.3359	1.5473
0.6289	1.1365
0.2209	1.0470
0.1696	1.1778
0.3381	1.5482
0.6272	1.1325
0.2206	1.0710
0.1698	1.2263
0.3389	1.5070
0.6271	1.1315
0.2203	1.1212
0.1698	1.1857
0.3395	1.4977
0.6247	1.1385
0.2200	1.1172
0.1699	1.1917
0.3402	1.4823
0.6268	1.1528
0.2195	1.1102
0.1698	1.1823
0.3413	1.4685
0.6263	1.1695
0.2192	1.1025
0.1698	1.1385
0.3421	1.4392
0.6257	1.1787
0.2191	1.0730
0.1699	1.0617
0.3423	1.4352
0.6270	1.1900
0.2191	1.0305
0.1698	1.0580
0.3423	1.4477
0.6285	1.1800
0.2188	1.0167
0.1697	1.0295
0.3431	1.4700
0.6303	1.1850
0.2183	0.9732
0.1695	1.0618
0.3442	1.4865
0.6314	1.1942
0.2177	1.0190
0.1695	1.0992
0.3459	1.5088
0.6365	1.1780
0.2171	1.0185
0.1691	1.0197
0.3474	1.5353
0.6377	1.1462
0.2163	0.9783
0.1690	1.0258
0.3494	1.5377
0.6367	1.1573
0.2157	0.9653
0.1691	1.0185
0.3510	1.5397
0.6366	1.1372
0.2147	0.9790
0.1691	0.9990
0.3537	1.5488
0.6339	1.1035
0.2146	0.9858
0.1693	1.0315
0.3540	1.5282
0.6384	1.1347
0.2143	0.9915
0.1690	1.0652
0.3549	1.5215
0.6366	1.1100
0.2139	1.0097
0.1691	1.0537
0.3559	1.5145
0.6397	1.1315
0.2134	1.0025
0.1689	0.9862
0.3571	1.5193
0.6415	1.1593
0.2130	1.0398
0.1687	0.9540
0.3583	1.5160
0.6372	1.1795
0.2126	0.9895
0.1690	0.9015
0.3594	1.5328
0.6422	1.2033
0.2122	0.9493
0.1687	0.9410
0.3607	1.5483
0.6423	1.2425
0.2117	0.9385
0.1687	0.9232
0.3621	1.5505
0.6487	1.2443
0.2110	0.9340
0.1683	0.9375
0.3642	1.5695
0.6537	1.2700
0.2104	0.8870
0.1679	0.9525
0.3660	1.5718
0.6570	1.3175
0.2097	0.8922
0.1677	0.9238
0.3681	1.5912
0.6605	1.2863
0.2089	0.9353
0.1675	0.9432
0.3707	1.5968
0.6636	1.3075
0.2084	0.9518
0.1673	0.9468
0.3721	1.5800
0.6658	1.3022
0.2078	0.9793
0.1671	0.9928
0.3741	1.5785
0.6687	1.2792
0.2070	0.9983
0.1670	1.0070
0.3768	1.5568
0.6708	1.2405
0.2065	1.0123
0.1668	1.0070
0.3784	1.5240
0.6718	1.2287
0.2064	1.0505
0.1668	1.0122
0.3787	1.5087
0.6735	1.2088
0.2062	1.0648
0.1667	1.0125
0.3794	1.5148
0.6758	1.1972
0.2058	1.0760
0.1665	1.0305
0.3808	1.4797
0.6778	1.2175
0.2056	1.1057
0.1664	1.0045
0.3816	1.4772
0.6778	1.2110
0.2053	1.1025
0.1664	1.0122
0.3825	1.4725
0.6799	1.2145
0.2050	1.0560
0.1663	1.0147
0.3837	1.4680
0.6813	1.2287
0.2046	1.0515
0.1662	1.0340
0.3850	1.4663
0.6809	1.2260
0.2044	1.0292
0.1662	1.0480
0.3858	1.4345
0.6883	1.2155
0.2039	1.0172
0.1658	1.0797
0.3876	1.4393
0.6892	1.1990
0.2034	1.0133
0.1657	1.0880
0.3893	1.4373
0.6903	1.1725
0.2030	1.0193
0.1657	1.1155
0.3909	1.4233
0.6917	1.1597
0.2027	1.0675
0.1656	1.1735
0.3917	1.4085
0.6924	1.1252
0.2024	1.0475
0.1655	1.1272
0.3930	1.4253
0.6905	1.1033
0.2021	1.0652
0.1656	1.1338
0.3943	1.4355
0.6882	1.0435
0.2018	1.1015
0.1658	1.1590
0.3953	1.3875
0.6853	1.0315
0.2016	1.1048
0.1660	1.1503
0.3960	1.3783
0.6801	1.0067
0.2018	1.0495
0.1663	1.1092
0.3954	1.3425
0.6807	0.9962
0.2013	1.0590
0.1662	1.1285
0.3974	1.3263
0.6854	0.9998
0.2008	1.0862
0.1659	1.1092
0.3991	1.2893
0.6784	1.0403
0.2011	1.0425
0.1664	1.1120
0.3982	1.2580
0.6792	1.0695
0.2007	1.0530
0.1663	1.1165
0.3995	1.2635
0.4009	1.2470
0.6820	1.0890
0.2004	0.9610
0.1661	1.0677
0.4014	1.2148
0.6800	1.1320
0.2003	0.9765
0.1663	1.1248
0.4007	1.1800
0.6802	1.0903
0.2004	0.9775
0.1663	1.1567
0.4022	1.1700
0.6815	1.1460
0.2001	0.9515
0.1662	1.1282
0.4027	1.1720
0.6809	1.1360
0.1999	1.0102
0.1662	1.1593
0.4046	1.1912
0.6820	1.1400
0.1995	1.0482
0.1661	1.2033
0.4050	1.1847
0.6814	1.0908
0.1994	1.0638
0.1662	1.1755
0.4056	1.1870
0.6792	1.0988
0.1992	1.0558
0.1663	1.1433
0.4053	1.1970
0.6800	1.0680
0.1993	1.1328
0.1663	1.1380
0.4047	1.1785
0.6771	1.0140
0.1994	1.0905
0.1664	1.0930
0.4056	1.1812
0.6762	0.9885
0.1992	1.1607
0.1665	1.0963
0.4053	1.1952
0.6722	0.9357
0.1993	1.1618
0.1667	1.0488
0.4050	1.2115
0.6762	0.9320
0.1994	1.1578
0.1665	1.0515
0.4043	1.2325
0.6750	0.9233
0.1995	1.1470
0.1666	1.0630
0.4056	1.2270
0.6736	0.9230
0.1992	1.1050
0.1667	1.0575
0.4052	1.2410
0.6722	0.9203
0.1993	1.1240
0.1667	1.0428
0.4061	1.2320
0.6711	0.9725
0.1991	1.1305
0.1668	1.1005
0.4074	1.2348
0.6684	0.9383
0.1988	1.1140
0.1670	1.1462
0.4081	1.2560
0.6674	0.9280
0.1986	1.0870
0.1670	1.1250
0.4088	1.2497
0.6650	0.9662
0.1985	1.1235
0.1672	1.1868
0.4095	1.2257
0.6651	0.9580
0.1983	1.1037
0.1672	1.1738
0.4087	1.2117
0.6609	0.9627
0.1985	1.1282
0.1675	1.1590
0.4090	1.2100
0.6577	0.9397
0.1984	1.1240
0.1677	1.1307
0.4099	1.2038
0.6575	0.9385
0.1982	1.1250
0.1677	1.1040
0.4098	1.2152
0.6542	0.9455
0.1982	1.1130
0.1679	1.0573
0.4093	1.2047
0.6532	0.9352
0.1983	1.0852
0.1680	1.0607
0.4089	1.2450
0.6538	0.9420
0.1984	1.0870
0.1679	1.0100
0.4103	1.2675
0.6517	0.9692
0.1981	1.0593
0.1680	0.9695
0.4107	1.2530
0.6529	0.9938
0.1980	1.0730
0.1680	0.9930
0.4122	1.2640
0.6552	1.0188
0.1977	1.0597
0.1678	0.9700
0.4135	1.2938
0.6542	1.0670
0.1974	1.0743
0.1679	1.0017
0.4140	1.2848
0.6550	1.1110
0.1972	1.0708
0.1678	1.0520
0.4161	1.2700
0.6576	1.1620
0.1968	1.1025
0.1677	1.0740
0.4160	1.2685
0.6576	1.1637
0.1968	1.1223
0.1677	1.1020
0.4167	1.2055
0.6584	1.1637
0.1966	1.1478
0.1676	1.1278
0.4168	1.1908
0.6588	1.1733
0.1966	1.1865
0.1676	1.1345
0.4162	1.1590
0.6589	1.1627
0.1968	1.1690
0.1676	1.1243
0.4160	1.1910
0.6593	1.1420
0.1968	1.2317
0.1676	1.1290
0.4157	1.1955
0.6582	1.1427
0.1969	1.2092
0.1676	1.1140
0.4142	1.2005
0.6583	1.1267
0.1972	1.1965
0.1676	1.0857
0.4137	1.2120
0.6575	1.0935
0.1973	1.1553
0.1677	1.0880
0.4137	1.2035
0.6583	1.0775
0.1973	1.1420
0.1676	1.0510
0.4147	1.2065
0.6588	1.0767
0.1971	1.1033
0.1676	1.0567
0.4155	1.2255
0.6601	1.1005
0.1969	1.0820
0.1675	1.0432
0.4169	1.2197
0.6620	1.1163
0.1966	1.0760
0.1674	1.0533
0.4187	1.2605
0.6593	1.1490
0.1962	1.0700
0.1676	1.0655
0.4183	1.2717
0.6612	1.1645
0.1963	1.0890
0.1674	1.0965
0.4196	1.2028
0.6610	1.1820
0.1960	1.0865
0.1674	1.1302
0.4207	1.1875
0.6632	1.1815
0.1958	1.0980
0.1673	1.1738
0.4192	1.1928
0.6638	1.1865
0.1961	1.1292
0.1673	1.2035
0.4203	1.1807
0.6648	1.1965
0.1959	1.1550
0.1672	1.1910
0.4200	1.2088
0.6643	1.1905
0.1959	1.1480
0.1672	1.2043
0.4187	1.2025
0.6633	1.1957
0.1962	1.1473
0.1673	1.1815
0.4187	1.2070
0.6608	1.1808
0.1962	1.1352
0.1675	1.1693
0.4191	1.2620
0.6605	1.1872
0.1961	1.1135
0.1675	1.1643
0.4196	1.2520
0.6598	1.1800
0.1960	1.0788
0.1675	1.1265
0.4205	1.2182
0.6600	1.1990
0.1958	1.0455
0.1675	1.1045
0.4215	1.2238
0.6623	1.2235
0.1956	1.0180
0.1674	1.0893
0.4233	1.2062
0.6643	1.2672
0.1952	1.0280
0.1672	1.0472
0.4244	1.1700
0.6659	1.2952
0.1950	1.0245
0.1671	1.0407
0.4265	1.1395
0.6696	1.3280
0.1945	1.0235
0.1669	1.0370
0.4262	1.1275
0.6727	1.3383
0.1946	0.9540
0.1667	1.0375
0.4260	1.1262
0.6753	1.3135
0.1946	0.9992
0.1666	1.0685
0.4250	1.1182
0.6805	1.2922
0.1949	1.0255
0.1662	1.0837
0.4243	1.1118
0.6835	1.2407
0.1950	1.0657
0.1661	1.0892
0.4238	1.0960
0.6861	1.2065
0.1951	1.0868
0.1659	1.0982
0.4267	1.1385
0.6873	1.1745
0.1945	1.1162
0.1658	1.0750
0.4261	1.1765
0.6845	1.1445
0.1946	1.1092
0.1660	1.0535
0.4266	1.2072
0.6832	1.1092
0.1945	1.1065
0.1661	1.0583
0.4261	1.2295
0.6796	1.0910
0.1946	1.0755
0.1663	1.0305
0.4268	1.2445
0.6795	1.0790
0.1945	1.0855
0.1663	1.0075
0.4270	1.2445
0.6818	1.0938
0.1944	1.1462
0.1662	1.0015
0.4285	1.2345
0.6837	1.1392
0.1941	1.1195
0.1660	0.9900
0.4287	1.2082
0.6853	1.1770
0.1941	1.0590
0.1660	0.9843
0.4299	1.1955
0.6892	1.2313
0.1938	1.0245
0.1657	0.9900
0.4296	1.1920
0.6929	1.2635
0.1939	1.0430
0.1655	1.0120
0.4303	1.1893
0.6961	1.2813
0.1938	1.0338
0.1653	1.0695
0.4303	1.1772
0.6988	1.2647
0.1938	1.0485
0.1652	1.1165
0.4322	1.2100
0.7017	1.2357
0.1934	1.0375
0.1650	1.1587
0.4324	1.1845
0.7026	1.1953
0.1933	1.0247
0.1650	1.2150
0.4323	1.2040
0.7035	1.1672
0.1933	1.0607
0.1649	1.2708
0.4328	1.2435
0.7021	1.1292
0.1933	1.0858
0.1650	1.3020
0.4333	1.2455
0.6979	1.1193
0.1932	1.0928
0.1652	1.2935
0.4351	1.2628
0.6926	1.1000
0.1928	1.1322
0.1655	1.3108
0.4359	1.2085
0.6873	1.0947
0.1927	1.1420
0.1658	1.2930
0.4349	1.2140
0.6831	1.0910
0.1928	1.0805
0.1661	1.2710
0.4362	1.2042
0.6798	1.1060
0.1926	1.0580
0.1663	1.2415
0.4361	1.1468
0.6822	1.1470
0.1926	1.0857
0.1661	1.2262
0.4371	1.0990
0.6815	1.2005
0.1924	1.0740
0.1662	1.2045
0.4349	1.1423
0.6836	1.2515
0.1928	1.1113
0.1661	1.1763
0.4374	1.1397
0.6861	1.2652
0.1924	1.0535
0.1659	1.1747
0.4383	1.1215
0.6890	1.2942
0.1922	1.0510
0.1657	1.1915
0.4356	1.1390
0.6902	1.2833
0.1927	1.0622
0.1657	1.2235
0.4361	1.1470
0.6922	1.2760
0.1926	1.0690
0.1656	1.2415
0.4371	1.2305
0.6945	1.2550
0.1924	1.0690
0.1654	1.2678
0.4382	1.2338
0.6917	1.2462
0.1922	1.1362
0.1656	1.2875
0.4389	1.2123
0.6894	1.2248
0.1921	1.1610
0.1657	1.2935
0.4390	1.2695
0.6878	1.2160
0.1920	1.1338
0.1658	1.2860
0.4401	1.2563
0.6847	1.2072
0.1918	1.1460
0.1660	1.2750
0.4411	1.2282
0.6824	1.2098
0.1916	1.1397
0.1661	1.2630
0.4412	1.1990
0.6823	1.2227
0.1916	1.1485
0.1661	1.2435
0.4403	1.1882
0.6825	1.2333
0.1918	1.1607
0.1661	1.2290
0.4408	1.2118
0.6836	1.2730
0.1917	1.1310
0.1661	1.2222
0.4403	1.2135
0.6858	1.2968
0.1918	1.1400
0.1659	1.2270
0.4405	1.1743
0.6894	1.3325
0.1918	1.1282
0.1657	1.2555
0.4402	1.1843
0.6897	1.3512
0.1918	1.1125
0.1657	1.2940
0.4400	1.2243
0.6898	1.3698
0.1919	1.1183
0.1657	1.3182
0.4421	1.2415
0.6926	1.3417
0.1915	1.1298
0.1655	1.3667
0.4429	1.2605
0.6913	1.3380
0.1913	1.1440
0.1656	1.4542
0.4429	1.2787
0.6896	1.2838
0.1913	1.1600
0.1657	1.4658
0.4440	1.3027
0.6876	1.2460
0.1911	1.1923
0.1658	1.5330
0.4445	1.2898
0.6874	1.1965
0.1910	1.1975
0.1658	1.5367
0.4452	1.2390
0.6813	1.1385
0.1909	1.2320
0.1662	1.4905
0.4449	1.2300
0.6750	1.1355
0.1909	1.2348
0.1666	1.5060
0.4451	1.2695
0.6725	1.0922
0.1909	1.2545
0.1667	1.4272
0.4445	1.2623
0.6634	1.0935
0.1910	1.2772
0.1673	1.3910
0.4436	1.2525
0.6589	1.0775
0.1912	1.2730
0.1676	1.4340
0.4424	1.2238
0.6604	1.1130
0.1914	1.2493
0.1675	1.3668
0.4428	1.2125
0.6576	1.1330
0.1913	1.2488
0.1677	1.3185
0.4435	1.2203
0.6592	1.1750
0.1912	1.2432
0.1676	1.3545
0.4434	1.2223
0.6606	1.2252
0.1912	1.2270
0.1675	1.3353
0.4437	1.2440
0.6552	1.2538
0.1912	1.2157
0.1678	1.3665
0.4442	1.2777
0.6585	1.2798
0.1911	1.2300
0.1676	1.4150
0.4434	1.2960
0.6585	1.2545
0.1912	1.2557
0.1676	1.4077
0.4442	1.2810
0.6566	1.2490
0.1911	1.2940
0.1677	1.4728
0.4443	1.2733
0.6539	1.1912
0.1911	1.3035
0.1679	1.4878
0.4447	1.2793
0.6492	1.1472
0.1910	1.3220
0.1682	1.4260
0.4443	1.3005
0.6488	1.1015
0.1911	1.3592
0.1682	1.4720
0.4443	1.3433
0.6446	1.0470
0.1910	1.4100
0.1685	1.4487
0.4430	1.2995
0.6403	1.0110
0.1913	1.3782
0.1688	1.4167
0.4422	1.3268
0.6357	0.9795
0.1914	1.4217
0.1691	1.3765
0.4420	1.3250
0.6322	0.9747
0.1915	1.4195
0.1694	1.3357
0.4419	1.3128
0.6279	0.9637
0.1915	1.3730
0.1697	1.3380
0.4408	1.2843
0.6254	0.9638
0.1917	1.3740
0.1699	1.3330
0.4411	1.2775
0.6234	0.9820
0.1916	1.3212
0.1700	1.3280
0.4406	1.2825
0.6216	1.0148
0.1917	1.3177
0.1702	1.3488
0.4410	1.2595
0.6202	1.0395
0.1917	1.2965
0.1703	1.3918
0.4419	1.2480
0.6188	1.0738
0.1915	1.3130
0.1704	1.3965
0.4408	1.2275
0.6153	1.0827
0.1917	1.2737
0.1707	1.4308
0.4413	1.2657
0.6131	1.1057
0.1916	1.3357
0.1708	1.4553
0.4408	1.2470
0.6098	1.1000
0.1917	1.3112
0.1711	1.4597
0.4405	1.2590
0.6052	1.0858
0.1918	1.3198
0.1714	1.4525
0.4393	1.2590
0.6034	1.0880
0.1920	1.3383
0.1716	1.4315
0.4390	1.2680
0.5994	1.0862
0.1920	1.3507
0.1719	1.3945
0.4384	1.2745
0.5974	1.1042
0.1922	1.3498
0.1721	1.3583
0.4381	1.2780
0.5950	1.1183
0.1922	1.2942
0.1723	1.3167
0.4386	1.2875
0.5932	1.1565
0.1921	1.2928
0.1724	1.2850
0.4388	1.2750
0.5935	1.1910
0.1921	1.2160
0.1724	1.2772
0.4376	1.2475
0.5929	1.2500
0.1923	1.1983
0.1725	1.2615
0.4384	1.2370
0.5946	1.2645
0.1922	1.1605
0.1723	1.2662
0.4402	1.2145
0.5954	1.3143
0.1918	1.1287
0.1723	1.2862
0.4403	1.2035
0.5959	1.3658
0.1918	1.1207
0.1722	1.3085
0.4416	1.2017
0.5972	1.3825
0.1915	1.1435
0.1721	1.3370
0.4409	1.2130
0.5985	1.4025
0.1917	1.1345
0.1720	1.3705
0.4414	1.2103
0.5973	1.3895
0.1916	1.1735
0.1721	1.4200
0.4414	1.2065
0.5970	1.3882
0.1916	1.2213
0.1721	1.4445
0.4418	1.2048
0.5972	1.3627
0.1915	1.2565
0.1721	1.4263
0.4411	1.2082
0.5968	1.3190
0.1916	1.3048
0.1721	1.4190
0.4407	1.2058
0.5951	1.2775
0.1917	1.3092
0.1723	1.3970
0.4398	1.1965
0.5925	1.2660
0.1919	1.3160
0.1725	1.3598
0.4396	1.1922
0.5914	1.2430
0.1919	1.3230
0.1726	1.3305
0.4383	1.1697
0.5915	1.2213
0.1922	1.3338
0.1726	1.3100
0.4379	1.1612
0.5902	1.2145
0.1923	1.3237
0.1727	1.2845
0.4369	1.1653
0.5901	1.2235
0.1924	1.3203
0.1727	1.2685
0.4368	1.1482
0.5907	1.2415
0.1925	1.3390
0.1727	1.2367
0.4364	1.1445
0.5908	1.2535
0.1926	1.3678
0.1726	1.2295
0.4355	1.1645
0.5910	1.2652
0.1927	1.3855
0.1726	1.2445
0.4349	1.1757
0.5918	1.3205
0.1928	1.3718
0.1726	1.2533
0.4347	1.1983
0.5919	1.3135
0.1929	1.4085
0.1725	1.2588
0.4325	1.2122
0.5928	1.3125
0.1933	1.4295
0.1725	1.2595
0.4311	1.2168
0.5931	1.3065
0.1936	1.4570
0.1724	1.2892
0.4300	1.2185
0.5929	1.2745
0.1938	1.4765
0.1725	1.2708
0.4305	1.2180
0.5949	1.2590
0.1937	1.4835
0.1723	1.2438
0.4291	1.1957
0.5939	1.2295
0.1940	1.4852
0.1724	1.2105
0.4286	1.1993
0.5944	1.1955
0.1941	1.4312
0.1723	1.2122
0.1725	1.1583
0.4274	1.1940
0.5920	1.1920
0.1944	1.3910
0.1726	1.1370
0.4260	1.1797
0.5912	1.2062
0.1947	1.3408
0.1725	1.0973
0.4251	1.1710
0.5929	1.1983
0.1948	1.3457
0.1724	1.0793
0.4241	1.1630
0.5933	1.2372
0.1951	1.3193
0.1726	1.0708
0.4240	1.1623
0.5916	1.2573
0.1951	1.3108
0.1722	1.0010
0.4239	1.1820
0.5955	1.2860
0.1951	1.3025
0.1721	1.0333
0.4241	1.1977
0.5978	1.3475
0.1950	1.3083
0.1717	1.0530
0.4241	1.2205
0.6021	1.3920
0.1950	1.3137
0.1714	1.0962
0.4234	1.2255
0.6053	1.4425
0.1952	1.3390
0.1712	1.0755
0.4232	1.2270
0.6078	1.4793
0.1952	1.3880
0.1709	1.1282
0.4230	1.2232
0.6127	1.4850
0.1953	1.4100
0.1708	1.1405
0.4220	1.2200
0.6141	1.4660
0.1955	1.4440
0.1705	1.1615
0.4217	1.2105
0.6177	1.4233
0.1956	1.4555
0.1704	1.1762
0.4200	1.2035
0.6187	1.3758
0.1959	1.4472
0.1702	1.2075
0.4183	1.1935
0.6213	1.3580
0.1963	1.4520
0.1702	1.2500
0.4173	1.1742
0.6219	1.3105
0.1965	1.4383
0.1701	1.2463
0.4162	1.1600
0.6220	1.3117
0.1968	1.4230
0.1702	1.2558
0.4155	1.1443
0.6217	1.2672
0.1969	1.4155
0.1703	1.2427
0.4148	1.1388
0.6203	1.2423
0.1971	1.2945
0.1704	1.2478
0.4142	1.1427
0.6192	1.2600
0.1972	1.3130
0.1705	1.2415
0.4138	1.1430
0.6173	1.2730
0.1973	1.3730
0.1704	1.2543
0.4128	1.1253
0.6190	1.3070
0.1975	1.3565
0.1704	1.2472
0.4123	1.1187
0.6186	1.3452
0.1976	1.3630
0.1704	1.2643
0.4146	1.1270
0.6187	1.4005
0.1971	1.3662
0.1701	1.2795
0.4124	1.1312
0.6222	1.4015
0.1976	1.3707
0.1700	1.2575
0.4095	1.1385
0.6244	1.4302
0.1983	1.3815
0.1698	1.2463
0.4084	1.1550
0.6261	1.4075
0.1986	1.3710
0.1696	1.2345
0.4072	1.1765
0.6294	1.4040
0.1988	1.3873
0.1695	1.2038
0.4068	1.1992
0.6309	1.3863
0.1989	1.4618
0.1697	1.1960
0.4061	1.2185
0.6287	1.3520
0.1991	1.3970
0.1695	1.1752
0.4056	1.2325
0.6307	1.3203
0.1992	1.2940
0.1694	1.1428
0.4056	1.2922
0.6317	1.3058
0.1992	1.2705
0.1993	1.2250
0.1694	1.1323
0.4052	1.3165
0.6319	1.3023
0.1992	1.2083
0.1693	1.0890
0.4058	1.3797
0.6330	1.2910
0.1990	1.1783
0.1692	1.0427
0.4064	1.4003
0.6346	1.3258
0.1988	1.1442
0.1691	1.0567
0.4074	1.4260
0.6359	1.3535
0.1984	1.1370
0.1689	1.0567
0.4091	1.4215
0.6392	1.3830
0.1981	1.1282
0.1686	1.0702
0.4103	1.3958
0.6431	1.4248
0.1976	1.1242
0.1683	1.0917
0.4125	1.4043
0.6474	1.4790
0.1974	1.1235
0.1680	1.1003
0.4136	1.3967
0.6519	1.4945
0.1970	1.1362
0.1678	1.1087
0.4151	1.3875
0.6553	1.5183
0.1970	1.1307
0.1676	1.1362
0.4152	1.3645
0.6588	1.5165
0.1972	1.1905
0.1674	1.1355
0.4142	1.3637
0.6615	1.4922
0.1970	1.1867
0.1672	1.1525
0.4152	1.3103
0.6656	1.4680
0.1969	1.1840
0.1670	1.1713
0.4157	1.3088
0.6680	1.4315
0.1968	1.2040
0.1668	1.1748
0.4159	1.2955
0.6708	1.4185
0.1966	1.1870
0.1668	1.1577
0.4171	1.3250
0.6718	1.3840
0.1968	1.1460
0.1666	1.1395
0.4162	1.3985
0.6741	1.3575
0.1966	1.1467
0.1666	1.1560
0.4168	1.3933
0.6750	1.3243
0.1964	1.1407
0.1666	1.1805
0.4179	1.3980
0.6748	1.3160
0.1963	1.1452
0.1665	1.1745
0.4183	1.4060
0.6769	1.3075
0.1959	1.1460
0.1663	1.1845
0.4200	1.3875
0.6790	1.3155
0.1953	1.0995
0.1662	1.2178
0.4231	1.4000
0.6811	1.3287
0.1951	1.0950
0.1662	1.2357
0.4239	1.3603
0.6808	1.3535
0.1949	1.1255
0.1662	1.2397
0.4248	1.3758
0.6803	1.3785
0.1948	1.1300
0.1661	1.2480
0.4252	1.4257
0.6830	1.3690
0.1947	1.1465
0.1660	1.2200
0.4256	1.4460
0.6839	1.3662
0.1945	1.1735
0.1660	1.2590
0.4269	1.3667
0.6843	1.3595
0.1946	1.1715
0.1659	1.2433
0.4262	1.4297
0.6859	1.3178
0.1945	1.1865
0.1658	1.2200
0.4268	1.4152
0.6876	1.2863
0.1940	1.1965
0.1658	1.2013
0.4289	1.5348
0.6882	1.2595
0.1937	1.1905
0.1655	1.1747
0.4308	1.5793
0.6928	1.2035
0.1938	1.1583
0.1656	1.1377
0.4301	1.5980
0.6906	1.1828
0.6878	1.1362
0.1931	1.1683
0.1658	1.0985
0.4334	1.6158
0.6865	1.1092
0.1932	1.1350
0.1659	1.1310
0.4332	1.6317
0.6885	1.0873
0.1923	1.1475
0.1658	1.1083
0.4378	1.5745
0.6866	1.0810
0.1918	1.1302
0.1659	1.1347
0.4402	1.5478
0.6886	1.0860
0.1912	1.1110
0.1658	1.1403
0.4435	1.5830
0.6895	1.1347
0.1913	1.1207
0.1657	1.1357
0.4431	1.5607
0.6856	1.1575
0.1908	1.1255
0.1659	1.1380
0.4457	1.5733
0.6862	1.1657
0.1909	1.1305
0.1659	1.1710
0.4452	1.4720
0.6877	1.2003
0.1906	1.1670
0.1658	1.1735
0.4469	1.4637
0.6854	1.2015
0.1903	1.2295
0.1659	1.1993
0.4483	1.4668
0.6877	1.2107
0.1899	1.2397
0.1658	1.2243
0.4505	1.5250
0.6883	1.2092
0.1899	1.2717
0.1658	1.1755
0.4507	1.5008
0.6880	1.2067
0.1898	1.2788
0.1658	1.1805
0.4512	1.5465
0.6891	1.1935
0.1897	1.2858
0.1657	1.1922
0.4520	1.5470
0.6888	1.1880
0.1895	1.2900
0.1658	1.1880
0.4531	1.5507
0.6882	1.1700
0.1892	1.2828
0.1658	1.1382
0.4546	1.5220
0.6888	1.1690
0.1891	1.2710
0.1658	1.1338
0.4550	1.5485
0.6887	1.1682
0.1889	1.2550
0.1658	1.1538
0.4561	1.5425
0.6878	1.1587
0.1887	1.2330
0.1658	1.1445
0.4576	1.5423
0.6854	1.1645
0.1884	1.2185
0.1659	1.1672
0.4590	1.5442
0.6907	1.1862
0.1882	1.2245
0.1656	1.1855
0.4605	1.5338
0.6917	1.2178
0.1879	1.2203
0.1656	1.1625
0.4622	1.5663
0.6894	1.2305
0.1877	1.2020
0.1657	1.1623
0.4633	1.5578
0.6905	1.2645
0.1875	1.2030
0.1657	1.1702
0.4650	1.5820
0.6885	1.2458
0.1872	1.2050
0.1658	1.1688
0.4669	1.5943
0.6883	1.2447
0.1870	1.2105
0.1658	1.1777
0.4677	1.6205
0.6941	1.2457
0.1867	1.1923
0.1654	1.1972
0.4698	1.6220
0.6952	1.2623
0.1864	1.1965
0.1654	1.1205
0.4714	1.6322
0.6968	1.2460
0.1860	1.1775
0.1653	1.1383
0.4740	1.6162
0.6928	1.2495
0.1857	1.1600
0.1655	1.1128
0.4760	1.5998
0.6972	1.2180
0.1853	1.1150
0.1653	1.0640
0.4785	1.5987
0.6964	1.1840
0.1849	1.1112
0.1653	1.0522
0.4813	1.5770
0.7031	1.1775
0.1847	1.0892
0.1649	1.0403
0.4828	1.5820
0.7009	1.1655
0.1844	1.1233
0.1651	1.0943
0.4848	1.5358
0.7017	1.1777
0.1841	1.1200
0.1650	1.0217
0.4868	1.4962
0.7032	1.1810
0.1837	1.1067
0.1649	1.0515
0.4899	1.4720
0.7070	1.1983
0.1835	1.1520
0.1647	1.0283
0.4913	1.4725
0.7087	1.1990
0.1831	1.1555
0.1646	1.0540
0.4944	1.4628
0.7038	1.2420
0.1832	1.2240
0.1649	1.0285
0.4933	1.4513
0.7081	1.2583
0.1832	1.2535
0.1647	0.9995
0.4937	1.4582
0.7100	1.2932
0.1829	1.2785
0.1646	1.0070
0.4959	1.4435
0.7132	1.2993
0.1828	1.2623
0.1644	1.0265
0.4967	1.4522
0.7177	1.2753
0.1826	1.2205
0.1642	1.0262
0.4975	1.4323
0.7225	1.2710
0.1829	1.1700
0.1639	0.9527
0.4957	1.4250
0.7282	1.2763
0.1828	1.1698
0.1636	0.9760
0.4967	1.4538
0.7327	1.2575
0.1826	1.1643
0.1634	1.0213
0.4979	1.4402
0.7353	1.2530
0.1822	1.1202
0.1633	0.9795
0.5007	1.4160
0.7346	1.2150
0.1817	1.0975
0.1633	1.0040
0.5049	1.3900
0.7368	1.2382
0.1815	1.0990
0.1632	1.0503
0.5060	1.3827
0.7395	1.2217
0.1813	1.0773
0.1631	1.0365
0.5080	1.3323
0.7346	1.2370
0.1810	1.0340
0.1633	1.0442
0.5098	1.3063
0.7422	1.2538
0.1808	1.0980
0.1629	1.0557
0.5117	1.2483
0.7402	1.2722
0.1807	1.1460
0.1630	1.0427
0.5124	1.2065
0.5101	1.2005
0.7427	1.2813
0.1810	1.1748
0.1629	1.0442
0.5097	1.1683
0.7484	1.3380
0.1811	1.1737
0.1626	1.0332
0.5118	1.1485
0.7540	1.3740
0.1808	1.1960
0.1624	0.9630
0.5083	1.1320
0.7574	1.3697
0.1812	1.1993
0.1622	0.9740
0.5081	1.1418
0.7603	1.3990
0.1813	1.2072
0.1621	0.9527
0.5074	1.1390
0.7635	1.3630
0.1814	1.1688
0.1619	0.8942
0.5077	1.1505
0.7744	1.3310
0.1813	1.1585
0.1615	0.8840
0.5074	1.1492
0.7819	1.3045
0.1814	1.1993
0.1611	0.8725
0.5082	1.1487
0.7885	1.3002
0.1812	1.1557
0.1609	0.8530
0.5090	1.1765
0.7925	1.2980
0.1811	1.1340
0.1607	0.8478
0.5085	1.1692
0.7983	1.2548
0.1812	1.1600
0.1605	0.8440
0.5092	1.1630
0.8020	1.2240
0.1811	1.1898
0.1603	0.8438
0.5092	1.1770
0.8065	1.2023
0.1811	1.1960
0.1601	0.8500
0.5079	1.1817
0.8124	1.1993
0.1813	1.2300
0.1599	0.8527
0.5103	1.1877
0.8162	1.1735
0.1810	1.1963
0.1598	0.8300
0.5078	1.2127
0.8146	1.1788
0.1813	1.1850
0.1598	0.8678
0.5063	1.2227
0.8229	1.2750
0.1815	1.2308
0.1595	0.8757
0.5064	1.2425
0.8274	1.2713
0.1815	1.2367
0.1593	0.8905
0.5057	1.2392
0.8341	1.2660
0.1816	1.2043
0.1591	0.9022
0.5086	1.2405
0.8382	1.2872
0.1812	1.1800
0.1589	0.9275
0.5100	1.2538
0.8400	1.3135
0.1810	1.1302
0.1589	0.9322
0.5088	1.2480
0.8569	1.2697
0.1812	1.1282
0.1583	0.9607
0.5095	1.2350
0.8593	1.2570
0.1811	1.0903
0.1582	0.9980
0.5097	1.2295
0.8635	1.2285
0.1811	1.0555
0.1581	1.0462
0.5134	1.2080
0.8671	1.2152
0.1806	1.0750
0.1579	1.0973
0.5143	1.1677
0.8685	1.1968
0.1805	1.0555
0.1579	1.1025
0.5125	1.1980
0.8670	1.1037
0.1807	1.0145
0.1579	1.1485
0.5139	1.1992
0.8645	1.0825
0.1805	1.0155
0.1580	1.1485
0.5148	1.2205
0.8603	1.0733
0.1804	1.0098
0.1582	1.1675
0.5155	1.2030
0.8551	1.0675
0.1803	1.0152
0.1583	1.1322
0.5159	1.2305
0.8535	1.0573
0.1803	1.0190
0.1584	1.1095
0.5185	1.2375
0.8504	1.0618
0.1800	0.9688
0.1585	1.0875
0.5192	1.2323
0.8497	1.0645
0.1799	0.9850
0.1585	1.0353
0.5209	1.2282
0.8497	1.0817
0.1797	0.9657
0.1585	1.0005
0.5235	1.2268
0.8574	1.0993
0.1794	0.9803
0.1583	0.9852
0.5257	1.2278
0.8607	1.0960
0.1791	0.9688
0.1581	0.9753
0.5271	1.1700
0.8631	1.0938
0.1790	0.9573
0.1581	0.9567
0.5273	1.1493
0.8689	1.0938
0.1789	0.9420
0.1579	0.9912
0.5291	1.1402
0.8724	1.0797
0.1787	0.9753
0.1578	0.9948
0.5290	1.1485
0.8721	1.0585
0.1787	1.0118
0.1578	1.0480
0.5300	1.1207
0.8715	1.0492
0.1786	1.0027
0.1578	1.0872
0.5302	1.1180
0.8707	1.0468
0.1786	1.0397
0.1578	1.1093
0.5306	1.1345
0.8647	1.0482
0.1786	1.0230
0.1580	1.1403
0.5301	1.1348
0.8621	1.0370
0.1786	1.0470
0.1581	1.1625
0.5311	1.1135
0.8590	1.0560
0.1785	1.0552
0.1582	1.1552
0.5323	1.1757
0.8551	1.0575
0.1784	1.0383
0.1583	1.1288
0.5314	1.1900
0.8539	1.0683
0.1785	1.0682
0.1584	1.1343
0.5336	1.1938
0.8552	1.0848
0.1782	1.0270
0.1583	1.0895
0.5340	1.1823
0.8538	1.0860
0.1782	1.0070
0.1584	1.0857
0.5323	1.1540
0.8572	1.0797
0.1784	0.9803
0.1583	1.0603
0.5379	1.1472
0.8608	1.0923
0.1778	0.9735
0.1581	1.0475
0.5371	1.1698
0.8608	1.0898
0.1778	0.9225
0.1581	1.0480
0.5402	1.1472
0.8640	1.0710
0.1775	0.9383
0.1580	1.0860
0.5401	1.1707
0.8621	1.0735
0.1775	0.9360
0.1581	1.0855
0.5411	1.2180
0.8619	1.0535
0.1774	0.9003
0.1581	1.1035
0.5424	1.2195
0.8617	1.0285
0.1773	0.9322
0.1581	1.1377
0.5458	1.2065
0.8600	1.0330
0.1769	0.9095
0.1582	1.1460
0.5458	1.2382
0.8530	0.9925
0.1769	0.9830
0.1584	1.1665
0.5478	1.2853
0.8520	0.9920
0.1767	0.9368
0.1584	1.1498
0.5509	1.2828
0.8499	1.0032
0.1764	0.9483
0.1585	1.1233
0.5550	1.2898
0.8449	1.0040
0.1760	0.9320
0.1587	1.0920
0.5548	1.2610
0.8443	0.9947
0.1760	0.9395
0.1587	1.0720
0.5555	1.2500
0.8388	0.9980
0.1759	0.9385
0.1589	1.0350
0.5612	1.2198
0.8393	0.9868
0.1753	0.9020
0.1589	1.0240
0.5614	1.1888
0.8444	0.9515
0.1753	0.9213
0.1587	1.0193
0.5643	1.1345
0.8489	0.9418
0.1750	0.9120
0.1586	1.0125
0.5656	1.1638
0.8488	0.9288
0.1749	0.8870
0.1586	1.0255
0.5650	1.1457
0.8477	0.9370
0.1750	0.8558
0.1586	1.0377
0.5675	1.1240
0.8466	0.9235
0.1747	0.9235
0.1586	1.0710
0.5676	1.1520
0.8403	0.9137
0.1747	0.9223
0.1589	1.1237
0.5691	1.1725
0.8349	0.8923
0.1746	0.9718
0.1591	1.1595
0.5724	1.1882
0.8308	0.9072
0.1743	1.0010
0.1592	1.1835
0.5740	1.2157
0.8248	0.9022
0.1741	0.9735
0.1594	1.1917
0.5741	1.2128
0.8190	0.9288
0.1741	1.0053
0.1596	1.1898
0.5763	1.2222
0.8155	0.9582
0.1739	1.0048
0.1598	1.1765
0.5774	1.2095
0.8120	0.9787
0.1738	0.9892
0.1599	1.1455
0.5779	1.2123
0.8107	1.0052
0.1738	1.0478
0.1600	1.1198
0.5809	1.1615
0.8080	1.0163
0.1735	0.9885
0.1601	1.0997
0.5812	1.1340
0.8108	1.0212
0.1735	0.9385
0.1600	1.0715
0.5820	1.1315
0.8105	1.0092
0.1734	0.9260
0.1600	1.0703
0.5837	1.1090
0.8123	1.0118
0.1733	0.9113
0.1599	1.0832
0.5834	1.1110
0.8153	0.9935
0.1733	0.8585
0.1598	1.0820
0.5857	1.1260
0.8136	0.9678
0.1731	0.8722
0.1598	1.1098
0.5873	1.1325
0.8123	0.9153
0.1729	0.8670
0.1599	1.1382
0.5903	1.1548
0.8075	0.9053
0.1727	0.8740
0.1601	1.1767
0.5908	1.1913
0.8027	0.8815
0.1726	0.9310
0.1603	1.2193
0.5952	1.1790
0.7993	0.8315
0.1723	0.8807
0.1604	1.2412
0.5985	1.1908
0.7899	0.8127
0.1720	0.9503
0.1608	1.2590
0.5997	1.1665
0.7825	0.7950
0.1719	0.9842
0.1611	1.2507
0.6017	1.1490
0.7764	0.7950
0.1717	1.0025
0.1614	1.2145
0.6020	1.1407
0.7700	0.7803
0.1717	0.9970
0.1616	1.1845
0.6044	1.1172
0.7642	0.7785
0.1715	1.0337
0.1619	1.1610
0.6026	1.0993
0.7586	0.8032
0.1717	1.0313
0.1622	1.1230
0.6002	1.1312
0.7563	0.8180
0.1719	1.0492
0.1623	1.0938
0.6007	1.1072
0.7562	0.8015
0.1718	1.0175
0.1623	1.0703
0.6011	1.0927
0.7538	0.7870
0.1718	0.9680
0.1624	1.0465
0.6012	1.0880
0.7532	0.7910
0.1718	0.9877
0.1624	1.0280
0.6034	1.1265
0.7519	0.7795
0.1716	0.9728
0.1625	1.0148
0.6057	1.1708
0.7501	0.7635
0.1714	0.9620
0.1626	1.0363
0.6082	1.1680
0.7453	0.7395
0.1712	0.9735
0.1628	1.0715
0.6112	1.1800
0.7404	0.7505
0.1710	0.9800
0.1630	1.0765
0.6119	1.2055
0.7375	0.7435
0.1709	1.0035
0.1632	1.0902
0.6140	1.1745
0.7324	0.7405
0.1708	1.0375
0.1634	1.0865
0.6156	1.1380
0.7264	0.7557
0.1706	1.0303
0.1637	1.0988
0.6150	1.1247
0.7201	0.7817
0.1707	1.0597
0.1640	1.1095
0.6159	1.1058
0.7185	0.8163
0.1706	1.0878
0.1641	1.1157
0.6162	1.1325
0.7158	0.8380
0.1706	1.0805
0.1643	1.1290
0.6136	1.1058
0.7147	0.8757
0.1708	1.0800
0.1643	1.1245
0.6137	1.0867
0.7134	0.9153
0.1708	1.0978
0.1644	1.1245
0.6131	1.0965
0.7106	0.9520
0.1708	1.0553
0.1645	1.1437
0.6125	1.0883
0.7090	0.9623
0.1709	1.0355
0.1646	1.2635
0.6158	1.0730
0.7071	0.9905
0.1706	1.0100
0.1647	1.2367
0.6160	1.0867
0.7067	0.9997
0.1706	0.9875
0.1647	1.2997
0.6148	1.0837
0.7049	0.9698
0.1707	0.9700
0.1648	1.3813
0.6182	1.0855
0.7007	0.9573
0.1704	0.9650
0.1651	1.4375
0.6199	1.0835
0.6887	0.9303
0.1703	0.9572
0.1658	1.4650
0.6210	1.0332
0.6914	0.9100
0.1702	0.9615
0.1656	1.5195
0.6211	1.0193
0.6853	0.8872
0.1702	0.9725
0.1660	1.5585
0.6224	1.0210
0.6739	0.8805
0.1701	0.9632
0.1666	1.5440
0.6223	1.0118
0.6652	0.8603
0.1701	1.0027
0.1672	1.5603
0.6222	1.0035
0.6590	0.8715
0.1701	1.0185
0.1676	1.4447
0.6213	0.9950
0.6510	0.8662
0.1702	1.0405
0.1681	1.4445
0.6195	0.9915
0.6454	0.8985
0.1703	1.0077
0.1685	1.4375
0.6192	1.0005
0.6446	0.9482
0.1704	1.0100
0.1685	1.3822
0.6189	1.0165
0.6381	0.9848
0.1704	1.0045
0.1690	1.3238
0.6187	1.0020
0.6383	1.0342
0.1704	0.9883
0.1690	1.3088
0.6175	1.0295
0.6402	1.0677
0.1705	0.9803
0.1688	1.2973
0.6199	1.0633
0.6382	1.1052
0.1703	0.9860
0.1690	1.3102
0.6217	1.0668
0.6366	1.1085
0.1702	0.9560
0.1691	1.3580
0.6232	1.0790
0.6365	1.1295
0.1701	0.9420
0.1691	1.3565
0.6232	1.0847
0.6360	1.1080
0.1701	0.9737
0.1691	1.4025
0.6251	1.0975
0.6321	1.0903
0.1699	0.9563
0.1694	1.4680
0.6255	1.1282
0.6288	1.0462
0.1699	0.9793
0.1696	1.4480
0.6278	1.1203
0.6246	1.0075
0.1697	0.9997
0.1700	1.4260
0.6295	1.1410
0.6202	0.9765
0.1696	1.0222
0.1703	1.3773
0.6274	1.1522
0.6151	0.9607
0.1698	1.0542
0.1707	1.3885
0.6285	1.1460
0.6107	0.9417
0.1697	1.1040
0.1710	1.3377
0.6316	1.1360
0.6071	0.9285
0.1694	1.1085
0.1713	1.2825
0.6311	1.1372
0.6044	0.9407
0.1695	1.1205
0.1715	1.2763
0.6326	1.1365
0.6056	0.9518
0.1694	1.1542
0.1714	1.2505
0.6309	1.1430
0.6032	0.9775
0.1695	1.1398
0.1716	1.2528
0.6284	1.1433
0.6020	0.9875
0.1697	1.1632
0.1717	1.2530
0.6277	1.1210
0.6020	1.0245
0.1697	1.1883
0.1717	1.2742
0.6291	1.1328
0.5994	1.0812
0.1696	1.2010
0.1719	1.3108
0.6281	1.1208
0.5980	1.1100
0.1697	1.2045
0.1720	1.3762
0.6276	1.1428
0.5950	1.0970
0.1697	1.2403
0.1723	1.3660
0.6269	1.1508
0.5915	1.1240
0.1698	1.2010
0.1726	1.4000
0.6262	1.1543
0.5892	1.0983
0.1698	1.2263
0.1728	1.4188
0.6257	1.1515
0.5881	1.0870
0.1699	1.2715
0.1729	1.3842
0.6259	1.1508
0.5866	1.0633
0.1699	1.2913
0.1730	1.3637
0.6233	1.1400
0.5842	1.0482
0.1701	1.3155
0.1732	1.3347
0.6245	1.1398
0.5826	1.0597
0.1700	1.3338
0.1734	1.2723
0.6220	1.1397
0.5796	1.0337
0.1701	1.3560
0.1736	1.2330
0.6197	1.1430
0.5788	1.0098
0.1703	1.3770
0.1737	1.2118
0.6172	1.1345
0.5773	1.0078
0.1705	1.3498
0.1738	1.2100
0.6141	1.1342
0.5754	1.0263
0.1707	1.3050
0.1740	1.2062
0.6120	1.1420
0.5770	1.0195
0.1709	1.3270
0.1739	1.1817
0.6097	1.1482
0.5757	1.0527
0.1711	1.3433
0.1740	1.1890
0.6079	1.1587
0.5744	1.0657
0.1712	1.3278
0.1741	1.2075
0.6095	1.1735
0.5730	1.0890
0.1711	1.3253
0.1742	1.2062
0.6103	1.1817
0.5722	1.0907
0.1710	1.3267
0.1743	1.2102
0.6104	1.1722
0.5718	1.0743
0.1710	1.3363
0.1743	1.2337
0.6073	1.1785
0.5706	1.0790
0.1713	1.3477
0.1744	1.2138
0.6070	1.1620
0.5695	1.0515
0.1713	1.3722
0.1746	1.2050
0.6059	1.1480
0.5695	1.0248
0.1714	1.4423
0.1745	1.1660
0.6033	1.1380
0.5676	1.0077
0.1716	1.4797
0.1747	1.1460
0.6000	1.1268
0.5666	0.9918
0.1719	1.5182
0.1748	1.1505
0.5974	1.1180
0.5669	0.9848
0.1721	1.5150
0.1748	1.1472
0.5928	1.1092
0.5645	0.9860
0.1725	1.5322
0.1750	1.1357
0.5884	1.1100
0.5639	0.9903
0.1728	1.5217
0.1751	1.1628
0.5858	1.1077
0.5633	1.0190
0.1731	1.5092
0.1751	1.1805
0.5825	1.1415
0.5616	1.0567
0.1734	1.5000
0.1753	1.2188
0.5794	1.1515
0.5602	1.0995
0.1736	1.4870
0.1754	1.2748
0.5774	1.1652
0.5599	1.1678
0.1738	1.4428
0.1755	1.3100
0.5771	1.2013
0.5586	1.2277
0.1738	1.4332
0.1756	1.3660
0.5755	1.2100
0.5574	1.2862
0.1740	1.4367
0.1757	1.4110
0.5752	1.1975
0.5564	1.3300
0.1740	1.4498
0.1758	1.4285
0.5744	1.1925
0.5558	1.3512
0.1741	1.4542
0.1759	1.4315
0.5739	1.1925
0.5556	1.3545
0.1741	1.4768
0.1759	1.4447
0.5728	1.1833
0.5553	1.3327
0.1742	1.4980
0.1759	1.4158
0.5707	1.1818
0.5555	1.3110
0.1744	1.5123
0.1759	1.3770
0.5659	1.1670
0.5555	1.2820
0.1749	1.5172
0.1759	1.3402
0.5623	1.1468
0.5552	1.2507
0.1752	1.5110
0.1759	1.3002
0.5590	1.1545
0.5543	1.2162
0.1756	1.5053
0.1760	1.2550
0.5569	1.1402
0.5534	1.1975
0.1758	1.4452
0.1761	1.2205
0.5544	1.1373
0.5533	1.1725
0.1760	1.4300
0.1761	1.1955
0.5529	1.1618
0.5528	1.1740
0.1762	1.3690
0.1762	1.1707
0.5513	1.1785
0.5528	1.2027
0.1763	1.3318
0.1762	1.1647
0.5517	1.1928
0.5532	1.2242
0.1763	1.2690
0.1761	1.1550
0.5534	1.1777
0.5538	1.2808
0.1761	1.2515
0.1761	1.1793
0.5522	1.1775
0.5541	1.3137
0.1762	1.2343
0.1761	1.1975
0.5529	1.1655
0.5557	1.3515
0.1762	1.2350
0.1759	1.2162
0.5528	1.1707
0.5576	1.3640
0.1762	1.2525
0.1757	1.2262
0.5543	1.1618
0.5586	1.3563
0.1760	1.2850
0.1756	1.2372
0.5523	1.1455
0.5597	1.3360
0.1762	1.3540
0.1755	1.2302
0.5509	1.1450
0.5605	1.3120
0.1764	1.3485
0.1754	1.2270
0.5487	1.1287
0.5612	1.2775
0.1766	1.3892
0.1753	1.2205
0.5464	1.1250
0.5613	1.2570
0.1768	1.3865
0.1753	1.2168
0.5443	1.1167
0.5606	1.2602
0.1771	1.3910
0.1754	1.2100
0.5409	1.1262
0.5604	1.2647
0.1774	1.3992
0.1754	1.1935
0.5401	1.1442
0.5593	1.2860
0.1775	1.3762
0.1755	1.2032
0.5374	1.1470
0.5592	1.3193
0.1778	1.3530
0.1755	1.1938
0.5373	1.1345
0.5601	1.3672
0.1778	1.3250
0.1755	1.1872
0.5379	1.1230
0.5618	1.4337
0.1777	1.2902
0.1753	1.1838
0.5362	1.1170
0.5642	1.4910
0.1779	1.2557
0.1751	1.1868
0.5372	1.0980
0.5657	1.5870
0.1778	1.2457
0.1749	1.1845
0.5366	1.0918
0.5692	1.6150
0.1779	1.2190
0.1746	1.1865
0.5352	1.0725
0.5729	1.6245
0.1780	1.2493
0.1742	1.1740
0.1739	1.1655
0.5345	1.0590
0.5767	1.6128
0.1781	1.2705
0.1736	1.1628
0.5329	1.0530
0.5802	1.5685
0.1783	1.2668
0.1731	1.1310
0.5316	1.0498
0.5857	1.5235
0.1784	1.2962
0.1729	1.1275
0.5302	1.0735
0.5874	1.4633
0.1786	1.3053
0.1727	1.1180
0.5272	1.1125
0.5899	1.3950
0.1789	1.3103
0.1726	1.0975
0.5260	1.1280
0.5915	1.3465
0.1791	1.3045
0.1726	1.0862
0.5242	1.1718
0.5913	1.3123
0.1793	1.2933
0.1725	1.0710
0.5233	1.2020
0.5920	1.2557
0.1794	1.2908
0.1726	1.0797
0.5236	1.2215
0.5918	1.2682
0.1794	1.2755
0.1726	1.0760
0.5241	1.2352
0.5917	1.2740
0.1793	1.2403
0.1724	1.0907
0.5246	1.2748
0.5938	1.3152
0.1792	1.2260
0.1722	1.1070
0.5261	1.2860
0.5958	1.3703
0.1791	1.2173
0.1720	1.1415
0.5266	1.2787
0.5987	1.4492
0.1790	1.1970
0.1718	1.1520
0.5272	1.2375
0.6007	1.4922
0.1790	1.1925
0.1715	1.1725
0.5270	1.2275
0.6040	1.5342
0.1790	1.1970
0.1713	1.1907
0.5287	1.2370
0.6076	1.5340
0.1788	1.2147
0.1710	1.1960
0.5280	1.2153
0.6103	1.5192
0.1789	1.2167
0.1707	1.2023
0.5278	1.2133
0.6144	1.4997
0.1789	1.2135
0.1706	1.1998
0.5261	1.2140
0.6167	1.4458
0.1791	1.2260
0.1704	1.1977
0.5258	1.2410
0.6182	1.4533
0.1791	1.2182
0.1704	1.1872
0.5259	1.2195
0.6190	1.3992
0.1791	1.2185
0.1703	1.1637
0.5261	1.2065
0.6197	1.3915
0.1791	1.1903
0.1702	1.1470
0.5266	1.2140
0.6208	1.3563
0.1790	1.1803
0.1704	1.1353
0.5265	1.2303
0.6190	1.3758
0.1790	1.1583
0.1701	1.1353
0.5282	1.2288
0.6232	1.4102
0.1788	1.1395
0.1700	1.1472
0.5287	1.2110
0.6237	1.4525
0.1788	1.1155
0.1697	1.1530
0.5289	1.2360
0.6277	1.5310
0.1788	1.0873
0.1695	1.1900
0.5297	1.2400
0.6306	1.5868
0.1787	1.0803
0.1692	1.2030
0.5301	1.2075
0.6355	1.6640
0.1786	1.0692
0.1689	1.2317
0.5308	1.2152
0.6399	1.6712
0.1785	1.0855
0.1686	1.2483
0.5312	1.2553
0.6433	1.6995
0.1785	1.0947
0.1682	1.2712
0.5344	1.2540
0.6502	1.6762
0.1781	1.1002
0.1680	1.2650
0.5356	1.2973
0.6529	1.6518
0.1780	1.1068
0.1677	1.2670
0.5343	1.3090
0.6564	1.6067
0.1781	1.1195
0.1780	1.1085
0.1676	1.2527
0.5356	1.3475
0.6593	1.5955
0.1778	1.1050
0.1675	1.2305
0.5379	1.3643
0.6609	1.5668
0.1778	1.1190
0.1674	1.2223
0.5376	1.3637
0.6614	1.5197
0.1775	1.1037
0.1673	1.1938
0.5406	1.3630
0.6630	1.4987
0.1774	1.0908
0.1672	1.1625
0.5409	1.3880
0.6642	1.4840
0.1770	1.0493
0.1669	1.1358
0.5446	1.4203
0.6693	1.4635
0.1769	1.0300
0.1667	1.1202
0.5463	1.3355
0.6724	1.5013
0.1766	1.0170
0.1665	1.0952
0.5488	1.3653
0.6763	1.5398
0.1764	1.0123
0.1663	1.0948
0.5509	1.3470
0.6800	1.5833
0.1763	0.9930
0.1660	1.0965
0.5518	1.3770
0.6854	1.6180
0.1757	0.9938
0.1657	1.0665
0.5577	1.3573
0.6891	1.5863
0.1758	1.0047
0.1653	1.0847
0.5561	1.3848
0.6959	1.5855
0.1756	1.0232
0.1650	1.0900
0.5585	1.4020
0.7027	1.5555
0.1754	1.0550
0.1646	1.1025
0.5609	1.4220
0.7089	1.5178
0.1750	1.0637
0.1644	1.1138
0.5644	1.4588
0.7136	1.4720
0.1748	1.0892
0.1641	1.1090
0.5671	1.4573
0.7193	1.4450
0.1745	1.1010
0.1640	1.1120
0.5699	1.4795
0.7210	1.3908
0.1743	1.1147
0.1639	1.1193
0.5726	1.4918
0.7218	1.3390
0.1741	1.1105
0.1640	1.1130
0.5742	1.4880
0.7207	1.2832
0.1739	1.1207
0.1640	1.1238
0.5770	1.4743
0.7207	1.2575
0.1734	1.1197
0.1639	1.1452
0.5816	1.4770
0.7226	1.2410
0.1735	1.0992
0.1638	1.1500
0.5806	1.4755
0.7240	1.2155
0.1733	1.0745
0.1638	1.1728
0.5831	1.4755
0.7251	1.2075
0.1731	1.0575
0.1637	1.1852
0.5857	1.4820
0.7264	1.2030
0.1729	1.0427
0.1637	1.2250
0.5878	1.4990
0.7275	1.2188
0.1726	1.0423
0.1636	1.1972
0.5910	1.4752
0.7294	1.2058
0.7279	1.1860
0.1722	1.0477
0.1636	1.2395
0.5955	1.5342
0.7254	1.1673
0.1719	1.0447
0.1638	1.2313
0.6001	1.5352
0.7226	1.1458
0.1716	1.0635
0.1639	1.2433
0.6036	1.5302
0.7201	1.1115
0.1711	1.0800
0.1640	1.2173
0.6090	1.5207
0.7235	1.0953
0.1709	1.0915
0.1639	1.2230
0.6125	1.5255
0.7184	1.0777
0.1707	1.1260
0.1641	1.2195
0.6153	1.5088
0.7184	1.0740
0.1704	1.1412
0.1641	1.1673
0.6184	1.4798
0.7163	1.0635
0.1703	1.1525
0.1642	1.1155
0.6196	1.4703
0.7165	1.0482
0.1703	1.1668
0.1642	1.0855
0.6200	1.4302
0.7160	1.0587
0.1701	1.1700
0.1642	1.1330
0.6230	1.4165
0.7131	1.0690
0.1700	1.1540
0.1644	1.0603
0.6239	1.4098
0.7157	1.0850
0.1699	1.1503
0.1643	1.1087
0.6255	1.3815
0.7172	1.1135
0.1697	1.1358
0.1642	1.1350
0.6276	1.3810
0.7163	1.1390
0.1696	1.1133
0.1642	1.1420
0.6292	1.4065
0.7158	1.1497
0.1694	1.1158
0.1643	1.1497
0.6315	1.3940
0.7193	1.1658
0.1692	1.1048
0.1641	1.1498
0.6353	1.3895
0.7160	1.1683
0.1691	1.1090
0.1642	1.1667
0.6367	1.3900
0.7141	1.1795
0.1689	1.1250
0.1643	1.1960
0.6390	1.3825
0.7162	1.1682
0.1686	1.0898
0.1642	1.1757
0.6434	1.3837
0.7160	1.1610
0.1685	1.1560
0.1642	1.1925
0.6453	1.3777
0.7148	1.1578
0.1684	1.1288
0.1643	1.1755
0.6469	1.3615
0.7159	1.1502
0.1683	1.1222
0.1643	1.1290
0.6483	1.3888
0.7155	1.1300
0.1683	1.1265
0.1643	1.1300
0.6486	1.3867
0.7155	1.1148
0.1679	1.1472
0.1643	1.0810
0.6534	1.3695
0.7126	1.1105
0.1682	1.1563
0.1644	1.0767
0.6497	1.3578
0.7175	1.1102
0.1679	1.1633
0.1642	1.0525
0.6547	1.3517
0.7182	1.1138
0.1676	1.1425
0.1641	1.0668
0.6590	1.3460
0.7141	1.1217
0.1674	1.1218
0.1643	1.0883
0.6610	1.3395
0.7197	1.1380
0.1674	1.1512
0.1641	1.0945
0.6623	1.3357
0.7195	1.1503
0.1673	1.0857
0.1641	1.0773
0.6626	1.3417
0.7207	1.1630
0.1673	1.1292
0.1640	1.1167
0.6630	1.3445
0.7207	1.1683
0.1671	1.1747
0.1640	1.1670
0.6659	1.3180
0.7189	1.1795
0.1670	1.1860
0.1641	1.1173
0.6675	1.3165
0.7200	1.1852
0.1669	1.2018
0.1640	1.1135
0.6695	1.2892
0.7200	1.1837
0.1667	1.2400
0.1640	1.1042
0.6721	1.2897
0.7223	1.1728
0.1666	1.2072
0.1639	1.1487
0.6737	1.2830
0.7183	1.1787
0.1668	1.2692
0.1641	1.1375
0.6717	1.2755
0.7205	1.1592
0.1667	1.2375
0.1640	1.0435
0.6726	1.2520
0.7272	1.1528
0.1669	1.2543
0.1637	1.0885
0.6701	1.2360
0.7278	1.1497
0.1671	1.2867
0.1636	1.0137
0.6670	1.1930
0.7232	1.1392
0.1669	1.2413
0.1639	1.0250
0.6698	1.1453
0.6665	1.1728
0.7250	1.1387
0.1671	1.2728
0.1638	1.0250
0.6688	1.1620
0.7311	1.1500
0.1670	1.2543
0.1635	1.0395
0.6679	1.1735
0.7267	1.1500
0.1670	1.2267
0.1637	1.0983
0.6637	1.1648
0.7344	1.1673
0.1673	1.1677
0.1633	1.0345
0.6651	1.1450
0.7344	1.1600
0.1672	1.2108
0.1633	0.9850
0.6628	1.1450
0.7302	1.1565
0.1673	1.1847
0.1635	0.9753
0.6644	1.1620
0.7321	1.1627
0.1672	1.2415
0.1634	1.0193
0.6653	1.1870
0.7327	1.1880
0.1672	1.2420
0.1634	0.9937
0.6667	1.1822
0.7422	1.2218
0.1671	1.2287
0.1629	1.0062
0.6639	1.2030
0.7420	1.1893
0.1673	1.2900
0.1629	0.9857
0.6630	1.1667
0.7446	1.1828
0.1673	1.2000
0.1628	0.9167
0.6617	1.1697
0.7468	1.1773
0.1674	1.2152
0.1627	0.9065
0.6630	1.1530
0.7478	1.1832
0.1673	1.2193
0.1627	0.8888
0.6597	1.1672
0.7584	1.1615
0.1675	1.2625
0.1622	0.9518
0.6575	1.1622
0.7571	1.1810
0.1677	1.2412
0.1622	0.9950
0.6599	1.1400
0.7597	1.1780
0.1675	1.2130
0.1621	1.0108
0.6604	1.1610
0.7624	1.1958
0.1675	1.1315
0.1620	1.0292
0.6595	1.1498
0.7657	1.1825
0.1675	1.1570
0.1618	0.9770
0.6583	1.1912
0.7660	1.1640
0.1676	1.1343
0.1618	1.0220
0.6570	1.1817
0.7631	1.2027
0.1677	1.1152
0.1620	1.0353
0.6566	1.1993
0.7636	1.2110
0.1677	1.1158
0.1619	1.0383
0.6643	1.1818
0.7658	1.2405
0.1672	1.1165
0.1618	1.0403
0.6624	1.1895
0.7715	1.2043
0.1674	1.1715
0.1616	1.0328
0.6647	1.1777
0.7751	1.2060
0.1672	1.1410
0.1614	1.0240
0.6633	1.1887
0.7768	1.1962
0.1673	1.1233
0.1614	0.9760
0.6672	1.1837
0.7802	1.1808
0.1670	1.1533
0.1612	0.9617
0.6661	1.1590
0.7864	1.1550
0.1671	1.2110
0.1609	0.9583
0.6611	1.1465
0.7864	1.1383
0.1674	1.1372
0.1609	0.9590
0.6616	1.1303
0.7880	1.1335
0.1674	1.1572
0.1609	0.9625
0.6627	1.1752
0.7896	1.1347
0.1673	1.1163
0.1608	0.9722
0.6592	1.1847
0.7900	1.1655
0.1676	1.1285
0.1608	0.9760
0.6598	1.1802
0.7896	1.1607
0.1675	1.1110
0.1608	0.9850
0.6632	1.1780
0.7935	1.2245
0.1673	1.0490
0.1607	0.9945
0.6623	1.1823
0.7962	1.2515
0.1674	1.0423
0.1605	1.0020
0.6685	1.2150
0.7969	1.2650
0.1670	1.0652
0.1605	1.0062
0.6723	1.2318
0.8040	1.2825
0.1667	1.0555
0.1602	1.0035
0.6723	1.2020
0.8087	1.2893
0.1667	1.0815
0.1600	1.0010
0.6725	1.2013
0.8159	1.3160
0.1667	1.0993
0.1598	1.0252
0.6740	1.1652
0.8202	1.2452
0.1666	1.0863
0.1596	1.0295
0.6762	1.1297
0.8232	1.2147
0.1665	1.1177
0.1595	1.0148
0.6749	1.1152
0.8265	1.1570
0.1666	1.1197
0.1594	1.0325
0.6704	1.0860
0.8273	1.1000
0.1669	1.1105
0.1593	1.0595
0.6723	1.1117
0.8318	1.0370
0.1667	1.1040
0.1592	1.0715
0.6693	1.1375
0.8246	1.0067
0.1669	1.0957
0.1594	1.1042
0.6696	1.1100
0.8231	0.9837
0.1669	1.0918
0.1595	1.1147
0.6719	1.1200
0.8204	0.9747
0.1668	1.0397
0.1596	1.1800
0.6701	1.1648
0.8141	0.9603
0.1669	0.9947
0.1598	1.1687
0.6732	1.1805
0.8113	0.9240
0.1667	0.9933
0.1599	1.1870
0.6779	1.2085
0.8073	0.9682
0.1664	0.9870
0.1601	1.2015
0.6778	1.2380
0.8059	0.9742
0.1664	0.9857
0.1602	1.2330
0.6823	1.2197
0.7994	0.9920
0.1661	0.9913
0.1604	1.1833
0.6861	1.2513
0.7997	1.0143
0.1659	0.9970
0.1604	1.1377
0.6897	1.2060
0.7970	1.0367
0.1657	0.9923
0.1605	1.1093
0.6897	1.1685
0.7940	1.0220
0.1657	1.0055
0.1606	1.0902
0.6930	1.1598
0.7895	1.0383
0.1655	0.9730
0.1608	1.0858
0.6932	1.1638
0.7955	1.0163
0.1655	0.9995
0.1606	1.0763
0.6938	1.1622
0.7980	1.0225
0.1655	0.9845
0.1605	1.0652
0.6932	1.1547
0.8019	0.9928
0.1655	0.9940
0.1603	1.1437
0.6932	1.1850
0.7985	0.9848
0.1655	0.9825
0.1604	1.0865
0.6954	1.1782
0.7997	0.9720
0.1654	0.9928
0.1604	1.0840
0.6980	1.1988
0.7918	0.9638
0.1652	0.9817
0.1607	1.1460
0.7032	1.2233
0.7942	0.9632
0.1649	1.0088
0.1606	1.1880
0.7053	1.2482
0.7782	0.9723
0.1648	1.0055
0.1613	1.1960
0.7095	1.2550
0.7814	0.9892
0.1646	1.0095
0.1612	1.2203
0.7113	1.2605
0.7758	0.9890
0.1645	1.0478
0.1614	1.1647
0.7147	1.2313
0.7730	1.0013
0.1643	1.0680
0.1615	1.0940
0.7151	1.1993
0.7704	0.9767
0.1643	1.1138
0.1616	1.0903
0.7173	1.1823
0.7741	1.0115
0.1642	1.1160
0.1615	0.9708
0.7176	1.1535
0.7701	0.9877
0.1642	1.1120
0.1616	1.0302
0.7166	1.1448
0.7779	0.9797
0.1642	1.0985
0.1613	0.9738
0.7142	1.1480
0.7803	0.9515
0.1643	1.1113
0.1612	0.9647
0.7118	1.1275
0.7802	0.9310
0.1645	1.0583
0.1612	0.9570
0.7119	1.1452
0.7832	0.9047
0.1645	1.0712
0.1611	0.9970
0.7138	1.1635
0.7762	0.8838
0.1644	1.0613
0.1614	0.9718
0.7160	1.1775
0.7765	0.8760
0.1642	1.0383
0.1614	1.0625
0.7184	1.2232
0.7715	0.8910
0.1641	1.0430
0.1616	1.1078
0.7222	1.2057
0.7673	0.9145
0.1639	0.9995
0.1618	1.1302
0.7250	1.1995
0.7632	0.9187
0.1638	1.0250
0.1619	1.1710
0.7283	1.1920
0.7598	0.9527
0.1636	1.0535
0.1621	1.1597
0.7312	1.1535
0.7559	0.9908
0.1635	1.0555
0.1623	1.1912
0.7331	1.1107
0.7548	1.0258
0.1634	1.0742
0.1623	1.1690
0.7333	1.0950
0.7548	1.0280
0.1634	1.0823
0.1623	1.1408
0.7301	1.0455
0.7534	1.0260
0.1635	1.0755
0.1624	1.1017
0.7281	1.0270
0.7521	1.0375
0.1636	1.0850
0.1625	1.0815
0.7262	0.9850
0.7530	1.0135
0.1637	1.0765
0.1624	1.0455
0.7222	0.9598
0.7548	0.9867
0.1639	1.0585
0.1623	1.0347
0.7235	0.9970
0.7543	0.9692
0.1639	1.1000
0.1624	1.0405
0.7219	1.0098
0.7545	0.9428
0.1639	1.0870
0.1623	1.0210
0.7222	1.0310
0.7548	0.9303
0.1639	1.0885
0.1623	1.0328
0.7216	1.0390
0.7523	0.9022
0.1640	1.1118
0.1624	1.0363
0.7226	1.0595
0.7493	0.8905
0.1639	1.1238
0.1626	1.0590
0.7224	1.0822
0.7467	0.8827
0.1639	1.1755
0.1627	1.0630
0.7219	1.0965
0.7447	0.8957
0.1639	1.2062
0.1628	1.1010
0.7221	1.0637
0.7407	0.9052
0.1639	1.2282
0.1630	1.0930
0.7186	1.0952
0.7381	0.9180
0.1641	1.2623
0.1631	1.0842
0.7156	1.0985
0.7361	0.9340
0.1643	1.2830
0.1632	1.0830
0.7139	1.1400
0.7343	0.9278
0.1644	1.2690
0.1633	1.0585
0.7106	1.1175
0.7318	0.9310
0.1645	1.2655
0.1634	1.0602
0.7054	1.1383
0.7340	0.9173
0.1648	1.2593
0.1633	1.0248
0.7046	1.1755
0.7339	0.9137
0.1649	1.2238
0.1633	1.0182
0.7039	1.2013
0.7330	0.9092
0.1649	1.2027
0.1634	1.0130
0.7092	1.1953
0.7324	0.9135
0.1646	1.1787
0.1634	1.0275
0.7068	1.2145
0.7306	0.9157
0.1647	1.1525
0.1635	1.0203
0.7097	1.2398
0.7290	0.9278
0.1646	1.1203
0.1636	1.0887
0.7136	1.2452
0.7269	0.9500
0.1644	1.1052
0.1637	1.1110
0.7154	1.2327
0.7250	0.9708
0.1643	1.0998
0.1638	1.1233
0.7156	1.1647
0.7222	1.0300
0.1643	1.1088
0.1639	1.1802
0.7169	1.1980
0.7208	1.0718
0.1642	1.1215
0.1640	1.2038
0.7175	1.1567
0.7170	1.1430
0.1642	1.1242
0.1642	1.2317
0.7188	1.1423
0.7170	1.1843
0.1641	1.1528
0.1642	1.2352
0.7173	1.1372
0.7169	1.2190
0.1642	1.1612
0.1642	1.2240
0.7148	1.1363
0.7167	1.2478
0.1643	1.1618
0.1642	1.1945
0.7146	1.1452
0.7168	1.2455
0.1643	1.1543
0.1642	1.1660
0.7130	1.1865
0.7197	1.2220
0.1644	1.1530
0.1641	1.0898
0.7126	1.1583
0.7216	1.1985
0.1644	1.1512
0.1640	1.0595
0.7130	1.1765
0.7245	1.1815
0.1644	1.1255
0.1638	1.0265
0.7130	1.2123
0.7278	1.1455
0.1644	1.1215
0.1636	0.9755
0.7160	1.1987
0.7292	1.1247
0.1642	1.1078
0.1636	0.9477
0.7210	1.1993
0.7309	1.0852
0.1640	1.0850
0.1635	0.9553
0.7195	1.2057
0.7316	1.0918
0.1641	1.0710
0.1634	0.9518
0.7226	1.1835
0.7332	1.0850
0.1639	1.0395
0.1634	0.9795
0.7242	1.1980
0.7346	1.0835
0.1638	1.0475
0.1633	0.9963
0.7240	1.1793
0.7354	1.1147
0.1638	1.0607
0.1633	1.0387
