#rho	velocity
0.3784	1.1518
0.3332	0.9997
0.2065	0.8483
0.2230	1.1940
0.3789	1.1475
0.3329	0.9935
0.2064	0.9720
0.2232	1.2370
0.3798	1.1415
0.3327	1.0072
0.2061	0.9737
0.2233	1.1928
0.3807	1.1370
0.3332	1.0057
0.2058	1.0163
0.2230	1.1568
0.3826	1.1270
0.3334	1.0220
0.2053	1.0320
0.2229	1.1852
0.3832	1.1092
0.3323	1.0057
0.2051	0.9883
0.2234	1.2118
0.3804	1.0997
0.3317	0.9930
0.2059	0.9780
0.2237	1.2317
0.3801	1.0830
0.3313	0.9715
0.2060	0.9537
0.2239	1.2475
0.3805	1.0780
0.3310	0.9265
0.2059	1.0025
0.2240	1.2392
0.3808	1.0833
0.3302	0.8988
0.2058	1.0160
0.2244	1.2597
0.3818	1.0875
0.3287	0.8938
0.2055	1.1130
0.2251	1.2580
0.3825	1.0903
0.3276	0.8942
0.2053	0.9950
0.2256	1.2245
0.3836	1.0892
0.3267	0.9068
0.2050	1.0058
0.2260	1.2452
0.3829	1.0800
0.3264	0.9272
0.2052	0.9960
0.2262	1.2275
0.3846	1.0805
0.3256	0.9075
0.2047	1.0563
0.2266	1.2120
0.3825	1.0777
0.3244	0.9527
0.2053	1.0837
0.2271	1.1488
0.3831	1.0723
0.3246	0.9295
0.2051	1.1280
0.2271	1.0945
0.3825	1.0650
0.3241	0.9540
0.2053	1.1960
0.2273	1.0797
0.3829	1.0572
0.3245	0.9303
0.2052	1.1500
0.2271	1.0957
0.3815	1.0450
0.3237	0.9462
0.2056	1.2177
0.2275	1.0773
0.3817	1.0305
0.3245	0.9587
0.2056	1.1172
0.2271	1.0740
0.3809	1.0228
0.3241	0.9523
0.2058	1.1377
0.2273	1.0640
0.3798	1.0200
0.3240	0.9372
0.2061	1.1085
0.2273	1.0628
0.3802	1.0232
0.3229	0.9357
0.2060	1.1565
0.2279	1.1060
0.3796	1.0245
0.3228	0.7782
0.2062	1.1035
0.2279	1.0893
0.3799	1.0315
0.3220	0.9518
0.2061	1.1210
0.2283	1.1322
0.3798	1.0357
0.3223	0.8357
0.2061	1.0645
0.2282	1.1802
0.3800	1.0418
0.3215	0.9395
0.2061	1.0835
0.2286	1.1748
0.3791	1.0450
0.3210	0.9857
0.2063	1.0943
0.2289	1.1248
0.3792	1.0490
0.3173	1.0200
0.2063	1.0775
0.2308	1.1237
0.3791	1.0473
0.3207	1.0550
0.2063	1.0615
0.2290	1.0910
0.3800	1.0460
0.3171	1.0728
0.2060	1.0730
0.2309	1.1065
0.3786	1.0367
0.3191	1.0863
0.2065	1.1122
0.2298	1.0838
0.3788	1.0260
0.3201	1.0610
0.2064	1.0170
0.2293	1.0800
0.3787	1.0065
0.3207	1.2388
0.2064	1.0173
0.2290	1.0933
0.3795	0.9895
0.3213	1.0313
0.2062	1.0085
0.2287	1.1225
0.3790	0.9818
0.3216	1.1682
0.2063	1.0488
0.2286	1.0985
0.3778	0.9720
0.3215	1.0450
0.2067	1.0320
0.2286	1.1195
0.3793	0.9627
0.3206	1.0238
0.2062	1.0147
0.2291	1.1667
0.3789	0.9595
0.3203	0.9968
0.2064	0.9875
0.2292	1.2005
0.3785	0.9672
0.3189	0.9757
0.2065	1.0792
0.2299	1.2300
0.3781	0.9685
0.3185	0.9685
0.2066	1.1175
0.2301	1.2492
0.3769	0.9750
0.3176	0.9807
0.2070	0.9908
0.2306	1.2715
0.3773	0.9760
0.3172	1.0023
0.2068	1.1307
0.2308	1.2390
0.3779	0.9832
0.3165	1.0220
0.2067	1.1410
0.2312	1.2268
0.3763	0.9962
0.3161	1.0547
0.2071	1.1220
0.2314	1.1635
0.3748	0.9918
0.3159	1.0753
0.2076	1.1068
0.2315	1.1730
0.3773	0.9875
0.3156	1.0882
0.2068	1.0717
0.2317	1.1430
0.3749	0.9947
0.3158	1.0960
0.2076	1.1355
0.2316	1.1210
0.3744	0.9865
0.3161	1.1023
0.2077	1.1605
0.2314	1.1200
0.3750	0.9830
0.3167	1.1023
0.2076	1.1065
0.2311	1.1253
0.3748	0.9765
0.3165	1.0960
0.2076	1.0465
0.2312	1.1540
0.3745	0.9780
0.3165	1.0852
0.2077	1.1388
0.2312	1.1183
0.3734	0.9867
0.3167	1.0825
0.2080	1.0758
0.2311	1.1357
0.3730	0.9937
0.3162	1.0805
0.2081	1.0803
0.2314	1.1637
0.3729	0.9910
0.3157	1.0790
0.2082	1.0970
0.2316	1.1897
0.3728	0.9960
0.3147	1.3118
0.2082	1.0867
0.2322	1.2113
0.3728	1.0055
0.3150	1.3305
0.2082	1.0890
0.2320	1.2493
0.3724	0.9960
0.3147	1.3492
0.2083	1.0560
0.2321	1.2508
0.3720	0.9920
0.3145	1.3600
0.2085	1.0493
0.2323	1.2680
0.3720	0.9835
0.3145	1.3750
0.2085	1.0700
0.2323	1.2807
0.3723	0.9773
0.3185	1.3843
0.2084	1.0628
0.2301	1.2345
0.3722	0.9687
0.3182	1.3862
0.2084	1.1157
0.2303	1.2938
0.3717	0.9627
0.3186	1.3743
0.2086	1.0728
0.2301	1.3080
0.3714	0.9505
0.3180	1.3523
0.2086	1.1115
0.2304	1.3300
0.3705	0.9455
0.3175	1.3268
0.2090	1.0430
0.2306	1.3583
0.3705	0.9388
0.3177	1.0752
0.2090	1.1060
0.2306	1.3530
0.3688	0.9353
0.3168	1.0433
0.2095	1.1120
0.2310	1.3587
0.3694	0.9453
0.3161	1.0205
0.2093	1.0938
0.2314	1.3850
0.3676	0.9652
0.3149	1.0105
0.2099	1.0612
0.2321	1.3557
0.3693	0.9832
0.3138	0.9988
0.2093	1.0503
0.2326	1.3508
0.3677	1.0020
0.3130	0.9967
0.2098	1.0700
0.2331	1.3540
0.3673	1.0210
0.3119	1.0020
0.2100	1.0150
0.2337	1.3227
0.3676	1.0280
0.3114	1.0205
0.2099	1.0547
0.2340	1.3065
0.3688	1.0303
0.3112	1.0472
0.2095	1.0130
0.2341	1.2885
0.3686	1.0282
0.3106	1.0762
0.2095	1.1115
0.2344	1.2298
0.3686	1.0312
0.3106	1.1052
0.2096	1.0895
0.2344	1.2377
0.3689	1.0260
0.3105	1.1315
0.2094	1.0973
0.2345	1.2085
0.3687	1.0167
0.3104	1.1277
0.2095	1.1183
0.2345	1.2060
0.3680	1.0055
0.3102	1.1240
0.2097	1.1452
0.2347	1.1845
0.3671	0.9868
0.3108	1.1175
0.2101	1.1075
0.2343	1.1645
0.3662	0.9787
0.3104	1.1055
0.2104	1.0938
0.2345	1.1852
0.3654	0.9585
0.3104	1.0895
0.2106	1.1108
0.2345	1.2453
0.3649	0.9607
0.3099	1.0705
0.2108	1.1158
0.2348	1.2545
0.3651	0.9702
0.3100	1.0482
0.2107	1.0803
0.2348	1.1745
0.3654	0.9825
0.3097	1.0298
0.2106	1.1125
0.2350	1.2125
0.3655	0.9967
0.3091	1.0145
0.2106	1.0818
0.2353	1.1573
0.3648	1.0088
0.3075	1.0058
0.2108	1.0718
0.2362	1.1355
0.3645	1.0193
0.3069	1.0083
0.2109	1.1013
0.2366	1.1330
0.3651	1.0162
0.3078	1.0198
0.2107	1.1428
0.2361	1.1660
0.3636	1.0223
0.3074	1.0262
0.2112	1.1952
0.2363	1.1218
0.3639	1.0175
0.3077	1.0335
0.2111	1.2165
0.2361	1.1015
0.3637	1.0305
0.3079	1.0375
0.2112	1.2280
0.2360	1.0572
0.3628	1.0195
0.3075	1.0370
0.2115	1.2657
0.2362	1.0495
0.3617	1.0173
0.3072	1.0303
0.2118	1.2938
0.2364	1.0975
0.3608	1.0032
0.3079	1.0207
0.2122	1.2445
0.2360	1.0930
0.3603	0.9880
0.3078	1.0040
0.2124	1.2838
0.2361	1.0842
0.3597	0.9773
0.3071	0.9905
0.2126	1.3015
0.2365	1.0655
0.3581	0.9795
0.3067	0.9797
0.2131	1.2953
0.2367	1.0340
0.3579	0.9890
0.3065	0.9642
0.2132	1.2795
0.2368	0.9747
0.3573	1.0025
0.3060	0.9567
0.2134	1.2900
0.2371	1.0035
0.3562	1.0187
0.3062	0.9535
0.2138	1.3130
0.2370	0.9628
0.3554	1.0365
0.3065	0.9603
0.2141	1.3205
0.2368	0.9215
0.3546	1.0605
0.3065	0.9693
0.2144	1.2982
0.2368	0.8918
0.3543	1.0710
0.3070	0.9897
0.2145	1.3088
0.2365	0.8980
0.3535	1.0900
0.3070	1.0133
0.2148	1.3310
0.2365	0.8625
0.3528	1.1008
0.3076	1.0415
0.2150	1.2965
0.2362	0.8768
0.2360	0.9135
0.3525	1.1070
0.3079	1.0590
0.2152	1.3022
0.2358	0.9160
0.3521	1.1027
0.3082	1.0753
0.2153	1.2802
0.2358	0.9548
0.3519	1.0927
0.3082	1.0838
0.2154	1.2792
0.2355	0.9453
0.3513	1.0790
0.3088	1.0870
0.2156	1.2613
0.2352	0.9735
0.3513	1.0613
0.3093	1.0893
0.2156	1.2403
0.2352	0.9817
0.3505	1.0340
0.3093	1.0835
0.2159	1.2085
0.2351	0.9720
0.3502	1.0197
0.3095	1.0780
0.2160	1.1768
0.2351	0.9650
0.3496	1.0150
0.3095	1.0725
0.2162	1.1883
0.2350	0.9855
0.3490	1.0118
0.3097	1.0643
0.2165	1.2127
0.2349	0.9973
0.3484	1.0197
0.3099	1.0613
0.2167	1.2573
0.2349	0.9597
0.3482	1.0298
0.3098	1.0643
0.2168	1.2283
0.2347	0.9715
0.3482	1.0475
0.3102	1.0790
0.2168	1.2580
0.2346	0.9805
0.3476	1.0698
0.3103	1.0840
0.2170	1.2715
0.2346	0.9775
0.3464	1.0857
0.3104	1.0918
0.2175	1.2573
0.2345	0.9975
0.3456	1.0980
0.3105	1.3025
0.2178	1.2620
0.2340	1.0097
0.3457	1.1087
0.3113	1.3033
0.2178	1.2888
0.2339	1.0240
0.3451	1.1060
0.3116	1.2980
0.2180	1.2783
0.2339	1.0360
0.3448	1.1075
0.3115	1.2818
0.2181	1.2800
0.2337	1.0420
0.3449	1.1035
0.3119	1.2595
0.2181	1.2610
0.2316	1.0270
0.3444	1.0912
0.3158	1.2345
0.2183	1.2553
0.2317	1.0377
0.3439	1.0805
0.3156	1.2010
0.2185	1.2955
0.2317	1.0455
0.3441	1.0695
0.3156	1.1612
0.2184	1.2810
0.2319	0.9930
0.3435	1.0620
0.3151	1.1313
0.2186	1.2950
0.2322	1.0033
0.3427	1.0555
0.3146	1.1043
0.2190	1.3140
0.2322	0.9905
0.3417	1.0585
0.3146	0.8752
0.2194	1.3462
0.2323	0.9760
0.3406	1.0645
0.3145	0.8617
0.2198	1.3645
0.2326	0.9748
0.3402	1.0745
0.3139	0.8740
0.2200	1.4072
0.2324	0.9883
0.3393	1.0895
0.3142	0.8947
0.2204	1.4215
0.2326	0.9892
0.3388	1.1045
0.3139	0.9293
0.2206	1.3860
0.2328	1.0168
0.3377	1.1188
0.3135	0.9497
0.2210	1.3682
0.2329	1.0453
0.3369	1.1280
0.3133	0.9900
0.2214	1.3723
0.2328	1.0420
0.3364	1.1292
0.3136	1.0195
0.2216	1.3195
0.2330	1.0870
0.3359	1.1252
0.3133	1.0510
0.2219	1.3410
0.2329	1.0938
0.3362	1.1248
0.3134	1.0725
0.2217	1.3008
0.2330	1.0780
0.3360	1.1187
0.3133	1.1015
0.2218	1.2468
0.2329	1.0640
0.3350	1.1108
0.3134	1.1275
0.2222	1.2357
0.2329	1.0535
0.3358	1.1047
0.3134	1.1370
0.2219	1.2365
0.2328	0.9917
0.3344	1.0880
0.3135	1.1430
0.2225	1.2487
0.2328	0.9753
0.3348	1.0740
0.3135	1.1503
0.2223	1.2563
0.2325	0.9557
0.3349	1.0677
0.3140	1.1828
0.2223	1.2670
0.2322	0.9358
0.3341	1.0657
0.3145	1.1965
0.2226	1.2485
0.2319	0.8860
0.3335	1.0623
0.3152	1.2367
0.2229	1.2895
0.2313	0.8790
0.3323	1.0680
0.3163	1.2530
0.2234	1.2337
0.2310	0.8677
0.3321	1.0702
0.3169	1.2862
0.2235	1.2697
0.2305	0.8840
0.3315	1.0772
0.3178	1.3057
0.2238	1.2875
0.2301	0.9183
0.3310	1.0810
0.3186	1.3053
0.2240	1.2853
0.2291	0.9408
0.3308	1.0925
0.3205	1.2975
0.2241	1.2498
0.2288	0.9915
0.3308	1.1005
0.3210	1.2928
0.2241	1.2118
0.2284	1.0107
0.3304	1.1078
0.3219	1.2650
0.2243	1.2328
0.2281	1.0253
0.3302	1.1078
0.3225	1.2157
0.2244	1.1997
0.2281	1.0415
0.3296	1.1073
0.3224	1.1718
0.2247	1.2112
0.2281	1.0840
0.3300	1.1058
0.3225	1.1113
0.2245	1.2235
0.2281	1.0780
0.3298	1.0963
0.3224	1.0752
0.2246	1.2345
0.2283	1.0693
0.3294	1.0900
0.3221	1.0447
0.2248	1.2205
0.2285	1.0505
0.3295	1.0805
0.3217	1.0183
0.2247	1.2418
0.2287	1.0255
0.3287	1.0755
0.3213	1.0330
0.2251	1.2325
0.2288	1.0108
0.3282	1.0675
0.3210	1.0478
0.2253	1.2148
0.2289	0.9952
0.3278	1.0732
0.3210	1.0620
0.2255	1.2145
0.2286	0.9740
0.3276	1.0675
0.3214	1.1047
0.2256	1.1682
0.2284	0.9482
0.3267	1.0672
0.3219	1.1520
0.2260	1.1790
0.2281	0.9270
0.3262	1.0695
0.3226	1.1937
0.2263	1.1603
0.2277	0.9140
0.3268	1.0727
0.3232	1.2357
0.2260	1.1575
0.2275	0.9045
0.3268	1.0740
0.3238	1.2745
0.2260	1.1195
0.2269	0.9035
0.3272	1.0750
0.3248	1.2920
0.2258	1.1272
0.2264	0.9022
0.3271	1.0737
0.3259	1.3042
0.2258	1.1072
0.2260	0.8927
0.3268	1.0690
0.3269	1.3102
0.2260	1.1000
0.2255	0.8962
0.3264	1.0582
0.3278	1.3180
0.2262	1.1450
0.2251	0.8885
0.3268	1.0413
0.3288	1.3280
0.2260	1.1308
0.2247	0.8718
0.3265	1.0380
0.3296	1.3293
0.2261	1.1655
0.2243	0.8675
0.3260	1.0332
0.3304	1.3390
0.2264	1.1572
0.2238	0.8885
0.3256	1.0302
0.3315	1.3653
0.2266	1.1068
0.2234	0.8813
0.3250	1.0393
0.3323	1.3965
0.2269	1.0680
0.2230	0.9040
0.3249	1.0580
0.3333	1.4270
0.2269	1.0907
0.2223	0.9260
0.3245	1.0725
0.3348	1.4455
0.2271	1.0588
0.2217	0.9587
0.3245	1.0885
0.3363	1.4770
0.2271	1.0338
0.2212	0.9912
0.3252	1.1005
0.3374	1.4728
0.2268	1.0108
0.2204	1.0280
0.3258	1.1110
0.3393	1.4703
0.2265	0.9835
0.2263	0.9882
0.2199	1.0093
0.3261	1.1220
0.3405	1.4545
0.2260	0.9498
0.2195	1.0692
0.3268	1.1350
0.3413	1.4215
0.2258	0.9850
0.2192	1.0595
0.3272	1.1373
0.3421	1.3860
0.2257	0.9558
0.2191	1.0162
0.3275	1.0858
0.3424	1.2770
0.2256	0.9250
0.2191	0.9903
0.3277	1.0282
0.3424	1.1693
0.2255	0.9305
0.2187	0.9713
0.3277	1.0098
0.3435	1.1190
0.2252	0.9283
0.2189	0.9380
0.3284	0.9695
0.3429	1.0665
0.2256	0.9147
0.2185	0.8960
0.3277	0.9307
0.3438	1.0080
0.2255	0.8835
0.2187	0.8603
0.3279	0.9220
0.3434	1.0098
0.2254	0.8962
0.2187	0.7940
0.3280	0.9192
0.3434	1.0220
0.2255	0.8670
0.2185	0.8285
0.3278	0.9157
0.3439	1.0518
0.2256	0.8800
0.2183	0.8098
0.3277	0.9160
0.3443	1.0723
0.2256	0.8340
0.2181	0.8045
0.3275	0.9298
0.3448	1.0892
0.2253	0.8910
0.2177	0.8545
0.3283	0.9950
0.3460	1.1732
0.2253	0.9395
0.2169	0.8947
0.3282	1.0490
0.3478	1.2390
0.2250	0.9473
0.2165	0.8695
0.3288	1.0528
0.3488	1.2528
0.2248	0.9758
0.2164	0.8803
0.3292	1.0812
0.3491	1.2753
0.2246	1.0028
0.2158	0.8975
0.3298	1.1070
0.3507	1.2957
0.2244	1.0472
0.2157	0.9105
0.3302	1.1075
0.3511	1.2845
0.2243	1.0457
0.2154	0.9070
0.3304	1.1200
0.3517	1.2575
0.2244	1.0870
0.2149	0.9063
0.3301	1.1275
0.3533	1.2300
0.2245	1.0857
0.2146	0.8525
0.3299	1.1322
0.3540	1.2262
0.2246	1.0865
0.2144	0.9018
0.3298	1.1355
0.3545	1.2375
0.2247	1.0952
0.2142	0.8662
0.3296	1.1393
0.3551	1.2303
0.2246	1.1150
0.2137	0.8572
0.3298	1.1570
0.3565	1.2475
0.2246	1.0915
0.2135	0.8763
0.3297	1.1920
0.3569	1.2502
0.2244	1.0837
0.2130	0.8978
0.3302	1.2358
0.3585	1.2690
0.2241	1.0520
0.2127	0.8912
0.3308	1.2905
0.3592	1.2650
0.2240	1.0660
0.2123	0.8955
0.3311	1.3470
0.3603	1.2550
0.2239	1.0617
0.2119	0.9457
0.3313	1.3823
0.3617	1.2617
0.2234	1.0550
0.2115	0.9380
0.3323	1.4127
0.3628	1.2482
0.2230	1.0955
0.2112	0.9828
0.3333	1.4458
0.3635	1.2355
0.2222	1.1295
0.2110	0.9775
0.3350	1.4613
0.3642	1.1987
0.2219	1.1152
0.2109	0.9920
0.3358	1.4675
0.3645	1.1800
0.2214	1.0957
0.2108	0.9885
0.3369	1.4595
0.3647	1.1355
0.2211	1.1217
0.2108	1.0017
0.3376	1.4350
0.3650	1.1195
0.2209	1.1340
0.2107	1.0147
0.3380	1.3930
0.3651	1.0947
0.2208	1.1692
0.2108	0.9743
0.3383	1.3472
0.3650	1.0985
0.2205	1.1185
0.2106	0.9832
0.3391	1.3015
0.3653	1.1123
0.2203	1.1185
0.2106	0.9953
0.3395	1.2607
0.3656	1.1160
0.2204	1.0648
0.2104	0.9492
0.3393	1.2338
0.3660	1.1278
0.2204	1.0295
0.2105	0.9715
0.3391	1.2202
0.3656	1.1237
0.2205	1.0030
0.2099	0.9905
0.3391	1.2260
0.3675	1.1262
0.2201	1.0053
0.2098	1.0018
0.3400	1.2513
0.3679	1.1290
0.2200	1.0168
0.2098	1.0288
0.3402	1.2843
0.3679	1.1405
0.2194	0.9730
0.2092	1.0070
0.3415	1.3103
0.3698	1.1305
0.2191	0.9962
0.2094	1.0130
0.3425	1.3422
0.3692	1.1187
0.2187	0.9980
0.2096	1.0452
0.3434	1.3702
0.3686	1.1060
0.2181	1.0385
0.2095	1.0387
0.3448	1.3885
0.3687	1.0847
0.2177	1.0363
0.2096	0.9733
0.3457	1.3928
0.3686	1.0672
0.2171	1.0780
0.2093	1.0238
0.3473	1.3870
0.3693	1.0567
0.2171	1.0877
0.2096	0.9655
0.3473	1.3703
0.3685	1.0603
0.2169	1.0725
0.2094	0.9772
0.3479	1.3383
0.3691	1.0625
0.2167	1.0710
0.2094	0.9785
0.3483	1.3085
0.3692	1.0645
0.2166	1.0492
0.2089	0.9545
0.3486	1.2690
0.3705	1.0595
0.2165	1.0477
0.2089	0.9755
0.3489	1.2518
0.3707	1.0535
0.2164	1.0413
0.2085	0.9590
0.3492	1.2340
0.3718	1.0403
0.2161	1.0195
0.2088	1.0013
0.3498	1.2310
0.3709	1.0155
0.2159	1.0110
0.2088	1.0215
0.3505	1.2367
0.3711	1.0000
0.2157	1.0037
0.2086	1.0960
0.3511	1.2597
0.3714	0.9745
0.2152	1.0230
0.2086	1.1197
0.3523	1.2745
0.3715	0.9488
0.2153	1.0518
0.2089	1.1302
0.3520	1.2745
0.3707	0.9258
0.2149	1.0782
0.2093	1.1135
0.3531	1.2865
0.3695	0.9060
0.3686	0.8882
0.2146	1.1002
0.2096	1.0750
0.3539	1.2802
0.3672	0.8820
0.2142	1.1413
0.2100	1.0882
0.3550	1.2867
0.3660	0.8798
0.2142	1.1625
0.2104	1.1215
0.3551	1.2637
0.3662	0.9090
0.2143	1.1215
0.2103	1.1517
0.3547	1.2447
0.3653	0.9325
0.2142	1.1240
0.2106	1.1380
0.3550	1.2088
0.3660	0.9567
0.2142	1.1305
0.2104	1.1092
0.3550	1.1760
0.3658	0.9798
0.2143	1.1487
0.2105	1.0837
0.3547	1.1448
0.3649	1.0042
0.2143	1.1240
0.2108	1.0468
0.3548	1.1287
0.3642	1.0090
0.2142	1.0795
0.2110	1.0900
0.3551	1.1225
0.3640	1.0102
0.2142	1.0998
0.2111	1.0618
0.3552	1.1278
0.3645	1.0040
0.2142	1.0737
0.2109	1.0947
0.3550	1.1535
0.3644	1.0107
0.2143	1.0560
0.2109	1.0980
0.3549	1.1797
0.3649	1.0067
0.2141	1.0785
0.2108	1.0603
0.3552	1.2015
0.3641	0.9883
0.2139	1.1172
0.2110	1.0163
0.3558	1.2222
0.3639	0.9860
0.2140	1.1497
0.2111	0.9982
0.3557	1.4385
0.3636	0.9723
0.2135	1.1013
0.2112	1.0035
0.3570	1.4423
0.3635	0.9817
0.2132	1.0870
0.2112	1.0040
0.3578	1.4370
0.3635	0.9862
0.2132	1.1192
0.2112	1.0145
0.3579	1.4340
0.3634	1.0132
0.2132	1.0963
0.2113	1.0035
0.3577	1.4180
0.3637	1.0352
0.2115	1.0615
0.2112	1.0002
0.3626	1.3895
0.3636	1.0667
0.2111	1.0342
0.2112	1.0005
0.3638	1.3557
0.3638	1.0813
0.2111	1.0183
0.2111	1.0072
0.3639	1.3185
0.3642	1.1013
0.2113	0.9780
0.2110	1.0240
0.3634	1.3062
0.3643	1.1142
0.2110	0.9325
0.2110	1.0313
0.3642	1.2970
0.3649	1.1105
0.2110	0.9185
0.2108	1.0780
0.3642	1.0977
0.3653	1.1150
0.2106	0.9513
0.2106	1.0977
0.3654	1.1010
0.3655	1.0977
0.2105	0.9620
0.2106	1.1023
0.3657	1.1203
0.3655	1.0897
0.2102	0.9568
0.2106	1.1310
0.3665	1.1295
0.3656	1.0700
0.2100	0.9760
0.2105	1.1280
0.3673	1.1475
0.3645	1.0570
0.2099	0.9540
0.2109	1.1575
0.3674	1.1670
0.3641	1.0430
0.2098	0.9838
0.2110	1.1705
0.3678	1.1620
0.3637	1.0340
0.2097	0.9745
0.2112	1.1625
0.3681	1.1713
0.3631	1.0300
0.2098	0.9913
0.2114	1.1562
0.3680	1.1650
0.3628	1.0340
0.2095	0.9865
0.2115	1.1622
0.3688	1.1653
0.3622	1.0480
0.2091	0.9460
0.2117	1.1375
0.3700	1.1545
0.3620	1.0587
0.2090	0.9288
0.2118	1.1470
0.3703	1.1423
0.3621	1.0653
0.2088	0.9297
0.2117	1.1068
0.3710	1.1290
0.3622	1.0652
0.2087	0.8963
0.2117	1.1027
0.3713	1.1210
0.3622	1.0615
0.2084	0.9083
0.2117	1.1142
0.3722	1.1140
0.3622	1.0592
0.2081	0.9183
0.2117	1.1180
0.3731	1.1143
0.3618	1.0547
0.2079	0.9502
0.2118	1.1122
0.3737	1.1328
0.3626	1.0433
0.2080	1.0057
0.2115	1.1233
0.3736	1.1483
0.3621	1.0377
0.2078	0.9707
0.2117	1.1365
0.3742	1.1740
0.3614	1.0285
0.2077	0.9637
0.2119	1.1600
0.3744	1.1882
0.3607	1.0232
0.2074	0.9960
0.2122	1.1042
0.3754	1.2037
0.3605	1.0168
0.2074	0.9880
0.2123	1.0993
0.3753	1.2187
0.3600	1.0272
0.2075	1.0408
0.2124	1.1305
0.3750	1.2308
0.3596	1.0335
0.2069	0.9602
0.2126	1.0997
0.3770	1.2335
0.3588	1.0508
0.2065	0.9468
0.2129	1.0617
0.3785	1.2390
0.3601	1.0702
0.2063	0.9728
0.2124	1.0397
0.3790	1.2323
0.3596	1.0865
0.2060	1.0235
0.2126	1.0198
0.3802	1.2295
0.3599	1.0982
0.2063	0.8533
0.2125	0.9977
0.3790	1.2132
0.3603	1.1020
0.2055	0.8993
0.2123	0.9913
0.3820	1.2072
0.3611	1.0953
0.2052	0.9747
0.2120	0.9468
0.3828	1.2013
0.3615	1.0810
0.2052	1.0455
0.2119	1.0050
0.3829	1.2038
0.3622	1.0637
0.2057	0.9827
0.2117	0.9802
0.3812	1.2142
0.3626	1.0375
0.2045	0.9152
0.2115	0.9555
0.3854	1.2167
0.3625	1.0147
0.2043	1.0280
0.2116	1.0033
0.3859	1.2208
0.3627	0.9925
0.2046	1.0455
0.2115	1.0033
0.3851	1.2215
0.3620	0.9610
0.2050	1.0405
0.2117	1.0173
0.3836	1.2200
0.3618	0.9335
0.2040	0.9348
0.2118	1.0192
0.3871	1.2048
0.3620	0.9182
0.2038	1.0625
0.2117	1.0208
0.3879	1.1880
0.3606	0.9027
0.2038	1.0510
0.2122	1.0277
0.3877	1.1618
0.3609	0.9080
0.2037	0.9940
0.2121	1.0505
0.3881	1.1438
0.3882	1.1195
0.3600	0.9118
0.2037	0.9230
0.2124	1.0280
0.3892	1.1038
0.3600	0.9188
0.2034	1.0003
0.2124	1.0230
0.3892	1.0815
0.3599	0.9245
0.2034	0.8205
0.2125	1.0020
0.3893	1.0710
0.3592	0.9240
0.2034	0.8008
0.2127	0.9488
0.3896	1.0610
0.3590	0.9185
0.2033	0.7930
0.2128	1.0137
0.3895	1.0573
0.3590	0.9197
0.2034	0.7892
0.2128	0.9505
0.3902	1.0682
0.3591	0.9213
0.2032	0.8260
0.2128	0.9858
0.3959	1.0840
0.3600	0.9180
0.2017	0.8232
0.2124	0.9567
0.3960	1.1105
0.3600	0.9180
0.2016	0.8305
0.2124	0.9625
0.3963	1.1327
0.3584	0.9127
0.2015	0.8382
0.2130	0.9482
0.3964	1.1505
0.3592	0.9120
0.2015	0.8210
0.2127	0.9673
0.3967	1.1555
0.3583	0.9167
0.2014	0.8225
0.2130	1.0128
0.3972	1.1607
0.3589	0.9313
0.2013	1.0032
0.2128	1.0040
0.3979	1.1502
0.3581	0.9560
0.2011	0.9937
0.2131	1.0157
0.3988	1.1427
0.3581	0.9840
0.2009	0.9953
0.2131	0.9917
0.3997	1.1285
0.3576	1.0095
0.2007	0.9923
0.2133	0.9967
0.4006	1.1010
0.3566	1.0265
0.2005	1.0360
0.2136	1.0177
0.4009	1.0837
0.3582	1.0330
0.2004	1.0503
0.2131	1.0593
0.4010	1.0540
0.3585	1.0405
0.2004	1.0575
0.2130	0.9908
0.4010	1.0220
0.3582	1.0300
0.2004	1.0835
0.2131	1.0033
0.4008	1.0062
0.3596	1.0235
0.2004	1.1070
0.2126	0.9992
0.3988	0.9955
0.3585	1.0040
0.2009	1.1345
0.2130	0.9570
0.3983	0.9920
0.3583	0.9818
0.2010	1.1513
0.2130	1.0028
0.3978	1.0040
0.3594	0.9570
0.2012	1.1665
0.2127	1.0277
0.3968	1.0080
0.3587	0.9325
0.2014	1.1680
0.2129	1.0213
0.3965	1.0132
0.3582	0.9120
0.2015	1.1545
0.2131	1.0685
0.3962	1.0218
0.3578	0.9030
0.2016	1.0925
0.2132	0.9675
0.3958	1.0145
0.3576	0.9047
0.2017	1.0985
0.2133	1.0147
0.3958	1.0155
0.3567	0.9085
0.2017	1.0672
0.2136	1.0240
0.3959	1.0200
0.3559	0.9227
0.2016	1.0322
0.2139	1.0165
0.3963	1.0108
0.3555	0.9335
0.2015	1.0103
0.2140	0.9878
0.3965	1.0032
0.3569	0.9435
0.2015	0.9908
0.2135	1.0005
0.3957	0.9910
0.3555	0.9408
0.2017	1.0840
0.2141	1.0065
0.3962	0.9790
0.3564	0.9325
0.2016	1.0795
0.2137	0.9428
0.3965	0.9730
0.3563	0.9218
0.2015	1.0850
0.2137	0.9010
0.3966	0.9720
0.3568	0.9173
0.2015	1.1038
0.2136	0.8785
0.3966	0.9770
0.3564	0.9050
0.2015	1.1235
0.2137	0.9065
0.3929	0.9898
0.3559	0.8905
0.2024	1.1117
0.2139	0.8600
0.3927	1.0015
0.3564	0.8773
0.2025	1.1363
0.2137	0.9465
0.3924	1.0080
0.3565	0.8648
0.2026	1.1515
0.2137	0.9350
0.3922	1.0118
0.3565	0.8650
0.2026	1.1585
0.2137	1.0027
0.3920	1.0050
0.3568	0.8738
0.2027	1.1630
0.2136	1.0120
0.3919	1.0060
0.3562	0.8983
0.2027	1.0530
0.2138	1.0102
0.3920	1.0000
0.3547	0.9290
0.2027	1.0460
0.2143	1.0685
0.3920	0.9923
0.3546	0.9640
0.2027	1.0372
0.2144	1.0915
0.3920	0.9850
0.3534	0.9875
0.2027	1.0375
0.2148	1.1090
0.3917	0.9745
0.3529	1.0002
0.2028	1.0300
0.2150	1.1943
0.3915	0.9550
0.3531	1.0083
0.2028	1.0270
0.2149	1.2173
0.3913	0.9402
0.3529	1.0080
0.2029	1.0268
0.2150	1.1160
0.3910	0.9275
0.3533	1.0092
0.2029	1.0292
0.2149	1.1563
0.3906	0.9223
0.3535	0.9933
0.2031	1.0437
0.2148	1.1682
0.3903	0.9285
0.3520	0.9767
0.2031	1.0507
0.2153	1.1565
0.3897	0.9325
0.3510	0.9460
0.2033	1.0565
0.2157	1.1980
0.3894	0.9392
0.3520	0.9153
0.2034	1.0633
0.2153	1.1878
0.3889	0.9423
0.3509	0.8880
0.2035	1.0653
0.2157	1.2512
0.3883	0.9470
0.3491	0.8608
0.2037	1.0593
0.2164	1.2535
0.3880	0.9435
0.3485	0.8518
0.2038	1.0567
0.2167	1.2345
0.3877	0.9452
0.3470	0.8510
0.2038	1.0537
0.2173	1.2415
0.3875	0.9378
0.3462	0.8575
0.2039	1.0542
0.2175	1.3117
0.3873	0.9320
0.3444	0.8698
0.2040	1.0510
0.2183	1.2973
0.3872	0.9252
0.3439	0.8835
0.2040	1.0428
0.2185	1.2685
0.3869	0.9143
0.3427	0.8927
0.2041	1.0413
0.2189	1.2850
0.3864	0.9090
0.3416	0.9065
0.2042	1.0355
0.2194	1.2478
0.3859	0.8975
0.3411	0.9082
0.2044	1.0300
0.2196	1.2280
0.3853	0.8875
0.3407	0.9080
0.2045	1.0302
0.2198	1.1768
0.3848	0.8815
0.3399	0.9130
0.2047	1.0353
0.2201	1.1640
0.3842	0.8830
0.3392	0.9120
0.2048	1.0415
0.2204	1.1623
0.3840	0.8887
0.3389	0.9098
0.2049	1.0400
0.2205	1.1225
0.3836	0.8955
0.3387	0.9112
0.2050	1.0380
0.2206	1.2248
0.3831	0.8990
0.3382	0.9095
0.2051	1.0312
0.2209	1.2052
0.3826	0.9065
0.3381	0.9163
0.2053	1.0250
0.2209	1.2247
0.3822	0.9135
0.3370	0.9308
0.2054	1.0170
0.2214	1.2860
0.3819	0.9080
0.3368	0.9500
0.2055	1.0140
0.2215	1.2412
0.3817	0.8998
0.3339	0.9840
0.2056	1.0145
0.2227	1.3153
0.3814	0.8988
0.3340	1.0175
0.2056	1.0055
0.2227	1.3315
0.3813	0.8940
0.3329	1.0447
0.2057	0.9972
0.2231	1.3593
0.3811	0.8840
0.3312	1.0692
0.2057	0.9908
0.2239	1.3257
0.3809	0.8713
0.3324	1.0823
0.2058	0.9902
0.2234	1.3805
0.3802	0.8630
0.3313	1.0888
0.2060	0.9940
0.2239	1.2853
0.3800	0.8568
0.3311	1.0750
0.2060	1.0055
0.2240	1.2830
0.3796	0.8508
0.3310	1.0605
0.2061	1.0188
0.2240	1.2800
0.3791	0.8427
0.3312	1.0295
0.2063	1.0387
0.2239	1.2195
0.3785	0.8413
0.3301	0.9983
0.2065	1.0543
0.2244	1.2982
0.3779	0.8515
0.3296	0.9708
0.2067	1.0667
0.2247	1.2662
0.3772	0.8575
0.3294	0.9360
0.2069	1.0837
0.2248	1.2487
0.3765	0.8572
0.3281	0.9133
0.2071	1.0970
0.2254	1.2780
0.3755	0.8620
0.3271	0.8912
0.2074	1.1015
0.2258	1.3045
0.3748	0.8625
0.3259	0.8855
0.2076	1.1045
0.2264	1.2510
0.3741	0.8560
0.3249	0.8835
0.2078	1.1037
0.2269	1.2622
0.3736	0.8530
0.3244	0.9003
0.2080	1.0970
0.2271	1.2635
0.3728	0.8495
0.3232	0.9167
0.2082	1.0878
0.2277	1.2465
0.3723	0.8493
0.3224	0.9395
0.2084	1.0692
0.2281	1.1950
0.3717	0.8510
0.3223	0.9615
0.2086	1.0610
0.2282	1.1678
0.3709	0.8513
0.3216	0.9725
0.2088	1.0590
0.2286	1.1295
0.3703	0.8505
0.3217	0.9960
0.2090	1.0568
0.2285	1.1125
0.3698	0.8593
0.3212	1.0085
0.2092	1.0547
0.2288	1.0948
0.3694	0.8563
0.3217	1.0245
0.2093	1.0580
0.2285	1.0810
0.3690	0.8685
0.3215	1.0363
0.2094	1.0553
0.2286	1.0955
0.3684	0.8883
0.3216	1.0428
0.2096	1.0485
0.2285	1.0962
0.3679	0.9063
0.3220	1.0470
0.2098	1.0430
0.2284	1.1390
0.3675	0.9203
0.3214	1.0565
0.2099	1.0360
0.2286	1.1055
0.3668	0.9325
0.3212	1.0700
0.2101	1.0245
0.2287	1.1547
0.3666	0.9430
0.3211	1.0880
0.2102	1.0090
0.2288	1.1543
0.3666	0.9518
0.3205	1.1102
0.2102	0.9845
0.2291	1.2122
0.3666	0.9450
0.3198	1.1223
0.2102	0.9642
0.2295	1.2162
0.3667	0.9342
0.3202	1.1397
0.2102	0.9468
0.2293	1.1917
0.3669	0.9190
0.3200	1.1552
0.2101	0.9353
0.2294	1.1725
0.3672	0.8692
0.3202	1.1660
0.2100	0.9462
0.2293	1.2355
0.3675	0.8248
0.3196	1.1680
0.2099	0.9940
0.2296	1.1573
0.3674	0.8020
0.3200	1.1645
0.2100	1.0462
0.2293	1.1408
0.3671	0.7715
0.3204	1.1583
0.2100	1.0988
0.2292	1.2102
0.3664	0.7468
0.3209	1.1350
0.2103	1.1547
0.2289	1.1802
0.3645	0.7355
0.3197	1.1085
0.2109	1.2140
0.2295	1.1855
0.3621	0.7200
0.3207	1.0817
0.2117	1.2695
0.2290	1.1583
0.3602	0.7183
0.3203	1.0570
0.2124	1.3207
0.2292	1.1563
0.3581	0.7272
0.3191	1.0267
0.2131	1.3693
0.2298	1.2038
0.3563	0.7363
0.3191	1.0068
0.2138	1.4085
0.2298	1.2107
0.3547	0.7695
0.3186	0.9885
0.2143	1.4298
0.2301	1.0975
0.3532	0.8010
0.3180	0.9862
0.2149	1.4115
0.2304	1.1807
0.3518	0.8165
0.3180	0.9940
0.2154	1.3908
0.2304	1.1825
0.3506	0.8313
0.3168	0.9963
0.2158	1.3725
0.2310	1.1225
0.3492	0.8438
0.3167	1.0082
0.2164	1.3620
0.2311	1.1212
0.3478	0.8378
0.3175	1.0168
0.2169	1.3598
0.2307	1.1255
0.3468	0.8370
0.3167	1.0308
0.2173	1.3565
0.2311	1.1132
0.3459	0.8305
0.3165	1.0365
0.2177	1.3580
0.2312	1.0965
0.3447	0.8117
0.3166	1.0480
0.2181	1.3685
0.2312	1.1025
0.3436	0.8075
0.3168	1.0442
0.2186	1.3795
0.2310	1.1057
0.3420	0.8100
0.3164	1.0450
0.2192	1.3967
0.2312	1.1213
0.3407	0.8038
0.3163	1.0357
0.2198	1.4253
0.2313	1.0825
0.3392	0.7912
0.3168	1.0250
0.2204	1.4367
0.2310	1.1063
0.3374	0.7942
0.3157	1.0170
0.2212	1.4488
0.2316	1.0815
0.3358	0.8005
0.3155	1.0133
0.2219	1.4677
0.2317	1.0880
0.3342	0.8120
0.3159	1.0137
0.2226	1.4750
0.2315	1.1140
0.3324	0.8228
0.3158	1.0137
0.2234	1.4913
0.2316	1.0692
0.3311	0.8387
0.3148	1.0210
0.2240	1.5015
0.2321	1.1360
0.3299	1.1140
0.3153	1.0310
0.2245	1.5060
0.2318	1.0410
0.3285	1.1285
0.3153	1.0337
0.2252	1.5290
0.2318	1.0340
0.3272	1.1365
0.3144	1.0545
0.2258	1.5500
0.2323	1.0267
0.3259	1.1485
0.3152	1.0638
0.2264	1.5422
0.2319	1.0458
0.3246	1.1535
0.3145	1.0645
0.2270	1.5512
0.2323	0.9930
0.3287	1.1515
0.3155	1.0630
0.2251	1.5520
0.2317	1.0573
0.3270	1.1508
0.3155	1.0608
0.2259	1.5292
0.2317	1.0462
0.3252	1.1495
0.3165	1.0550
0.2268	1.5037
0.2312	1.0183
0.3239	1.1467
0.3162	1.0363
0.2274	1.4580
0.2314	1.0625
0.3226	1.1535
0.3163	1.0280
0.2280	1.4070
0.2313	0.9987
0.3214	0.9017
0.3154	1.0075
0.2287	1.3565
0.2318	1.0720
0.3205	0.9175
0.3156	1.0003
0.2291	1.2898
0.2317	1.0303
0.3198	0.9320
0.3151	0.9755
0.2295	1.2125
0.2319	1.0290
0.3194	0.9488
0.3147	0.9727
0.2297	1.1655
0.2322	1.0058
0.3194	0.9725
0.3151	0.9688
0.2297	1.1390
0.2319	1.0083
0.3192	0.9888
0.3142	0.9753
0.2298	1.1245
0.2324	0.9490
0.3192	0.9540
0.3149	0.9365
0.2298	1.0698
0.2321	0.9093
0.3194	0.9330
0.3154	0.9250
0.2297	1.0365
0.2318	0.8395
0.2317	0.7763
0.3195	0.9127
0.3155	0.9215
0.2296	1.0205
0.2317	0.8378
0.3192	0.9587
0.3155	0.9865
0.2298	1.0963
0.2315	0.8117
0.3186	0.9480
0.3159	1.0010
0.2301	1.1068
0.2314	0.8195
0.3182	0.9313
0.3161	1.0127
0.2303	1.1195
0.2310	0.8458
0.3177	0.9070
0.3169	1.0180
0.2306	1.1353
0.2306	0.8580
0.3172	0.8838
0.3176	1.0135
0.2308	1.1465
0.2304	0.8560
0.3166	0.8670
0.3181	1.0170
0.2312	1.1267
0.2304	0.8700
0.3160	0.8607
0.3180	1.0142
0.2315	1.1145
0.2300	0.9223
0.3154	0.9058
0.3188	1.0570
0.2318	1.1503
0.2299	0.9602
0.3148	0.9395
0.3189	1.0747
0.2321	1.1630
0.2301	1.0042
0.3142	0.9723
0.3186	1.0965
0.2324	1.1888
0.2300	0.9295
0.3140	0.9375
0.3187	1.0390
0.2326	1.1265
0.2300	0.9078
0.3135	0.9628
0.3188	1.0510
0.2328	1.1360
0.2300	0.9400
0.3133	0.9885
0.3188	1.0685
0.2329	1.1362
0.2298	0.9357
0.3132	1.0225
0.3192	1.0845
0.2330	1.1475
0.2296	0.9333
0.3129	1.0505
0.3195	1.0950
0.2331	1.1550
0.2292	0.9325
0.3128	1.0720
0.3203	1.0995
0.2332	1.1578
0.2289	0.9302
0.3126	1.0860
0.3209	1.0928
0.2333	1.1555
0.2286	0.9457
0.3125	1.0965
0.3214	1.0837
0.2334	1.1567
0.2284	0.9702
0.3123	1.1027
0.3220	1.0737
0.2335	1.1630
0.2284	0.9898
0.3121	1.1110
0.3220	1.0480
0.2336	1.1510
0.2283	1.0300
0.3123	1.1130
0.3221	1.0185
0.2335	1.1305
0.2283	1.0443
0.3122	1.1160
0.3222	0.9775
0.2336	1.1128
0.2285	1.0462
0.3121	1.1205
0.3217	0.9318
0.2336	1.0957
0.2287	1.0525
0.3121	1.1252
0.3213	0.8928
0.2336	1.0810
0.2290	1.0473
0.3121	1.1345
0.3207	0.8747
0.2336	1.0702
0.2293	1.0652
0.3125	1.1447
0.3201	0.8675
0.2334	1.0728
0.2296	1.0710
0.3126	1.1643
0.3196	0.8805
0.2333	1.0675
0.2298	1.0697
0.3130	1.1795
0.3191	0.9030
0.2331	1.0645
0.2300	1.0692
0.3132	1.1900
0.3187	0.9303
0.2330	1.0708
0.2302	1.0677
0.3134	1.1942
0.3184	0.9650
0.2329	1.0795
0.2304	1.0662
0.3137	1.1940
0.3181	1.0025
0.2327	1.0980
0.2303	1.0727
0.3141	1.1845
0.3183	1.0405
0.2325	1.0890
0.2303	1.0842
0.3144	1.1755
0.3183	1.0740
0.2323	1.0890
0.2302	1.0965
0.3144	1.1647
0.3185	1.1025
0.2323	1.0850
0.2301	1.1028
0.3144	1.1445
0.3186	1.1262
0.2323	1.0760
0.2300	1.0985
0.3144	1.1190
0.3188	1.1290
0.2323	1.0705
0.2299	1.1052
0.3145	1.0882
0.3189	1.1342
0.2323	1.0697
0.2299	1.0967
0.3147	1.0613
0.3189	1.1343
0.2322	1.0703
0.2300	1.0873
0.3147	1.0435
0.3188	1.1305
0.2321	1.0615
0.2299	1.0810
0.3147	1.0340
0.3189	1.1425
0.2321	1.0597
0.2300	1.0830
0.3146	1.0312
0.3187	1.1580
0.2322	1.0593
0.2300	1.0780
0.3144	1.0423
0.3188	1.1865
0.2323	1.0800
0.2299	1.0733
0.3142	1.0525
0.3190	1.2315
0.2324	1.0950
0.2297	1.0630
0.3141	1.0557
0.3193	1.2763
0.2325	1.1010
0.2294	1.0547
0.3139	1.2390
0.3198	1.3057
0.2326	1.1017
0.2292	1.0520
0.3138	1.2493
0.3203	1.3503
0.2326	1.0900
0.2288	1.0543
0.3138	1.2635
0.3211	1.3693
0.2327	1.0803
0.2283	1.0608
0.3138	1.2697
0.3221	1.3822
0.2326	1.0633
0.2277	1.0775
0.3138	1.2760
0.3232	1.3770
0.2326	1.0425
0.2273	1.0980
0.3175	1.2750
0.3241	1.3595
0.2307	1.0190
0.2269	1.1107
0.3178	1.2748
0.3249	1.3357
0.2305	0.9975
0.2267	1.1183
0.3181	1.2583
0.3254	1.2935
0.2304	0.9753
0.2265	1.1110
0.3183	1.2520
0.3257	1.2423
0.2302	0.9580
0.2266	1.1110
0.3187	1.2582
0.3256	1.1958
0.2300	0.9503
0.2267	1.1030
0.3190	1.0810
0.3253	1.1698
0.2299	0.9565
0.2269	1.1023
0.3194	1.0817
0.3250	1.1550
0.2297	0.9655
0.2270	1.0900
0.3194	1.0797
0.3248	1.1665
0.2296	0.9755
0.2269	1.0757
0.3197	1.0870
0.3249	1.1895
0.2295	0.9875
0.2269	1.0577
0.3200	1.0945
0.3250	1.2250
0.2293	0.9952
0.2266	1.0287
0.3200	1.0970
0.3255	1.2575
0.2293	1.0027
0.2264	1.0060
0.3202	1.0935
0.3260	1.2905
0.2293	1.0120
0.2259	0.9967
0.3202	1.0945
0.3270	1.3238
0.2293	1.0090
0.2254	0.9963
0.3204	1.0803
0.3281	1.3388
0.2292	1.0065
0.2249	1.0003
0.3208	1.0585
0.3291	1.3557
0.2290	0.9925
0.2244	1.0157
0.3209	1.0420
0.3302	1.3587
0.2289	0.9725
0.2240	1.0135
0.3210	1.0220
0.3311	1.3545
0.2288	0.9645
0.2236	1.0150
0.3212	1.0035
0.3318	1.3290
0.2287	0.9463
0.2287	0.9440
0.2235	1.0108
0.3213	0.9797
0.3322	1.3048
0.2286	0.9513
0.2233	1.0073
0.3214	0.9527
0.3327	1.2935
0.2286	0.9545
0.2231	1.0115
0.3215	0.9370
0.3329	1.2988
0.2287	0.9670
0.2229	1.0108
0.3214	0.9178
0.3334	1.2967
0.2286	0.9830
0.2227	1.0075
0.3214	0.9210
0.3339	1.3152
0.2288	0.9940
0.2224	0.9995
0.3211	0.9390
0.3346	1.3595
0.2290	1.0042
0.2220	0.9937
0.3208	0.9547
0.3355	1.3930
0.2291	1.0160
0.2215	0.9808
0.3206	0.9847
0.3366	1.4215
0.2293	1.0190
0.2211	0.9755
0.3200	0.9985
0.3375	1.4432
0.2294	1.0210
0.2206	0.9790
0.3199	1.0100
0.3387	1.4642
0.2293	1.0180
0.2199	0.9913
0.3201	1.0270
0.3404	1.4622
0.2292	1.0097
0.2194	1.0050
0.3204	1.0393
0.3417	1.4470
0.2289	1.0097
0.2188	1.0092
0.3208	1.0468
0.3430	1.4242
0.2289	1.0035
0.2184	1.0105
0.3210	1.0575
0.3441	1.3978
0.2288	1.0052
0.2180	1.0003
0.3212	1.0475
0.3450	1.3415
0.2287	1.0108
0.2178	0.9905
0.3213	1.0248
0.3455	1.2938
0.2286	1.0270
0.2177	0.9860
0.3214	1.0078
0.3457	1.2625
0.2287	1.0500
0.2175	0.9782
0.3213	0.9805
0.3462	1.2360
0.2288	1.0712
0.2174	0.9717
0.3211	0.9795
0.3466	1.2118
0.2290	1.0933
0.2173	0.9613
0.3208	0.9817
0.3468	1.1970
0.2291	1.1023
0.2170	0.9452
0.3204	0.9868
0.3476	1.2058
0.2294	1.1218
0.2167	0.9332
0.3200	1.1942
0.3483	1.2240
0.2297	1.1165
0.2164	0.9300
0.3194	1.2262
0.3492	1.2293
0.2298	1.1065
0.2161	0.9337
0.3191	1.2548
0.3499	1.2387
0.2299	1.0975
0.2158	0.9455
0.3189	1.2800
0.3507	1.2688
0.2299	1.0772
0.2154	0.9593
0.3189	1.3017
0.3518	1.2760
0.2279	1.0620
0.2150	0.9625
0.3229	1.3145
0.3528	1.2682
0.2275	1.0430
0.2147	0.9723
0.3236	1.3232
0.3536	1.2637
0.2272	1.0225
0.2146	0.9672
0.3242	1.3148
0.3540	1.2542
0.2271	1.0150
0.2143	0.9637
0.3246	1.3058
0.3547	1.2625
0.2268	1.0195
0.2141	0.9558
0.3251	1.2970
0.3554	1.2625
0.2267	1.0195
0.2139	0.9138
0.3252	1.0885
0.3559	1.2530
0.2268	1.0430
0.2137	0.9077
0.3252	1.0633
0.3564	1.2560
0.2268	1.0670
0.2135	0.8955
0.3251	1.0557
0.3571	1.2585
0.2269	1.0825
0.2131	0.8790
0.3249	1.0672
0.3583	1.2635
0.2270	1.0990
0.2126	0.8715
0.3247	1.0973
0.3596	1.2705
0.2272	1.0957
0.2119	0.8567
0.3243	1.1342
0.3615	1.2760
0.2273	1.0965
0.2116	0.8533
0.3240	1.1810
0.3625	1.2710
0.2273	1.0890
0.2113	0.8622
0.3240	1.2177
0.3634	1.2703
0.2272	1.0725
0.2109	0.8757
0.3243	1.2752
0.3647	1.2390
0.2268	1.0568
0.2105	0.8937
0.3251	1.3078
0.3658	1.2090
0.2263	1.0368
0.2101	0.9415
0.3261	1.3407
0.3668	1.1770
0.2259	1.0192
0.2100	0.9390
0.3270	1.3688
0.3674	1.1397
0.2255	1.0072
0.2098	0.9260
0.3279	1.3795
0.3678	1.1105
0.2248	1.0028
0.2098	0.9250
0.3292	1.3925
0.3678	1.0805
0.2245	1.0145
0.2098	0.9212
0.3300	1.3875
0.3679	1.0508
0.2241	1.0328
0.2098	0.9210
0.3309	1.3773
0.3677	1.0320
0.2238	1.0505
0.2098	0.9140
0.3315	1.3687
0.3678	1.0295
0.2236	1.0812
0.2096	0.9015
0.3320	1.3975
0.3683	1.0328
0.2233	1.1057
0.2095	0.8803
0.3327	1.3995
0.3688	1.0412
0.2231	1.1108
0.2093	0.8688
0.3331	1.4312
0.3693	1.0460
0.2229	1.1142
0.2092	0.8583
0.3335	1.4723
0.3699	1.0650
0.2227	1.1065
0.2089	0.8625
0.3340	1.5055
0.3705	1.0705
0.2223	1.0920
0.2087	0.8755
0.3348	1.5462
0.3714	1.0697
0.2219	1.0730
0.2084	0.8862
0.3357	1.5528
0.3722	1.0622
0.2213	1.0460
0.2082	0.8980
0.3372	1.5592
0.3728	1.0560
0.2205	1.0265
0.2080	0.9127
0.3389	1.5692
0.3734	1.0413
0.2198	0.9988
0.2080	0.9145
0.3406	1.5553
0.3736	1.0180
0.2191	0.9765
0.2080	0.9220
0.3423	1.5457
0.3737	1.0052
0.2186	0.9685
0.2079	0.9322
0.3437	1.5143
0.3737	0.9940
0.2181	0.9707
0.2080	0.9440
0.3449	1.4847
0.3736	0.9938
0.2176	0.9815
0.2080	0.9532
0.3461	1.4547
0.3734	0.9890
0.2173	0.9957
0.2080	0.9605
0.3468	1.4405
0.3734	0.9980
0.2168	0.9983
0.2079	0.9693
0.3481	1.4305
0.3737	1.0250
0.2167	1.0005
0.2079	0.9775
0.3485	1.4513
0.3740	1.0285
0.2164	1.0018
0.2078	0.9712
0.3493	1.4685
0.3742	1.0330
0.2160	0.9942
0.2077	0.9790
0.3501	1.4833
0.3744	1.0323
0.2156	0.9832
0.2077	0.9957
0.3512	1.4980
0.3746	1.0375
0.3752	1.0185
0.2150	0.9745
0.2075	1.0173
0.3528	1.5028
0.3751	1.0080
0.2144	0.9562
0.2075	1.0433
0.3546	1.5175
0.3754	0.9935
0.2137	0.9445
0.2074	1.0660
0.3564	1.5207
0.3749	0.9770
0.2131	0.9350
0.2076	1.0833
0.3582	1.4977
0.3745	0.9600
0.2125	0.9223
0.2077	1.0903
0.3597	1.4797
0.3737	0.9395
0.2120	0.9342
0.2079	1.0987
0.3614	1.4472
0.3730	0.9400
0.2115	0.9395
0.2082	1.0990
0.3627	1.4075
0.3721	0.9447
0.2111	0.9537
0.2084	1.1145
0.3639	1.3687
0.3714	0.9655
0.2109	0.9698
0.2086	1.1062
0.3645	1.3442
0.3710	0.9810
0.2106	0.9795
0.2088	1.1020
0.3655	1.3468
0.3708	1.0110
0.2104	0.9872
0.2089	1.0938
0.3660	1.3282
0.3707	1.0317
0.2101	0.9910
0.2089	1.0720
0.3668	1.3353
0.3706	1.0395
0.2100	0.9795
0.2089	1.0435
0.3673	1.3395
0.3710	1.0502
0.2097	0.9637
0.2088	1.0232
0.3681	1.3538
0.3712	1.0522
0.2093	0.9418
0.2087	1.0110
0.3694	1.3488
0.3715	1.0412
0.2089	0.9280
0.2086	0.9928
0.3705	1.3518
0.3719	1.0310
0.2085	0.9103
0.2085	0.9983
0.3720	1.3380
0.3720	1.0192
0.2079	0.8930
0.2085	1.0003
0.3737	1.3345
0.3722	1.0025
0.2075	0.8915
0.2084	1.0037
0.3752	1.3220
0.3721	0.9872
0.2070	0.8965
0.2084	0.9995
0.3767	1.2855
0.3721	0.9785
0.2067	0.9062
0.2084	1.0015
0.3777	1.2588
0.3716	0.9748
0.2064	0.9152
0.2086	1.0072
0.3787	1.2445
0.3712	0.9865
0.2062	0.9340
0.2087	1.0235
0.3796	1.2138
0.3709	0.9978
0.2060	0.9410
0.2088	1.0418
0.3801	1.2262
0.3708	1.0132
0.2059	0.9552
0.2088	1.0777
0.3804	1.2438
0.3708	1.0368
0.2059	0.9457
0.2088	1.1435
0.3805	1.2567
0.3710	1.0625
0.2057	0.9392
0.2088	1.1712
0.3813	1.2848
0.3710	1.0715
0.2055	0.9278
0.2088	1.1770
0.3817	1.3142
0.3710	1.0867
0.2051	0.8973
0.2088	1.1908
0.3834	1.3227
0.3704	1.0873
0.2046	0.8765
0.2090	1.2118
0.3851	1.3483
0.3692	1.0755
0.2041	0.8538
0.2094	1.2320
0.3868	1.3660
0.3686	1.0660
0.2035	0.8360
0.2095	1.2520
0.3889	1.3610
0.3683	1.0535
0.2029	0.8013
0.2097	1.2685
0.3911	1.3698
0.3681	1.0325
0.2025	0.8207
0.2097	1.2710
0.3928	1.3472
0.3674	1.0208
0.2020	0.8293
0.2099	1.2480
0.3945	1.3307
0.3666	1.0035
0.2017	0.8360
0.2102	1.2143
0.3959	1.3205
0.3659	0.9878
0.2013	0.8478
0.2104	1.1793
0.3972	1.3082
0.3652	0.9873
0.2008	0.8792
0.2107	1.1775
0.3990	1.2862
0.3645	0.9803
0.2007	0.9067
0.2109	1.1840
0.3995	1.2820
0.3642	0.9885
0.2005	0.9242
0.2110	1.1867
0.4006	1.2730
0.3635	0.9973
0.2001	0.9282
0.2112	1.1840
0.4019	1.2652
0.3635	1.0020
0.1998	0.9308
0.2112	1.1745
0.4033	1.2557
0.3632	1.0013
0.1996	0.9400
0.2113	1.1638
0.4039	1.2403
0.3627	0.9997
0.1994	0.9095
0.2115	1.1562
0.4048	1.2285
0.3622	0.9995
0.1992	0.8962
0.2117	1.1472
0.4057	1.2010
0.3616	1.0013
0.1989	0.8920
0.2119	1.1282
0.4067	1.1780
0.3614	1.0012
0.1987	0.8865
0.2120	1.1302
0.4078	1.1475
0.3609	0.9933
0.1985	0.8778
0.2121	1.1193
0.4088	1.1255
0.3604	0.9887
0.1982	0.8805
0.2123	1.1047
0.4099	1.1108
0.3603	0.9842
0.1980	0.8945
0.2123	1.0823
0.4106	1.1013
0.3602	0.9812
0.1979	0.9153
0.2124	1.0528
0.4113	1.1053
0.3601	0.9835
0.1977	0.9347
0.2124	1.0312
0.4120	1.1045
0.3599	0.9880
0.1977	0.9627
0.2125	1.0067
0.4122	1.1130
0.3596	0.9985
0.1976	0.9800
0.2126	0.9908
0.4124	1.1178
0.3596	1.0055
0.1976	0.9800
0.2126	0.9850
0.4126	1.1355
0.4131	1.1425
0.3598	1.0135
0.1975	0.9700
0.2125	0.9787
0.4135	1.1490
0.3601	1.0178
0.1974	1.0963
0.2124	0.9698
0.4139	1.1465
0.3604	1.0225
0.1973	1.0767
0.2123	0.9598
0.4146	1.1358
0.3606	1.0160
0.1971	1.0598
0.2122	0.9528
0.4159	1.1190
0.3609	1.0103
0.1968	1.0380
0.2121	0.9530
0.4173	1.0987
0.3611	0.9980
0.1965	1.0225
0.2121	0.9607
0.4138	1.0817
0.3614	0.9818
0.1973	1.0163
0.2120	0.9738
0.4146	1.0882
0.3615	0.9630
0.1971	1.0240
0.2119	0.9978
0.4150	1.0850
0.3613	0.9467
0.1970	1.0380
0.2120	1.0148
0.4154	1.0773
0.3611	0.9257
0.1969	1.0627
0.2121	1.0250
0.4157	1.0770
0.3607	0.9095
0.1969	1.0985
0.2122	1.0360
0.4157	1.0947
0.3603	0.8915
0.1969	0.9947
0.2123	1.0442
0.4161	1.1055
0.3595	0.8867
0.1968	1.0175
0.2126	1.0587
0.4162	1.1250
0.3589	0.8907
0.1968	1.0288
0.2128	1.0667
0.4164	1.1410
0.3583	0.8940
0.1967	1.0390
0.2130	1.0725
0.4165	1.1485
0.3579	0.9045
0.1967	1.0298
0.2132	1.0743
0.4172	1.1535
0.3574	0.9150
0.1965	1.0272
0.2134	1.0732
0.4176	1.1322
0.3571	0.9203
0.1965	1.0070
0.2135	1.0607
0.4184	1.1172
0.3567	0.9227
0.1963	0.9862
0.2136	1.0478
0.4190	1.1128
0.3565	0.9225
0.1962	0.9765
0.2137	1.0438
0.4199	1.0960
0.3564	0.9195
0.1959	0.9542
0.2137	1.0395
0.4201	1.0700
0.3563	0.9190
0.1959	0.9513
0.2138	1.0425
0.4205	1.0497
0.3559	0.9133
0.1958	0.9488
0.2139	1.0510
0.4208	1.0272
0.3557	0.9093
0.1957	0.9597
0.2140	1.0573
0.4212	1.0085
0.3552	0.8960
0.1957	0.9658
0.2141	1.0672
0.4215	0.9967
0.3548	0.9000
0.1956	0.9932
0.2143	1.0732
0.4214	0.9963
0.3543	0.9045
0.1956	0.9977
0.2145	1.0800
0.4212	0.9975
0.3536	0.9195
0.1957	1.0672
0.2147	1.0863
0.4208	1.0047
0.3530	0.9413
0.1958	1.0613
0.2149	1.0950
0.4205	1.0010
0.3522	0.9662
0.1958	1.0462
0.2153	1.1072
0.4200	1.0040
0.3520	0.9815
0.1959	1.0308
0.2153	1.1088
0.4201	0.9990
0.3519	1.0010
0.1959	0.9992
0.2154	1.1045
0.4181	0.9958
0.3517	1.0002
0.1963	0.9725
0.2154	1.0938
0.4188	0.9935
0.3518	0.9932
0.1962	0.9417
0.2154	1.0855
0.4196	0.9900
0.3517	0.9893
0.1960	0.9160
0.2154	1.0793
0.4205	0.9885
0.3516	0.9748
0.1958	0.8960
0.2155	1.0853
0.4214	0.9813
0.3517	0.9575
0.1956	0.8910
0.2154	1.0985
0.4220	0.9768
0.3513	0.9420
0.1955	0.8312
0.2156	1.1062
0.4226	0.9682
0.3507	0.9198
0.1954	0.8543
0.2158	1.1123
0.4231	0.9600
0.3500	0.9005
0.1953	0.8803
0.2161	1.1048
0.4233	0.9660
0.3493	0.8927
0.1952	1.1695
0.2164	1.1075
0.4233	0.9763
0.3484	0.8880
0.1952	1.2098
0.2167	1.1155
0.4232	0.9942
0.3477	0.8988
0.1952	1.2408
0.2170	1.1083
0.4229	1.0040
0.3471	0.9160
0.1953	1.2710
0.2172	1.1033
0.4224	1.0265
0.3467	0.9325
0.1954	1.2892
0.2174	1.1027
0.4135	1.0332
0.3464	0.9367
0.1974	1.2922
0.2175	1.1013
0.4133	1.0410
0.3462	0.9395
0.1974	1.2962
0.2176	1.0902
0.4134	1.0482
0.3462	0.9325
0.1974	1.2908
0.2176	1.0792
0.4133	1.0488
0.3462	0.9332
0.1974	1.2867
0.2176	1.0703
0.4139	1.0492
0.3459	0.9240
0.1973	1.2798
0.2177	1.0865
0.4142	1.0365
0.3453	0.9125
0.1972	1.0210
0.2179	1.0900
0.4143	1.0170
0.3448	0.8993
0.1972	1.0180
0.2181	1.1175
0.4147	0.9982
0.3442	0.8850
0.1971	1.0195
0.2184	1.1552
0.4145	0.9808
0.3438	0.8767
0.1971	1.0260
0.2185	1.1865
0.4143	0.9567
0.3429	0.8780
0.1972	1.0458
0.2189	1.2020
0.4140	0.9383
0.3422	0.8912
0.1973	1.0718
0.2192	1.2157
0.4132	0.9320
0.3410	0.9088
0.1974	1.0938
0.2197	1.2348
0.4127	0.9205
0.3398	0.9418
0.1976	1.1185
0.2202	1.2590
0.4117	0.9177
0.3389	0.9625
0.1978	1.1278
0.2205	1.2817
0.4109	0.9198
0.3383	0.9878
0.1980	1.1285
0.2208	1.2778
0.4097	0.9203
0.3378	1.0050
0.1982	1.1308
0.2210	1.2825
0.4089	0.9395
0.3372	1.0165
0.1984	1.1212
0.2213	1.2650
0.4080	0.9423
0.3368	1.0240
0.1986	1.1152
0.2214	1.2427
0.4074	0.9520
0.3365	1.0185
0.1988	1.1045
0.2216	1.2367
0.4073	0.9580
0.3362	1.0080
0.1988	1.0920
0.2217	1.2420
0.4069	0.9650
0.3358	0.9910
0.1989	1.0770
0.2219	1.2478
0.4071	0.9632
0.3353	0.9677
0.1989	1.0613
0.2221	1.2700
0.4068	0.9697
0.3348	0.9407
0.1989	1.0462
0.2223	1.2902
0.4066	0.9768
0.3340	0.9210
0.1990	1.0375
0.2227	1.3128
0.4064	0.9818
0.3330	0.9160
0.1990	1.0405
0.2231	1.3300
0.4060	0.9940
0.3320	0.9210
0.1991	1.0420
0.2236	1.3512
0.4056	0.9957
0.3305	0.9250
0.1992	1.0488
0.2243	1.3688
0.4055	1.0155
0.3291	0.9435
0.1993	1.0580
0.2249	1.3937
0.4054	1.0348
0.3278	0.9627
0.1993	1.0740
0.2255	1.4007
0.4054	1.0425
0.3271	0.9835
0.1993	1.0822
0.2259	1.3980
0.4053	1.0580
0.3264	0.9875
0.1993	1.0905
0.2262	1.3820
0.4054	1.0735
0.3256	1.0005
0.1993	1.0890
0.2265	1.3567
0.4054	1.0637
0.3250	1.0040
0.1993	1.0955
0.2268	1.3262
0.4053	1.0542
0.3245	1.0070
0.1993	1.0985
0.2271	1.3020
0.4051	1.0422
0.3241	0.9943
0.1993	1.0973
0.2273	1.2910
0.4049	0.9770
0.3235	0.9355
0.1994	1.0403
0.2276	1.2223
0.4051	0.9150
0.3229	0.8743
0.1993	0.9895
0.2279	1.1587
0.4044	0.8690
0.3223	0.8335
0.1995	0.9587
0.2282	1.1338
0.4040	0.8213
0.3216	0.7970
0.1996	0.9220
0.2285	1.1150
0.4036	0.7860
0.3208	0.7665
0.1997	0.8937
0.2289	1.0962
0.4033	0.7470
0.3204	0.7540
0.1998	0.8648
0.2292	1.0890
0.4029	0.7215
0.3197	0.7698
0.1999	0.8818
0.2295	1.0870
0.4025	0.7185
0.3188	0.7925
0.2000	0.8922
0.2300	1.0923
0.4021	0.7135
0.3179	0.8188
0.2001	0.9012
0.2304	1.0908
0.4016	0.7163
0.3173	0.8510
0.2002	0.9050
0.2308	1.0770
0.4011	0.7712
0.3167	0.9272
0.2003	0.9598
0.2311	1.1252
0.3999	0.8262
0.3164	0.9983
0.2006	1.0098
0.2313	1.1662
0.3988	0.8632
0.3162	1.0393
0.2009	1.0365
0.2314	1.1658
0.3979	0.8975
0.3161	1.0732
0.2011	1.0540
0.2314	1.1618
0.3975	0.9225
0.3163	1.0928
0.2012	1.0643
0.2313	1.1705
0.3972	0.9420
0.3164	1.1050
0.2013	1.0790
0.2313	1.1843
0.3971	0.9385
0.3163	1.0830
0.2013	1.0580
0.2313	1.1757
0.3970	0.9383
0.3163	1.0617
0.2014	1.0403
0.2313	1.1775
0.3971	0.9365
0.3161	1.0357
0.2013	1.0265
0.2314	1.1762
0.3971	0.9255
0.3157	1.0147
0.2014	1.0185
0.2316	1.1805
0.3967	0.9115
0.3151	0.9940
0.2014	1.0242
0.2320	1.1633
0.3961	0.9000
0.3145	0.9915
0.2016	1.0275
0.2323	1.1580
0.3956	0.8872
0.3139	0.9935
0.2017	1.0290
0.2326	1.1570
0.3951	0.8815
0.3133	1.0025
0.2019	1.0392
0.2329	1.1562
0.3946	0.8867
0.3130	1.0258
0.2020	1.0513
0.2331	1.1400
0.3937	0.8942
0.3130	1.0540
0.2022	1.0600
0.2331	1.1155
0.3931	0.9157
0.3130	1.0865
0.2024	1.0628
0.2331	1.0977
0.3926	0.9255
0.3130	1.1138
0.2025	1.0630
0.2331	1.0805
0.3921	0.9343
0.3131	1.1437
0.2026	1.0542
0.2330	1.0482
0.3919	0.9395
0.3135	1.1658
0.2027	1.0523
0.2328	1.0415
0.3916	0.9462
0.3139	1.1828
0.2028	1.0345
0.2326	1.0462
0.3916	0.9512
0.3143	1.1887
0.2028	1.0235
0.2324	1.0427
0.3913	0.9448
0.3145	1.1970
0.2029	1.0118
0.2323	1.0485
0.3914	0.9450
0.3152	1.1952
0.2028	1.0095
0.2319	1.0550
0.3911	0.9305
0.3154	1.1928
0.2029	1.0247
0.2318	1.0695
0.3910	0.9205
0.3157	1.1925
0.2030	1.0560
0.2316	1.0733
0.3909	0.8940
0.3159	1.1957
0.2030	1.0955
0.2315	1.0913
0.3905	0.8790
0.3160	1.2027
0.2031	1.1265
0.2315	1.0922
0.3902	0.8613
0.3159	1.2103
0.2032	1.1645
0.2315	1.1123
0.3891	0.8387
0.3159	1.2225
0.2035	1.1942
0.2315	1.1177
0.3875	0.8398
0.3162	1.2395
0.2039	1.2245
0.2313	1.1225
0.3855	0.8355
0.3164	1.2570
0.2045	1.2433
0.2313	1.1225
0.3839	0.8465
0.3167	1.2672
0.2049	1.2585
0.2311	1.1157
0.3823	0.8458
0.3171	1.2767
0.2054	1.2608
0.2309	1.1165
0.3805	0.8595
0.3175	1.2770
0.2059	1.2450
0.2306	1.1185
0.3796	0.8668
0.3181	1.2650
0.2062	1.2115
0.2304	1.1350
0.3788	0.8703
0.3186	1.2420
0.2064	1.1697
0.2301	1.1355
0.3783	0.8702
0.3190	1.2190
0.2065	1.1405
0.2299	1.1495
0.3779	0.8780
0.3191	1.1795
0.2067	1.1240
0.2298	1.1448
0.3777	0.8935
0.3191	1.1390
0.2067	1.1072
0.2298	1.1377
0.3774	0.8855
0.3188	1.0957
0.2068	1.1150
0.2300	1.1170
0.3768	0.8760
0.3185	1.0615
0.2070	1.1300
0.2301	1.1115
0.3761	0.8708
0.3181	1.0330
0.2072	1.1485
0.2303	1.0955
0.3753	0.8682
0.3178	1.0163
0.2075	1.1687
0.2305	1.0807
0.3744	0.8547
0.3176	1.0055
0.2077	1.1872
0.2306	1.0605
0.3731	0.8555
0.3176	1.0098
0.2081	1.2000
0.2306	1.0335
0.3717	0.8782
0.3176	1.0210
0.2086	1.2205
0.2306	1.0005
0.3705	0.8987
0.3178	1.0325
0.2089	1.2350
0.2305	0.9742
0.3695	0.9178
0.3178	1.0522
0.2093	1.2343
0.2305	0.9682
0.3685	0.9367
0.3180	1.0688
0.2096	1.2353
0.2304	0.9695
0.3678	0.9518
0.3184	1.0845
0.2098	1.2280
0.2302	0.9932
0.3673	0.9765
0.3189	1.0890
0.2100	1.2193
0.2299	1.0055
0.3668	0.9828
0.3193	1.0930
0.2101	1.2142
0.2297	1.0230
0.3666	0.9827
0.3195	1.0915
0.2102	1.2255
0.2296	1.0268
0.3662	0.9910
0.3196	1.0825
0.2103	1.2633
0.2296	1.0308
0.3655	0.9827
0.3195	1.0713
0.2106	1.2942
0.2296	1.0300
0.3651	0.9650
0.3193	1.0550
0.2107	1.3362
0.2297	1.0395
0.3643	0.9543
0.3192	1.0445
0.2110	1.3713
0.2298	1.0690
0.3630	0.9277
0.3191	1.0370
0.2114	1.4058
0.2298	1.0670
0.3612	0.9112
0.3190	1.0330
0.2120	1.4342
0.2299	1.0553
0.3596	0.8997
0.3192	1.0335
0.2126	1.4427
0.2298	1.0385
0.3576	0.8815
0.3193	1.0475
0.2133	1.4502
0.2297	1.0197
0.3559	0.8820
0.3188	1.0432
0.2139	1.4458
0.2300	1.0053
0.3542	0.8830
0.3189	1.0462
0.2145	1.4280
0.2299	0.9992
0.3527	0.8858
0.3191	1.0495
0.2151	1.3848
0.2298	1.0025
0.3516	1.0623
0.3194	1.2692
0.2155	1.3405
0.2297	1.0125
0.3505	1.0713
0.3199	1.2625
0.2159	1.2895
0.2294	1.0130
0.3499	1.0755
0.3200	1.2500
0.2161	1.2507
0.2294	0.9915
0.3492	1.0910
0.3201	1.2335
0.2164	1.2328
0.2293	0.9843
0.3487	1.1048
0.3200	1.2125
0.2166	1.2310
0.2294	0.9745
0.3525	1.1170
0.3245	1.1913
0.2151	1.2298
0.2271	0.9673
0.3521	1.1310
0.3244	1.1650
0.2153	1.2265
0.2271	0.9603
0.2273	0.9557
0.3515	1.1305
0.3241	1.1418
0.2155	1.2268
0.2273	0.9508
0.3506	1.1330
0.3241	1.1315
0.2158	1.2282
0.2273	0.9433
0.3496	1.1460
0.3240	1.1108
0.2162	1.2262
0.2273	0.9373
0.3488	0.9943
0.3240	0.8960
0.2165	1.2423
0.2273	0.9438
0.3482	1.0135
0.3241	0.9135
0.2168	1.2392
0.2274	0.9340
0.3476	1.0322
0.3238	0.9285
0.2170	1.2280
0.2274	0.9452
0.3469	1.0555
0.3238	0.9482
0.2173	1.2040
0.2276	0.9655
0.3467	1.0692
0.3235	0.9650
0.2174	1.1777
0.2275	0.9895
0.3465	1.0842
0.3237	0.9767
0.2175	1.1465
0.2274	1.0157
0.3466	1.0952
0.3238	0.9810
0.2174	1.1298
0.2273	1.0333
0.3468	1.1147
0.3240	0.9960
0.2173	1.1285
0.2273	1.0495
0.3470	1.1323
0.3241	0.9860
0.2172	1.1123
0.2273	1.0575
0.3470	1.1385
0.3240	1.0025
0.2172	1.1167
0.2275	1.0547
0.3473	1.1468
0.3238	0.9815
0.2171	1.1272
0.2277	1.0382
0.3473	1.1488
0.3234	0.9623
0.2171	1.1433
0.2278	1.0250
0.3472	1.1567
0.3230	0.9495
0.2171	1.1452
0.2281	1.0137
0.3474	1.1520
0.3225	0.9400
0.2171	1.1482
0.2282	0.9945
0.3472	1.1615
0.3223	0.9387
0.2171	1.1535
0.2283	0.9710
0.3469	1.1610
0.3221	0.9485
0.2173	1.1613
0.2282	0.9197
0.3467	1.1688
0.3222	0.9695
0.2174	1.1613
0.2281	0.9035
0.3471	1.1723
0.3225	0.9938
0.2172	1.1552
0.2280	0.8925
0.3471	1.1803
0.3226	1.0202
0.2172	1.1532
0.2279	0.8953
0.3472	1.1878
0.3229	1.0330
0.2172	1.1363
0.2277	0.9120
0.3473	1.1870
0.3233	1.0537
0.2171	1.1103
0.2271	0.9357
0.3475	1.1900
0.3244	1.0635
0.2170	1.0860
0.2269	0.9627
0.3477	1.1913
0.3249	1.0580
0.2170	1.0923
0.2268	0.9757
0.3480	1.1968
0.3252	1.0490
0.2168	1.0935
0.2268	0.9920
0.3485	1.1838
0.3252	1.0375
0.2167	1.0870
0.2268	0.9978
0.3488	1.1795
0.3251	1.0157
0.2165	1.0887
0.2269	1.0280
0.3492	1.1605
0.3249	0.9885
0.2164	1.0835
0.2271	1.0188
0.3495	1.1485
0.3244	0.9692
0.2163	1.0698
0.2273	1.0202
0.3496	1.1250
0.3241	0.9545
0.2162	1.0645
0.2274	1.0130
0.3495	1.0945
0.3238	0.9558
0.2163	1.0580
0.2275	0.9967
0.3495	1.0753
0.3237	0.9660
0.2163	1.0550
0.2275	0.9910
0.3494	1.0585
0.3236	1.0032
0.2163	1.0473
0.2274	0.9918
0.3496	1.0398
0.3239	1.0537
0.2162	1.0317
0.2275	0.9998
0.3495	1.0213
0.3238	1.0860
0.2163	1.0157
0.2274	1.0048
0.3494	1.0190
0.3240	1.1172
0.2163	1.0080
0.2271	1.0140
0.3493	1.0268
0.3244	1.1547
0.2164	0.9998
0.2268	1.0197
0.3495	1.0392
0.3251	1.1933
0.2163	1.0053
0.2265	1.0272
0.3497	1.0530
0.3258	1.2060
0.2162	1.0147
0.2264	1.0262
0.3497	1.0767
0.3260	1.4915
0.2162	1.0275
0.2263	1.0237
0.3498	1.0977
0.3262	1.4958
0.2162	1.0462
0.2261	1.0303
0.3502	1.1112
0.3266	1.4995
0.2160	1.0498
0.2258	1.0160
0.3502	1.1190
0.3273	1.4765
0.2160	1.0562
0.2256	0.9872
0.3505	1.1182
0.3277	1.4505
0.2159	1.0495
0.2227	0.9725
0.3507	1.1220
0.3338	1.4547
0.2158	1.0407
0.2226	0.9603
0.3506	1.1172
0.3342	1.4583
0.2158	1.0225
0.2224	0.9613
0.3508	1.0997
0.3346	1.4755
0.2158	1.0150
0.2221	0.9685
0.3510	1.0893
0.3352	1.4938
0.2157	0.9995
0.2218	0.9843
0.3513	1.0648
0.3359	1.5388
0.2156	0.9852
0.2216	0.9938
0.3517	1.0442
0.3365	1.3000
0.2154	0.9658
0.2213	1.0092
0.3521	1.0383
0.3371	1.3197
0.2153	0.9515
0.2209	1.0210
0.3522	1.0387
0.3380	1.3417
0.2152	0.9413
0.2205	1.0393
0.3524	1.0462
0.3389	1.3645
0.2152	0.9458
0.2201	1.0620
0.3525	1.0678
0.3400	1.3832
0.2152	0.9583
0.2197	1.0620
0.3527	1.0812
0.3408	1.3743
0.2151	0.9758
0.2195	1.0442
0.3528	1.0950
0.3413	1.3640
0.2150	0.9917
0.2193	1.0267
0.3532	1.0942
0.3420	1.3370
0.2149	0.9940
0.2190	1.0055
0.3535	1.0935
0.3427	1.2920
0.2148	0.9950
0.2187	0.9860
0.3541	1.0982
0.3433	1.2520
0.2146	0.9868
0.2185	0.9605
0.3544	1.0948
0.3438	1.2167
0.2144	0.9828
0.2182	0.9380
0.3547	1.0785
0.3446	1.2080
0.2143	0.9665
0.2179	0.9157
0.3547	1.0615
0.3452	1.1995
0.2143	0.9560
0.2178	0.8940
0.3549	1.0377
0.3456	1.2105
0.2143	0.9410
0.2175	0.8798
0.3553	1.0085
0.3463	1.2203
0.2141	0.9250
0.2173	0.8653
0.3555	0.9923
0.3469	1.2285
0.2141	0.9225
0.2170	0.8772
0.3556	0.9793
0.3477	1.2450
0.2140	0.9288
0.2166	0.8808
0.3559	0.9818
0.3487	1.2625
0.2139	0.9338
0.2160	0.8868
0.3559	0.9905
0.3503	1.2817
0.2139	0.9513
0.2155	0.8840
0.3562	1.0085
0.3515	1.2832
0.2138	0.9708
0.2138	0.9910
0.2151	0.9000
0.3561	1.0250
0.3526	1.2845
0.2139	1.0123
0.2148	0.8878
0.3560	1.0478
0.3535	1.2560
0.2139	1.0343
0.2144	0.8860
0.3560	1.0570
0.3546	1.2325
0.2139	1.0370
0.2141	0.8840
0.3559	1.0618
0.3553	1.1925
0.2138	1.0503
0.2138	0.8740
0.3562	1.0628
0.3561	1.1627
0.2137	1.0405
0.2137	0.8750
0.3563	1.0515
0.3564	1.1590
0.2137	1.0320
0.2136	0.8720
0.3565	1.0477
0.3568	1.1490
0.2137	1.0368
0.2134	0.8532
0.3564	1.0430
0.3574	1.1397
0.2137	1.0220
0.2131	0.8587
0.3566	1.0282
0.3580	1.1530
0.2137	1.0202
0.2129	0.8763
0.3565	0.9972
0.3588	1.1625
0.2137	1.0163
0.2125	0.8910
0.3564	0.9782
0.3598	1.1810
