#rho	velocity
0.1752	1.1175
0.4148	1.0918
0.5626	1.6750
0.1971	1.1325
0.1751	1.1252
0.4148	1.0842
0.5633	1.6547
0.1971	1.1670
0.1749	1.1260
0.4149	1.0975
0.5657	1.5930
0.1971	1.1767
0.1746	1.1130
0.4140	1.0980
0.5689	1.6135
0.1972	1.1320
0.1745	1.1067
0.4127	1.1037
0.5704	1.4622
0.1975	1.1305
0.1745	1.0802
0.4126	1.1050
0.5704	1.4020
0.1976	1.1198
0.1741	1.0702
0.4117	1.1108
0.5745	1.4155
0.1978	1.1083
0.1740	1.0552
0.4118	1.1272
0.5749	1.4573
0.1978	1.0888
0.1736	1.0435
0.4126	1.1447
0.5799	1.4617
0.1976	1.0635
0.1737	1.0280
0.4134	1.1935
0.5793	1.4015
0.1974	1.0533
0.1733	1.0238
0.4143	1.2375
0.5837	1.4535
0.1972	1.0705
0.1730	1.0205
0.4149	1.2800
0.5861	1.3900
0.1971	1.0548
0.1725	1.0292
0.4162	1.3165
0.5926	1.4792
0.1968	1.0473
0.1721	1.0485
0.4168	1.3492
0.5974	1.4305
0.1966	1.0570
0.1965	1.0818
0.1722	1.0558
0.4176	1.3868
0.5958	1.4928
0.1963	1.0775
0.1719	1.0775
0.4183	1.4188
0.5998	1.4703
0.1960	1.0628
0.1719	1.0833
0.4194	1.4288
0.6000	1.5117
0.1957	1.0917
0.1714	1.0847
0.4211	1.4348
0.6063	1.4758
0.1953	1.0585
0.1713	1.0805
0.4228	1.4333
0.6068	1.3890
0.1950	1.0407
0.1711	1.0750
0.4241	1.4135
0.6101	1.4720
0.1946	1.0822
0.1709	1.0692
0.4263	1.3892
0.6118	1.3905
0.1943	1.0600
0.1705	1.0693
0.4279	1.3747
0.6172	1.5045
0.1941	1.0382
0.1702	1.0635
0.4285	1.3775
0.6214	1.4118
0.1938	1.0180
0.1703	1.0582
0.4303	1.3970
0.6202	1.4095
0.1936	1.0117
0.1699	1.0517
0.4310	1.4155
0.6254	1.4098
0.1939	1.0430
0.1700	1.0540
0.4294	1.4357
0.6238	1.3722
0.1937	1.0407
0.1693	1.0512
0.4308	1.4977
0.6331	1.3273
0.1931	1.0550
0.1693	1.0633
0.4335	1.5160
0.6330	1.2745
0.1925	1.0915
0.1693	1.0712
0.4368	1.5510
0.6338	1.3015
0.1920	1.1022
0.1690	1.0887
0.4392	1.5898
0.6380	1.2655
0.1917	1.0295
0.1691	1.0975
0.4411	1.6202
0.6366	1.2783
0.1909	1.0533
0.1689	1.1060
0.4453	1.6330
0.6389	1.1678
0.1907	1.1025
0.1690	1.1065
0.4461	1.6330
0.6382	1.1773
0.1904	1.1247
0.1690	1.1078
0.4480	1.6173
0.6384	1.2150
0.1900	1.1158
0.1689	1.1068
0.4499	1.5830
0.6395	1.1785
0.1896	1.0897
0.1690	1.0935
0.4523	1.5538
0.6382	1.2120
0.1894	1.1095
0.1690	1.0825
0.4535	1.5005
0.6381	1.1983
0.1892	1.0902
0.1689	1.0670
0.4544	1.5083
0.6387	1.2243
0.1889	1.0830
0.1687	1.0437
0.4565	1.5177
0.6426	1.2142
0.1886	1.0667
0.1686	1.0198
0.4580	1.5197
0.6439	1.1625
0.1883	1.0553
0.1684	0.9903
0.4599	1.5327
0.6463	1.1995
0.1881	1.0985
0.1683	0.9672
0.4613	1.5413
0.6485	1.2095
0.1877	1.0685
0.1681	0.9495
0.4634	1.5495
0.6513	1.1990
0.1873	1.0600
0.1680	0.9310
0.4662	1.5502
0.6527	1.1655
0.1868	1.0458
0.1681	0.9272
0.4690	1.5517
0.6514	1.1517
0.1862	1.0475
0.1678	0.9270
0.4727	1.5352
0.6557	1.1450
0.1863	1.0792
0.1676	0.9285
0.4724	1.5135
0.6584	1.1385
0.1859	1.0548
0.1675	0.9328
0.4752	1.4705
0.6597	1.1485
0.1854	1.0508
0.1673	0.9400
0.4779	1.4142
0.6625	1.1460
0.1851	1.0660
0.1673	0.9427
0.4802	1.3618
0.6631	1.1970
0.1849	1.0590
0.1672	0.9520
0.4815	1.3213
0.6650	1.1570
0.1850	0.9960
0.1671	0.9530
0.4806	1.3045
0.6667	1.1282
0.1848	0.9803
0.1669	0.9608
0.4819	1.2798
0.6701	1.1235
0.1848	0.9940
0.1668	0.9663
0.4825	1.2637
0.6707	1.0902
0.1848	1.0090
0.1666	0.9650
0.4824	1.2758
0.6738	1.0900
0.1844	1.0100
0.1666	0.9700
0.4848	1.2808
0.6739	1.0553
0.1842	0.9865
0.1666	0.9805
0.4866	1.2925
0.6740	1.0383
0.1838	1.0132
0.1666	0.9992
0.4891	1.3017
0.6742	1.0005
0.1836	1.0170
0.1667	1.0215
0.4905	1.3150
0.6736	1.0450
0.1833	0.9715
0.1666	1.0535
0.4929	1.3195
0.6743	0.9975
0.6727	1.0170
0.1831	1.0138
0.1667	1.0847
0.4944	1.3130
0.6718	1.0483
0.1830	1.0228
0.1668	1.1190
0.4951	1.3070
0.6702	1.0808
0.1829	1.0327
0.1669	1.1485
0.4957	1.2845
0.6728	1.1098
0.1827	1.0520
0.1667	1.1670
0.4968	1.2820
0.6687	1.1130
0.1824	1.0347
0.1670	1.1793
0.4992	1.2530
0.6678	1.1285
0.1824	1.0237
0.1670	1.1900
0.4992	1.2415
0.6676	1.1452
0.1823	0.9920
0.1670	1.1807
0.5005	1.2392
0.6681	1.1338
0.1821	0.9965
0.1670	1.1647
0.5015	1.2358
0.6684	1.0810
0.1821	0.9690
0.1670	1.1487
0.5018	1.2405
0.6683	1.1020
0.1818	0.9605
0.1670	1.1145
0.5037	1.2538
0.6672	1.0975
0.1816	0.9555
0.1671	1.0840
0.5053	1.2475
0.6687	1.0800
0.1813	0.9503
0.1670	1.0542
0.5076	1.2350
0.6674	1.0535
0.1813	0.9625
0.1670	1.0285
0.5078	1.2337
0.6667	1.0297
0.1809	0.9178
0.1671	1.0147
0.5106	1.2268
0.6676	1.0735
0.1805	0.9460
0.1670	1.0110
0.5142	1.2148
0.6690	1.0777
0.1805	0.9490
0.1669	1.0008
0.5142	1.2150
0.6699	1.0865
0.1804	0.9700
0.1669	1.0115
0.5151	1.1983
0.6704	1.1145
0.1803	0.9393
0.1669	1.0183
0.5155	1.1985
0.6698	1.1333
0.1800	0.9577
0.1669	1.0198
0.5179	1.1915
0.6739	1.1555
0.1801	0.9918
0.1666	1.0282
0.5177	1.1890
0.6741	1.1387
0.1799	0.9640
0.1666	1.0350
0.5192	1.2188
0.6754	1.1545
0.1798	0.9752
0.1665	1.0370
0.5196	1.2233
0.6761	1.1527
0.1796	0.9775
0.1665	1.0272
0.5215	1.2540
0.6770	1.1648
0.1794	1.0375
0.1664	1.0123
0.5231	1.2525
0.6791	1.1000
0.1792	1.0340
0.1663	0.9960
0.5249	1.2577
0.6784	1.1182
0.1788	1.0688
0.1664	0.9790
0.5281	1.2520
0.6806	1.0845
0.1788	1.0823
0.1662	0.9610
0.5287	1.2500
0.6818	1.1147
0.1786	1.1275
0.1662	0.9492
0.5306	1.2340
0.6838	1.1207
0.1787	1.1323
0.1660	0.9520
0.5297	1.2245
0.6835	1.1170
0.1786	1.1463
0.1661	0.9593
0.5300	1.2078
0.6870	1.1468
0.1787	1.1667
0.1659	0.9755
0.5293	1.1910
0.6869	1.1425
0.1788	1.1785
0.1659	0.9922
0.5288	1.1922
0.6916	1.1578
0.1789	1.1685
0.1656	1.0173
0.5274	1.1722
0.6928	1.1655
0.1788	1.1080
0.1655	1.0452
0.5282	1.1768
0.6940	1.1820
0.1788	1.0933
0.1655	1.0725
0.5283	1.1902
0.6945	1.1770
0.1787	1.0742
0.1654	1.0787
0.5294	1.2030
0.6949	1.1880
0.1787	1.0575
0.1654	1.0805
0.5294	1.2107
0.6951	1.1318
0.1785	1.0070
0.1654	1.0755
0.5308	1.2100
0.6952	1.1142
0.1782	1.0230
0.1654	1.0535
0.5336	1.2000
0.6939	1.1115
0.1780	1.0077
0.1655	1.0318
0.5355	1.1928
0.6964	1.0795
0.1779	1.0242
0.1653	0.9975
0.5366	1.1765
0.6972	1.0780
0.1778	1.0145
0.1653	0.9705
0.5375	1.1713
0.6970	1.0993
0.1776	0.9715
0.1653	0.9298
0.5389	1.1648
0.6987	1.1003
0.1777	0.9920
0.1652	0.9025
0.5382	1.1693
0.5388	1.1593
0.7018	1.1102
0.1777	1.0250
0.1650	0.8723
0.5381	1.1555
0.7025	1.1317
0.1777	0.9867
0.1650	0.8668
0.5384	1.1648
0.7054	1.1520
0.1777	0.9995
0.1648	0.8675
0.5419	1.1827
0.7119	1.1937
0.1773	0.9985
0.1645	0.8700
0.5439	1.1928
0.7148	1.1987
0.1771	0.9782
0.1643	0.8883
0.5433	1.2050
0.7176	1.1887
0.1772	0.9607
0.1642	0.8997
0.5465	1.2022
0.7231	1.2075
0.1768	0.9728
0.1639	0.9165
0.5473	1.1822
0.7260	1.1847
0.1767	0.9715
0.1637	0.9242
0.5498	1.1625
0.7300	1.1265
0.1765	1.0215
0.1635	0.9407
0.5509	1.1377
0.7304	1.1192
0.1764	1.0328
0.1635	0.9485
0.5534	1.1230
0.7314	1.1038
0.1761	1.0040
0.1635	0.9518
0.5517	1.1115
0.7325	1.0693
0.1763	1.0693
0.1634	0.9525
0.5509	1.0982
0.7323	1.0262
0.1764	1.0635
0.1634	0.9462
0.5503	1.1012
0.7313	0.9970
0.1764	1.0735
0.1635	0.9345
0.5502	1.1050
0.7327	0.9893
0.1764	1.0773
0.1634	0.9235
0.5504	1.1102
0.7336	1.0077
0.1764	1.0978
0.1633	0.9165
0.5490	1.1315
0.7355	1.0018
0.1766	1.0662
0.1633	0.9138
0.5494	1.1677
0.7345	1.0167
0.1765	1.0902
0.1633	0.9260
0.5515	1.1892
0.7367	1.0388
0.1763	1.0648
0.1632	0.9337
0.5526	1.2043
0.7375	1.0475
0.1762	1.0518
0.1632	0.9508
0.5541	1.2112
0.7413	1.0330
0.1760	1.0462
0.1630	0.9762
0.5557	1.2090
0.7420	1.0452
0.1759	1.0315
0.1629	1.0045
0.5556	1.2025
0.7422	1.0835
0.1759	1.0137
0.1629	1.0285
0.5580	1.1905
0.7427	1.0655
0.1757	1.0108
0.1629	1.0563
0.5596	1.1865
0.7433	1.0867
0.1755	1.0020
0.1629	1.0720
0.5606	1.1800
0.7398	1.0793
0.1754	0.9950
0.1630	1.0833
0.5600	1.1730
0.7399	1.0983
0.1755	1.0237
0.1630	1.0827
0.5610	1.1685
0.7405	1.0593
0.1754	0.9925
0.1630	1.0640
0.5627	1.1768
0.7377	1.0997
0.1752	0.9960
0.1631	1.0547
0.5641	1.1832
0.7391	1.1310
0.1751	0.9975
0.1631	1.0340
0.5657	1.1987
0.7409	1.1570
0.1749	0.9750
0.1630	1.0060
0.5651	1.2145
0.7437	1.1638
0.1750	0.9653
0.1629	0.9827
0.5667	1.2277
0.7416	1.1498
0.1748	0.9445
0.1630	0.9640
0.5695	1.2297
0.7477	1.1952
0.1746	0.9415
0.1627	0.9515
0.5714	1.2397
0.7541	1.1750
0.1744	0.9358
0.1624	0.9415
0.5750	1.2315
0.7567	1.1850
0.1740	0.9370
0.1622	0.9438
0.5760	1.2215
0.7603	1.1107
0.1739	0.9042
0.1621	0.9492
0.5794	1.2057
0.7614	1.1733
0.1736	0.9295
0.1620	0.9667
0.5815	1.1870
0.7652	1.1347
0.1735	0.9198
0.1619	0.9800
0.5842	1.1753
0.7655	1.0850
0.1732	0.9308
0.1618	0.9975
0.5852	1.1545
0.7684	1.0945
0.1731	0.9627
0.1617	1.0137
0.5861	1.1438
0.7620	1.0677
0.1730	0.9680
0.1620	1.0255
0.5850	1.1388
0.7651	1.1190
0.1731	1.0125
0.1619	1.0315
0.5874	1.1375
0.7654	1.1197
0.1729	1.0242
0.1619	1.0350
0.5879	1.1305
0.7642	1.1148
0.1729	1.0695
0.1619	1.0400
0.5880	1.1352
0.7660	1.1105
0.1729	1.0755
0.1618	1.0400
0.5879	1.1375
0.7652	1.1385
0.1729	1.0783
0.1619	1.0450
0.5880	1.1315
0.7717	1.1815
0.1729	1.0645
0.1616	1.0475
0.5893	1.1280
0.7753	1.1547
0.1728	1.0875
0.1614	1.0530
0.5884	1.1187
0.7744	1.1405
0.1728	1.0762
0.1615	1.0597
0.5893	1.1162
0.7768	1.1715
0.1728	1.1163
0.1614	1.0735
0.5902	1.1105
0.7731	1.1462
0.1727	1.0720
0.1615	1.0875
0.5896	1.1030
0.7811	1.0635
0.1727	1.0575
0.1612	1.1068
0.5902	1.0928
0.7775	1.0405
0.1727	1.0452
0.1613	1.1175
0.5908	1.0930
0.7738	1.0775
0.1726	1.0240
0.1615	1.1325
0.5880	1.0828
0.7777	1.0508
0.1729	1.0128
0.1613	1.1425
0.5906	1.0870
0.7721	1.1205
0.1727	1.0242
0.1616	1.1510
0.5912	1.1013
0.7666	1.0510
0.1726	0.9975
0.1618	1.1480
0.5926	1.1105
0.7661	1.0785
0.1725	1.0288
0.1618	1.1482
0.5932	1.1308
0.7678	1.1590
0.1724	1.0060
0.1617	1.1420
0.5942	1.1393
0.7659	1.0835
0.1723	1.0143
0.1618	1.1322
0.5946	1.1483
0.7694	1.0910
0.1723	1.0282
0.1617	1.1143
0.5969	1.1555
0.7694	1.1200
0.1721	1.0237
0.1617	1.0925
0.5959	1.1617
0.7691	1.1510
0.1722	1.0680
0.1617	1.0767
0.5996	1.1447
0.7758	1.1052
0.1719	1.0583
0.1614	1.0605
0.5968	1.1352
0.7718	1.1110
0.1721	1.0915
0.1616	1.0472
0.5991	1.1202
0.7694	1.0537
0.1719	1.0720
0.1617	1.0323
0.6005	1.0975
0.7699	1.0585
0.1718	1.1085
0.1617	1.0247
0.5993	1.0857
0.7749	1.0928
0.1719	1.1017
0.1614	1.0173
0.5993	1.0733
0.7731	0.9733
0.1719	1.1300
0.1615	1.0088
0.5974	1.0750
0.7734	1.0787
0.1721	1.1020
0.1615	1.0065
0.5981	1.0770
0.7720	1.1053
0.1720	1.1383
0.1616	1.0137
0.5961	1.0820
0.7735	1.1000
0.1722	1.1688
0.1615	1.0157
0.5948	1.0885
0.7782	1.0040
0.1723	1.1495
0.1613	1.0240
0.5956	1.0928
0.7716	1.1037
0.1722	1.2025
0.1616	1.0308
0.5948	1.0940
0.7805	1.1105
0.1723	1.1565
0.1612	1.0385
0.5947	1.0798
0.7804	1.1023
0.1723	1.2078
0.1612	1.0435
0.5943	1.0662
0.7800	1.1072
0.1723	1.1750
0.1612	1.0505
0.5949	1.0453
0.7725	1.0395
0.1723	1.2118
0.1615	1.0482
0.5916	1.0272
0.7820	1.1167
0.1726	1.2210
0.1611	1.0495
0.5929	0.9985
0.7821	1.0347
0.1725	1.2175
0.1611	1.0487
0.5890	0.9698
0.7791	1.0460
0.1728	1.2092
0.1613	1.0435
0.5885	0.9467
0.7803	1.0600
0.1728	1.1965
0.1612	1.0540
0.5832	0.9245
0.7771	1.1278
0.1733	1.1835
0.1613	1.0505
0.5822	0.9305
0.7797	1.0355
0.1734	1.1472
0.1612	1.0535
0.5797	0.9453
0.7788	0.9957
0.1736	1.1555
0.1613	1.0608
0.5783	0.9705
0.7807	1.0455
0.1737	1.1120
0.1612	1.0728
0.5772	0.9990
0.7807	1.0820
0.1738	1.1200
0.1612	1.0880
0.5771	1.0417
0.7819	1.1303
0.1738	1.0340
0.1611	1.1035
0.5768	0.9575
0.7798	1.0658
0.1739	1.0500
0.1612	1.1175
0.5785	1.1095
0.7743	1.0785
0.1737	1.0130
0.1615	1.1293
0.5794	1.1140
0.7758	1.0635
0.1736	1.0122
0.1614	1.1348
0.5802	1.1060
0.7796	1.0868
0.1736	0.9980
0.1612	1.1227
0.5838	1.0970
0.7804	1.0767
0.1733	0.9997
0.1612	1.1210
0.5760	1.0858
0.7734	1.0728
0.1740	0.9823
0.1615	1.1033
0.5863	1.0617
0.7727	1.0750
0.1730	0.9862
0.1615	1.0853
0.5852	1.0468
0.7721	1.0438
0.1731	0.9770
0.1616	1.0633
0.5845	1.0242
0.7763	1.0670
0.1732	0.9940
0.1614	1.0375
0.5837	1.0060
0.7765	1.0247
0.1733	0.9755
0.1614	1.0157
0.5837	1.1075
0.7761	1.0385
0.1733	0.9905
0.1614	0.9892
0.5836	0.9805
0.7730	1.0577
0.1733	0.9898
0.1615	0.9725
0.5841	0.9957
0.7734	1.0410
0.1732	0.9650
0.1615	0.9575
0.5823	1.0110
0.7832	1.0195
0.1734	1.0093
0.1611	0.9682
0.5858	1.0278
0.7815	0.9955
0.1731	1.0150
0.1612	0.9700
0.5838	1.0220
0.7794	1.0055
0.1732	1.0375
0.1612	0.9847
0.5857	1.0288
0.7831	1.0515
0.1731	1.0103
0.1611	0.9940
0.5873	1.0147
0.7822	1.0155
0.1729	1.0422
0.1611	1.0055
0.5846	1.0193
0.7826	0.9573
0.1732	1.0292
0.1611	1.0140
0.5845	0.9947
0.7796	0.9723
0.1732	1.0830
0.1612	1.0228
0.5827	0.9942
0.7786	1.0407
0.1733	0.9943
0.1613	1.0347
0.5849	0.9820
0.7800	1.0478
0.1732	1.0210
0.1612	1.0250
0.5822	0.9815
0.7746	1.0305
0.1734	1.0522
0.1614	1.0313
0.5816	0.9902
0.7763	1.0560
0.1734	0.9835
0.1614	1.0160
0.5798	0.9952
0.7753	1.0932
0.1736	0.9855
0.1614	1.0168
0.5838	1.0198
0.7801	1.1053
0.1732	0.9600
0.1612	1.0103
0.5830	1.0337
0.7859	1.1040
0.1733	0.9977
0.1610	0.9970
0.5824	1.0605
0.7821	1.1648
0.1734	0.9783
0.1611	0.9955
0.5851	1.0732
0.7875	1.1462
0.1731	0.9640
0.1609	1.0105
0.5852	1.0900
0.7890	1.1735
0.1731	0.9650
0.1608	1.0375
0.5868	1.0870
0.7903	1.1495
0.1730	1.0545
0.1608	1.0740
0.5873	1.0880
0.7932	1.1050
0.1729	1.0703
0.1607	1.1195
0.5879	1.0790
0.7955	1.1437
0.1729	1.0508
0.1606	1.1570
0.5891	1.0735
0.7930	1.1068
0.1728	1.0953
0.1607	1.2005
0.5884	1.0747
0.7920	1.0898
0.1728	1.0405
0.1607	1.2312
0.5860	1.0680
0.7894	1.0705
0.1731	0.9923
0.1608	1.2620
0.5842	1.0840
0.7841	1.0777
0.1732	1.0013
0.1610	1.2873
0.5844	1.1000
0.7805	1.0275
0.1732	1.0540
0.1612	1.2922
0.5836	1.0997
0.7760	1.0298
0.1733	1.0690
0.1614	1.2850
0.5876	1.1433
0.7718	1.0098
0.1729	0.9725
0.1616	1.2705
0.5920	1.1565
0.7670	0.9908
0.1725	0.9430
0.1618	1.2415
0.5931	1.1783
0.7677	0.9953
0.1724	0.9152
0.1617	1.2120
0.5911	1.1877
0.7633	1.0065
0.1726	0.9393
0.1619	1.1797
0.5912	1.1860
0.7621	0.9823
0.1726	0.9943
0.1620	1.1528
0.6004	1.1715
0.7606	0.9878
0.1718	1.0452
0.1621	1.1410
0.6011	1.1557
0.7593	0.9947
0.1718	1.1490
0.1621	1.1375
0.6027	1.1193
0.7583	1.0202
0.1716	1.1347
0.1622	1.1455
0.6018	1.0815
0.7599	1.0515
0.1717	1.0555
0.1621	1.1725
0.5969	1.0557
0.7560	1.0927
0.1721	1.0075
0.1623	1.2070
0.5964	1.0147
0.7539	1.0480
0.1722	1.0465
0.1624	1.2233
0.5925	0.9942
0.7506	1.0660
0.1725	1.0720
0.1625	1.2533
0.5920	0.9773
0.7532	1.0952
0.1725	1.0482
0.1624	1.2810
0.5929	0.9450
0.7495	1.0695
0.1725	1.0557
0.1626	1.3088
0.5946	0.9195
0.7491	1.1465
0.1723	0.9212
0.1626	1.3292
0.5982	0.9350
0.7409	1.0507
0.1720	0.8783
0.1630	1.3408
0.5955	0.9880
0.7383	1.1450
0.1722	0.8530
0.1631	1.3508
0.5976	1.0910
0.7375	1.1085
0.1721	0.8625
0.1632	1.3610
0.5939	1.1162
0.7332	1.1045
0.1724	0.9127
0.1634	1.3650
0.5968	1.1347
0.7357	1.0893
0.1721	0.9892
0.1632	1.3535
0.6005	1.1288
0.7223	1.0860
0.1718	1.0873
0.1639	1.3653
0.6021	1.1288
0.7281	1.1052
0.1717	1.0083
0.1636	1.3687
0.6085	1.1237
0.7256	1.0820
0.1712	1.0703
0.1638	1.3850
0.6075	1.1550
0.7213	1.1008
0.1713	1.0743
0.1640	1.3920
0.6051	1.1792
0.7206	1.0165
0.1715	1.1662
0.1640	1.4105
0.6011	1.1885
0.7114	1.1245
0.1718	1.2050
0.1645	1.4200
0.6042	1.6792
0.7107	0.9800
0.1715	1.2162
0.1645	1.4317
0.6015	1.6222
0.7060	1.0177
0.1718	1.2182
0.1648	1.4303
0.5997	1.6335
0.7032	1.0400
0.1719	1.2003
0.1649	1.4288
0.5977	1.6645
0.6954	0.9980
0.1721	1.2352
0.1654	1.4140
0.5993	1.6965
0.6928	1.0455
0.1719	1.2187
0.1655	1.3963
0.6377	1.7193
0.6832	0.9682
0.1690	1.3232
0.1661	1.3725
0.6399	1.7308
0.6846	1.0150
0.1689	1.2918
0.1660	1.3402
0.6413	1.7395
0.6830	1.0135
0.1688	1.2927
0.1661	1.3135
0.6383	1.7398
0.6798	1.0263
0.1690	1.3158
0.1663	1.2838
0.6378	1.7305
0.6776	0.9835
0.1690	1.3520
0.1664	1.2597
0.6346	1.1950
0.6721	1.0633
0.1692	1.3822
0.1667	1.2458
0.6350	1.1705
0.6750	1.0010
0.1692	1.4228
0.1666	1.2475
0.6336	1.1492
0.6747	1.0183
0.1693	1.4425
0.1666	1.2597
0.6297	1.1237
0.6713	1.0012
0.1696	1.3848
0.1668	1.2810
0.6278	1.0985
0.6672	1.0040
0.1697	1.4608
0.1670	1.2905
0.6228	1.0932
0.6666	1.0347
0.1701	1.4020
0.1671	1.3030
0.6199	1.0875
0.6623	1.0045
0.1703	1.3607
0.1674	1.3205
0.6180	1.0898
0.6612	0.9890
0.1704	1.3977
0.1674	1.3327
0.6177	1.1070
0.6549	0.9817
0.1705	1.3160
0.1678	1.3377
0.6096	1.1147
0.6523	0.9255
0.1711	1.3415
0.1680	1.3443
0.6106	1.1252
0.6487	0.9700
0.1710	1.3262
0.1683	1.3302
0.6137	1.1333
0.6474	1.0197
0.1708	1.3912
0.1683	1.3010
0.6098	1.1435
0.6448	0.9432
0.1711	1.3362
0.1685	1.2640
0.6135	1.1497
0.6407	1.0445
0.1708	1.4863
0.1688	1.2450
0.6104	1.1533
0.6319	1.0542
0.1710	1.4308
0.1694	1.2330
0.6076	1.1895
0.6360	1.0398
0.1713	1.4532
0.1691	1.2265
0.6007	1.2078
0.6385	1.0577
0.1718	1.5072
0.1690	1.2108
0.6037	1.2002
0.6343	1.0332
0.1716	1.4813
0.1692	1.2157
0.5930	1.1855
0.6381	1.0760
0.1725	1.5210
0.1690	1.2155
0.5897	1.1762
0.6374	1.1700
0.1727	1.5238
0.1690	1.2080
0.5916	1.1665
0.6333	1.1180
0.1726	1.5417
0.1693	1.2080
0.5919	1.1542
0.6348	1.0470
0.1725	1.4363
0.1692	1.2218
0.5896	1.1528
0.6300	1.1072
0.1727	1.5008
0.1696	1.2213
0.5893	1.1485
0.6295	1.0630
0.1728	1.4025
0.1696	1.2142
0.5855	1.0835
0.6289	1.0793
0.1731	1.4262
0.1696	1.2050
0.5811	1.0410
0.6288	1.0565
0.1735	1.4160
0.1696	1.1860
0.5810	1.0250
0.6246	1.0142
0.1735	1.4622
0.1700	1.1765
0.5793	1.0115
0.6253	1.0557
0.1736	1.5692
0.1699	1.1510
0.5757	1.0068
0.6261	1.2020
0.1740	1.5200
0.1698	1.1295
0.5667	0.9925
0.6274	1.1388
0.1748	1.5137
0.1697	1.1210
0.5664	0.9788
0.6231	1.1265
0.1748	1.4153
0.1701	1.1125
0.5628	0.9628
0.6220	1.2122
0.1752	1.4958
0.1701	1.1085
0.5532	0.9138
0.6225	1.1735
0.1761	1.4425
0.1701	1.1112
0.5556	0.9080
0.6353	1.2423
0.1759	1.3845
0.1692	1.1223
0.5519	0.9695
0.6303	1.2292
0.1763	1.3382
0.1695	1.1225
0.5531	0.9673
0.6299	1.3070
0.1762	1.3882
0.1696	1.1362
0.5471	0.9662
0.6328	1.3325
0.1768	1.3033
0.1694	1.1280
0.5459	0.9775
0.6302	1.3868
0.1769	1.1998
0.1695	1.1280
0.5457	0.9845
0.6356	1.2515
0.1769	1.3192
0.1692	1.1247
0.5440	0.9958
0.6359	1.3713
0.1771	1.2955
0.1691	1.1132
0.5407	1.0065
0.6367	1.3593
0.1774	1.3310
0.1691	1.0960
0.5422	1.0377
0.6382	1.3415
0.1773	1.2905
0.1690	1.0783
0.5399	1.0775
0.6433	1.4397
0.1775	1.3662
0.1686	1.0567
0.5357	1.0815
0.6457	1.3848
0.1780	1.3687
0.1685	1.0355
0.5342	1.0968
0.6515	1.4450
0.1782	1.3540
0.1681	1.0188
0.5339	1.1807
0.6515	1.4798
0.1782	1.3590
0.1681	1.0025
0.5324	1.2423
0.6546	1.4870
0.1784	1.4272
0.1679	1.0070
0.5292	1.2660
0.6621	1.4300
0.1787	1.3650
0.1674	1.0105
0.5292	1.2803
0.6651	1.5435
0.1787	1.3280
0.1672	1.0140
0.5292	1.2852
0.6723	1.4403
0.1787	1.3402
0.1667	1.0160
0.5304	1.2633
0.6779	1.4760
0.1786	1.3765
0.1664	1.0177
0.5316	1.1710
0.6799	1.4558
0.1785	1.3425
0.1663	1.0105
0.5342	1.0580
0.6799	1.4450
0.1782	1.2810
0.1663	0.9993
0.5330	0.9200
0.6930	1.4110
0.1783	1.3223
0.1655	0.9750
0.5311	0.9055
0.6896	1.3555
0.1785	1.3595
0.1657	0.9563
0.5275	1.1335
0.6929	1.3720
0.1789	1.3205
0.1655	0.9340
0.5229	1.0895
0.6951	1.3793
0.1795	1.2870
0.1654	0.9088
0.5170	1.0957
0.7037	1.3965
0.1802	1.2915
0.1649	0.8830
0.5075	1.1230
0.7061	1.3192
0.1813	1.2767
0.1648	0.8603
0.5049	1.1325
0.7105	1.3847
0.1817	1.2078
0.1645	0.8465
0.5201	1.1868
0.7206	1.3773
0.1798	1.1687
0.1640	0.8390
0.5206	1.2797
0.7263	1.3650
0.1797	1.1450
0.1637	0.8382
0.5233	1.4080
0.7310	1.3255
0.1794	1.1505
0.1635	0.8598
0.5244	1.4995
0.7401	1.3118
0.1793	1.0842
0.1630	0.8312
0.5269	1.5145
0.7449	1.3370
0.1790	0.9988
0.1628	0.8588
0.5285	1.2170
0.7488	1.2832
0.1788	0.9998
0.1626	0.8878
0.5303	1.2305
0.7500	1.2372
0.1786	0.9830
0.1626	0.9118
0.1624	0.9353
0.5311	1.2555
0.7530	1.2853
0.1785	1.0000
0.1622	0.9580
0.5299	1.2502
0.7575	1.3128
0.1786	0.9898
0.1620	0.9765
0.5327	1.2982
0.7623	1.2942
0.1783	1.0113
0.1619	0.9820
0.5321	1.3157
0.7642	1.3042
0.1784	1.0098
0.1620	0.9895
0.5344	1.3738
0.7624	1.2977
0.1781	1.0428
0.1616	0.9708
0.5377	1.4007
0.7704	1.3000
0.1778	1.0315
0.1612	1.0205
0.5391	1.5287
0.7812	1.3462
0.1776	1.0130
0.1611	1.0185
0.5433	1.5657
0.7819	1.3342
0.1772	1.0685
0.1609	1.0132
0.5462	1.5800
0.7867	1.3313
0.1769	1.0355
0.1609	1.0142
0.5496	1.5625
0.7863	1.3480
0.1765	0.9947
0.1607	1.0182
0.5528	1.5342
0.7923	1.3282
0.1762	1.0335
0.1605	1.0292
0.5605	1.5232
0.7968	1.2095
0.1754	0.9615
0.1604	1.0455
0.5625	1.4792
0.8008	1.2180
0.1752	0.9877
0.1603	1.0647
0.5649	1.4668
0.8032	1.1757
0.1750	1.0008
0.1603	1.0862
0.5689	1.4265
0.8032	1.1990
0.1746	0.9517
0.1600	1.1197
0.5683	1.4348
0.8091	1.1875
0.1747	0.9423
0.1602	1.1332
0.5739	1.4140
0.8038	1.1725
0.1741	0.9778
0.1602	1.1422
0.5739	1.4138
0.8036	1.1693
0.1741	0.9638
0.1740	0.9470
0.1604	1.1512
0.5755	1.4295
0.8007	1.1748
0.1736	0.9848
0.1604	1.1455
0.5799	1.4470
0.8005	1.2035
0.1732	0.9200
0.1603	1.1562
0.5847	1.4518
0.8009	1.1908
0.1728	0.9510
0.1603	1.1570
0.5893	1.4343
0.8018	1.2082
0.1725	0.9145
0.1602	1.1462
0.5925	1.4305
0.8043	1.2380
0.1721	0.8865
0.1601	1.1417
0.5974	1.3995
0.8063	1.2258
0.1718	0.9200
0.1600	1.1280
0.6005	1.3698
0.8108	1.2315
0.1715	0.9010
0.1598	1.1148
0.6048	1.3518
0.8136	1.2310
0.1713	0.9247
0.1600	1.1000
0.6076	1.2977
0.8105	1.2137
0.1711	0.9147
0.1598	1.0912
0.6101	1.2593
0.8156	1.1845
0.1709	0.9375
0.1599	1.0755
0.6116	1.2308
0.8116	1.1975
0.1709	0.9602
0.1598	1.0780
0.6118	1.2332
0.8140	1.1695
0.1705	0.9868
0.1598	1.0543
0.6172	1.2405
0.8161	1.1347
0.1706	0.9740
0.1597	1.0353
0.6164	1.2787
0.8167	1.1718
0.1705	0.9975
0.1597	1.0170
0.6177	1.2608
0.8166	1.1400
0.1704	1.0190
0.1595	0.9998
0.6191	1.2895
0.8225	1.1597
0.1702	0.9925
0.1595	0.9960
0.6209	1.2700
0.8230	1.1605
0.1700	1.0120
0.1594	0.9873
0.6240	1.2417
0.8244	1.1065
0.1695	0.9677
0.1593	0.9898
0.6310	1.2252
0.8288	1.1140
0.1695	0.9730
0.1591	0.9928
0.6303	1.2007
0.8323	1.0892
0.1694	0.9575
0.1591	1.0042
0.6325	1.1688
0.8333	1.0340
0.1693	0.9373
0.1590	1.0123
0.6333	1.1258
0.8364	1.0092
0.1692	0.9115
0.1591	1.0235
0.6352	1.0795
0.8323	1.0385
0.1691	0.9630
0.1591	1.0402
0.6367	1.0162
0.8336	0.9857
0.1692	0.9475
0.1592	1.0642
0.6356	1.0112
0.8296	1.0072
0.1691	0.9545
0.1594	1.0842
0.6358	0.9760
0.8265	0.9890
0.1691	0.9833
0.1595	1.0955
0.6358	1.0053
0.8226	0.9615
0.1690	1.0287
0.1594	1.1168
0.6373	1.0195
0.8264	1.0280
0.1692	1.0195
0.1596	1.1290
0.6352	1.0363
0.8214	1.0255
0.1692	1.0212
0.1594	1.1403
0.6354	1.0560
0.8245	1.0670
0.1693	1.0435
0.1596	1.1458
0.6342	1.0782
0.8202	1.0602
0.1692	1.0437
0.1597	1.1410
0.6351	1.0785
0.8181	1.0405
0.1692	1.0402
0.1596	1.1292
0.6345	1.0775
0.8202	1.0263
0.1690	1.0298
0.1596	1.1102
0.6380	1.0765
0.8195	1.0345
0.1690	1.0495
0.1596	1.0865
0.6384	1.0745
0.8197	0.9973
0.1689	1.0270
0.1598	1.0605
0.6386	1.0597
0.8150	0.9585
0.1689	1.0160
0.1600	1.0378
0.6386	1.0343
0.8092	0.9950
0.1688	0.9950
0.1599	1.0057
0.6404	1.0123
0.8126	0.9513
0.1689	1.0222
0.1599	0.9815
0.6390	0.9910
0.8113	0.9343
0.1690	1.0323
0.1599	0.9610
0.6375	0.9728
0.8125	0.9208
0.1691	1.0123
0.1601	0.9385
0.6369	0.9608
0.8067	0.9613
0.8124	1.0140
0.1691	1.0020
0.1599	0.9315
0.6366	0.9805
0.8129	0.9900
0.1691	1.0408
0.1599	0.9385
0.6358	0.9970
0.8132	1.0273
0.1692	1.0310
0.1599	0.9432
0.6355	1.0090
0.8143	1.0185
0.1693	1.0330
0.1598	0.9548
0.6336	1.0285
0.8180	1.1105
0.1692	1.0435
0.1597	0.9575
0.6344	1.0543
0.8202	1.0835
0.1691	1.0475
0.1596	0.9615
0.6368	1.0655
0.8195	1.1225
0.1691	1.0220
0.1596	0.9690
0.6368	1.0688
0.8225	1.1278
0.1690	1.0580
0.1595	0.9710
0.6372	1.0765
0.8211	1.0795
0.1691	1.0510
0.1596	0.9667
0.6371	1.0783
0.8272	1.0855
0.1690	1.0500
0.1593	0.9710
0.6378	1.0783
0.8288	1.0788
0.1690	1.0590
0.1593	0.9660
0.6380	1.0605
0.8337	1.0725
0.1689	1.0132
0.1591	0.9582
0.6397	1.0500
0.8345	1.0685
0.1691	1.0102
0.1591	0.9658
0.6370	1.0475
0.8295	1.0905
0.1691	1.0010
0.1592	0.9697
0.6358	1.0597
0.8336	1.0420
0.1691	1.0125
0.1591	0.9857
0.6367	1.0615
0.8356	1.0505
0.1691	1.0172
0.1590	1.0020
0.6370	1.0743
0.8351	1.0465
0.1689	1.0428
0.1590	1.0293
0.6398	1.0795
0.8366	1.0385
0.1688	1.0062
0.1590	1.0523
0.6403	1.0965
0.8377	1.1062
0.1687	0.9945
0.1590	1.0878
0.6419	1.1080
0.8349	1.0568
0.1687	1.0305
0.1591	1.0998
0.6418	1.0912
0.8356	1.0607
0.1687	1.0060
0.1590	1.1145
0.6427	1.0878
0.8361	1.0592
0.1687	1.0183
0.1590	1.1140
0.6427	1.0695
0.8326	1.0657
0.1685	1.0158
0.1591	1.1065
0.6444	1.0605
0.8321	1.0248
0.1685	1.0142
0.1592	1.0837
0.6451	1.0318
0.8277	1.0327
0.1687	1.0018
0.1593	1.0647
0.6417	1.0153
0.8282	1.0457
0.1686	0.9900
0.1593	1.0328
0.6437	0.9992
0.8275	1.0283
0.1686	0.9777
0.1593	1.2735
0.6440	1.0055
0.8310	1.0420
0.1686	0.9893
0.1592	1.2592
0.6440	1.0105
0.8295	1.0355
0.1686	1.0008
0.1593	1.2233
0.6433	1.0367
0.8305	1.0975
0.1686	0.9777
0.1592	1.2195
0.6429	1.0730
0.8374	1.0815
0.1686	0.9915
0.1590	1.2072
0.6435	1.0880
0.8032	1.0960
0.1685	1.0342
0.1603	1.2180
0.6450	1.1113
0.8035	1.1100
0.1684	1.0202
0.1602	1.2285
0.6462	1.1178
0.8069	1.1380
0.1683	1.0142
0.1601	1.2420
0.6481	1.1035
0.8113	1.1287
0.1682	0.9847
0.1599	1.2542
0.6496	1.0930
0.8113	1.1165
0.1680	0.9830
0.1599	1.2667
0.6518	1.0775
0.6505	1.0570
0.8112	1.0855
0.1681	1.0028
0.1599	0.9953
0.6521	1.0508
0.8149	1.0865
0.1680	0.9595
0.1598	0.9758
0.6508	1.0203
0.8154	1.0775
0.1681	0.9570
0.1598	0.9715
0.6520	1.0150
0.8135	1.0423
0.1680	0.9475
0.1599	0.9560
0.6514	1.0208
0.8168	1.0760
0.1681	0.9518
0.1597	0.9440
0.6495	1.0337
0.8150	1.0715
0.1682	0.9452
0.1598	0.9332
0.6539	1.0570
0.8181	1.0528
0.1679	0.9642
0.1597	0.9200
0.6534	1.1038
0.8209	1.0623
0.1679	0.9640
0.1596	0.9220
0.6554	1.1400
0.8228	1.0762
0.1678	0.9932
0.1595	0.9318
0.6577	1.1798
0.8290	1.1002
0.1677	0.9790
0.1593	0.9550
0.6580	1.1975
0.8298	1.1245
0.1676	0.9580
0.1592	0.9830
0.6601	1.1940
0.8330	1.1220
0.1675	0.9803
0.1591	1.0285
0.6629	1.1927
0.8345	1.0877
0.1673	0.9740
0.1591	1.0640
0.6647	1.1852
0.8331	1.0828
0.1672	0.9678
0.1591	1.0977
0.6689	1.1617
0.8367	1.0750
0.1669	0.9788
0.1590	1.1370
0.6704	1.1435
0.8342	1.0462
0.1669	0.9242
0.1591	1.1573
0.6727	1.1242
0.8308	1.0395
0.1667	0.9385
0.1592	1.1800
0.6727	1.0985
0.8241	1.0037
0.1667	0.9082
0.1594	1.1888
0.6746	1.0892
0.8208	1.0293
0.1666	0.8893
0.1596	1.1845
0.6739	1.0785
0.8206	0.9868
0.1666	0.8960
0.1596	1.1700
0.6776	1.0940
0.8148	0.9957
0.1664	0.9210
0.1598	1.1508
0.6767	1.1115
0.8139	0.9955
0.1665	0.9335
0.1598	1.1190
0.6800	1.1310
0.8095	1.0230
0.1663	0.9122
0.1600	1.0947
0.6828	1.1330
0.8121	1.0060
0.1661	0.9287
0.1599	1.0668
0.6856	1.1533
0.8118	1.0057
0.1659	0.9317
0.1599	1.0430
0.6863	1.1550
0.8132	1.0242
0.1659	0.9585
0.1599	1.0288
0.6892	1.1522
0.8141	1.0132
0.1657	0.9582
0.1598	1.0207
0.6931	1.1598
0.8145	1.0278
0.1655	0.9430
0.1598	1.0223
0.6937	1.1545
0.8127	0.9475
0.1655	0.9348
0.1599	1.0245
0.6946	1.1368
0.8156	0.9713
0.1654	0.9592
0.1598	1.0372
0.6961	1.1135
0.8142	0.9315
0.1653	0.9342
0.1598	1.0523
0.6950	1.0965
0.8129	0.9423
0.1654	0.9305
0.1599	1.0657
0.7007	1.0868
0.8102	0.9115
0.1651	0.9600
0.1600	1.0805
0.7040	1.0875
0.8021	0.9365
0.1649	0.9610
0.1603	1.0938
0.7027	1.0875
0.8032	0.9100
0.1650	0.9630
0.1603	1.0975
0.7036	1.1123
0.7975	0.9190
0.1649	0.9852
0.1605	1.1017
0.7053	1.1225
0.7980	0.9018
0.1648	1.0235
0.1605	1.0875
0.7055	1.1272
0.7927	0.9387
0.1648	1.0460
0.1607	1.0793
0.7061	1.1240
0.7925	0.9890
0.1648	1.0817
0.1607	1.0720
0.7069	1.1328
0.7914	0.9455
0.1647	1.0733
0.1607	1.0603
0.7087	1.1245
0.7906	0.9875
0.1646	1.0708
0.1608	1.0585
0.7047	1.1002
0.7891	0.9498
0.1649	1.1040
0.1608	1.0638
0.7087	1.0823
0.7922	0.9657
0.1646	1.0833
0.1607	1.0693
0.7082	1.0555
0.7915	0.9218
0.1647	1.0908
0.1607	1.0855
0.7086	1.0342
0.7886	0.9135
0.1646	1.0797
0.1608	1.1023
0.7090	0.9950
0.7886	0.9070
0.1646	1.0450
0.1609	1.1170
0.7049	0.9667
0.7838	0.9197
0.1648	1.0265
0.1611	1.1395
0.7054	0.9527
0.7799	0.8885
0.1648	1.0487
0.1612	1.1560
0.7026	0.9382
0.7724	0.8752
0.1650	1.0543
0.1615	1.1690
0.7023	0.9230
0.7685	0.9300
0.1650	1.0688
0.1617	1.1800
0.7037	0.9318
0.7652	0.9082
0.1649	1.0787
0.1619	1.1752
0.6988	0.9413
0.7626	0.9223
0.1652	1.0662
0.1620	1.1635
0.6992	0.9492
0.7600	0.9250
0.1652	1.0728
0.1621	1.1455
0.6967	0.9630
0.7564	0.9668
0.1653	1.0870
0.1623	1.1210
0.6943	0.9588
0.7587	0.9882
0.1654	1.0768
0.1622	1.1045
0.6945	0.9548
0.7567	0.9598
0.1654	1.1138
0.1622	1.0892
0.6927	0.9652
0.7552	0.9627
0.1655	1.0550
0.1623	1.0737
0.6933	0.9560
0.7539	0.9420
0.1655	1.0678
0.1624	1.0642
0.6906	0.9505
0.7544	0.9650
0.1656	1.0637
0.1624	1.0615
0.6909	0.9557
0.7550	0.9030
0.1656	1.0482
0.1623	1.0635
0.6883	0.9462
0.7504	0.9177
0.1658	1.0340
0.1625	1.0672
0.6901	0.9527
0.7499	0.9555
0.1657	1.0298
0.1626	1.0868
0.6885	0.9515
0.7461	0.9400
0.1658	1.0668
0.1627	1.1048
0.6859	0.9610
0.7455	0.9195
0.1659	1.0310
0.1628	1.1292
0.6855	0.9718
0.7407	0.9078
0.1659	1.0797
0.1630	1.1455
0.6861	0.9875
0.7400	0.9423
0.1659	1.0675
0.1630	1.1647
0.6854	0.9918
0.7405	0.9903
0.1659	1.1510
0.1630	1.1787
0.6824	0.9930
0.7357	0.9813
0.1661	1.1390
0.1632	1.1890
0.6839	0.9910
0.7313	1.0013
0.1660	1.1340
0.1635	1.1947
0.6807	0.9793
0.7288	0.9657
0.1662	1.1292
0.1636	1.1960
0.6808	0.9785
0.7261	1.0105
0.1662	1.1810
0.1637	1.1983
0.6753	0.9625
0.7293	0.9678
0.1666	1.1552
0.1636	1.1902
0.6749	0.9535
0.7237	0.9937
0.1666	1.1185
0.1638	1.1860
0.6727	0.9293
0.7246	0.9410
0.1667	1.1475
0.1638	1.1780
0.6717	0.9125
0.7163	0.9165
0.1668	1.0997
0.1642	1.1650
0.6676	0.8922
0.7200	0.9547
0.1670	1.0880
0.1640	1.1403
0.6678	0.8932
0.7169	0.8832
0.1670	1.0383
0.1642	1.1240
0.6674	0.8913
0.7154	0.9232
0.1670	1.1007
0.1643	1.1118
0.6641	0.9020
0.7068	0.9097
0.1672	1.1045
0.1647	1.1058
0.6638	0.9152
0.7033	1.0167
0.1673	1.1115
0.1649	1.0983
0.6631	0.9195
0.7071	0.9708
0.1673	1.0868
0.1647	1.0930
0.6623	0.9270
0.7046	0.9945
0.1674	1.1113
0.1649	1.0855
0.6563	0.9250
0.7044	1.0238
0.1677	1.1092
0.1649	1.0765
0.6549	0.9320
0.7046	1.1262
0.1678	1.1113
0.1649	1.0660
0.6544	0.9307
0.7080	1.0997
0.1679	1.1380
0.1647	1.0655
0.6530	0.9208
0.7075	1.1092
0.1680	1.1722
0.1647	1.0695
0.6517	0.9015
0.7077	1.1393
0.1680	1.1742
0.1647	1.0697
0.6513	0.8898
0.7101	1.1613
0.1681	1.1292
0.1646	1.0640
0.6487	0.8773
0.7129	1.1363
0.1683	1.1447
0.1644	1.0542
0.6460	0.8705
0.7067	1.0265
0.1684	1.1777
0.1647	1.0490
0.6417	0.8653
0.7111	0.9918
0.1687	1.1413
0.1645	1.0405
0.6392	0.8740
0.7115	0.9950
0.1689	1.1577
0.1645	1.0347
0.6363	0.8847
0.7142	1.0512
0.1691	1.1932
0.1643	1.0315
0.6327	0.8975
0.7128	0.9213
0.1694	1.2052
0.1644	1.0305
0.6291	0.9193
0.7057	0.9842
0.1696	1.2170
0.1648	1.0280
0.6303	0.9332
0.7027	0.9390
0.1695	1.2160
0.1650	1.0425
0.6285	0.9477
0.7037	1.0728
0.1697	1.2475
0.1649	1.0498
0.6262	0.9597
0.7121	0.9265
0.1698	1.2403
0.1645	1.0615
0.6238	0.9572
0.7019	0.9393
0.1700	1.2898
0.1650	1.0723
0.6221	0.9547
0.7024	1.0125
0.1701	1.2122
0.1650	1.0812
0.6192	0.9517
0.7007	1.0450
0.1704	1.2845
0.1651	1.0910
0.6156	0.9338
0.7139	1.0405
0.1706	1.3075
0.1644	1.1003
0.6144	0.9165
0.7007	1.0187
0.1707	1.2765
0.1651	1.1057
0.6071	0.9010
0.6995	1.0442
0.1713	1.2280
0.1651	1.1068
0.6094	0.8825
0.6990	1.0508
0.1711	1.2393
0.1652	1.1093
0.6049	0.8905
0.6982	1.0332
0.1715	1.2110
0.1652	1.1045
0.6003	0.8918
0.6978	0.8922
0.1718	1.1700
0.1652	1.1057
0.5992	0.8985
0.7034	1.1145
0.1719	1.1710
0.1649	1.1000
0.5993	0.9085
0.6958	1.0642
0.1719	1.0930
0.1653	1.0993
0.5957	0.9115
0.6967	1.0760
0.1722	1.1355
0.1653	1.0838
0.5956	0.9163
0.6938	1.0898
0.1722	1.0985
0.1655	1.0795
0.5952	0.9230
0.6928	1.1973
0.1723	1.0630
0.1655	1.0862
0.5945	0.9410
0.7021	1.0577
0.1723	0.9885
0.1650	1.0895
0.5938	0.9458
0.6961	1.1328
0.1724	1.0813
0.1653	1.0982
0.5932	0.9570
0.6982	1.1098
0.1724	1.0592
0.1652	1.1027
0.5919	0.9515
0.6992	1.1730
0.1726	1.0740
0.1652	1.0920
0.5904	0.9468
0.7088	1.1765
0.1727	1.0720
0.1646	1.0853
0.5958	0.9458
0.7002	1.0620
0.1722	1.0457
0.1651	1.0795
0.5897	0.9600
0.6992	1.1305
0.1727	1.0478
0.1652	1.0610
0.5885	0.9767
0.6974	1.1343
0.1728	1.0445
0.1653	1.0607
0.5870	0.9955
0.7017	1.0775
0.1730	1.0625
0.1650	1.0427
0.5865	1.0145
0.7016	1.0080
0.1730	1.0292
0.1650	1.0155
0.5875	1.0367
0.7004	1.0638
0.1729	1.1272
0.1651	0.9885
0.5877	1.0750
0.7029	1.0800
0.1729	1.0365
0.1650	0.9600
0.5885	1.1132
0.7054	1.0803
0.1728	1.0278
0.1648	0.9340
0.5872	1.1478
0.7026	1.0672
0.1730	0.9965
0.1650	0.9178
0.5893	1.1807
0.7081	1.0723
0.1728	0.9917
0.1647	0.9080
0.5894	1.1925
0.7077	1.1308
0.1728	1.0355
0.1647	0.9013
0.5924	1.1978
0.7111	1.1095
0.1725	1.0490
0.1645	0.9040
0.5945	1.1940
0.7119	1.0482
0.1723	1.0830
0.1645	0.9035
0.5976	1.1935
0.7167	1.0958
0.1721	1.0458
0.1642	0.9452
0.5998	1.1920
0.7182	1.0765
0.1719	1.1097
0.1641	0.9840
0.5986	1.1695
0.7237	1.1065
0.1720	1.0780
0.1638	1.0300
0.5982	1.1478
0.7239	1.1363
0.1720	1.0457
0.1638	1.0775
0.5962	1.1245
0.7201	1.1665
0.1722	1.0247
0.1640	1.1230
0.5976	1.1220
0.7178	1.1525
0.1721	1.0850
0.1642	1.1713
0.5951	1.1238
0.7175	1.1645
0.1723	1.0563
0.1642	1.2090
0.5958	1.1397
0.7154	1.1355
0.1722	1.0323
0.1643	1.2443
0.5997	1.1687
0.7171	1.1662
0.1719	1.0480
0.1642	1.2825
0.6016	1.1988
0.7163	1.2285
0.1717	1.0137
0.1642	1.3172
0.6003	1.2135
0.7148	1.2270
0.1718	1.0182
0.1643	1.3195
0.6047	1.2180
0.7136	1.1992
0.1715	0.9070
0.1644	1.3338
0.6064	1.2305
0.7125	1.2113
0.1714	0.9475
0.1644	1.3410
0.6069	1.2365
0.7119	1.1522
0.1713	0.9650
0.1645	1.3682
0.6097	1.2390
0.7111	1.1258
0.1711	1.0370
0.1645	1.3943
0.6118	1.2348
0.7084	1.1215
0.1709	0.9822
0.1647	1.4152
0.6180	1.2365
0.7039	1.1175
0.1704	1.0400
0.1649	1.4542
0.6166	1.2365
0.7024	1.0720
0.1706	1.0202
0.1650	1.4913
0.6199	1.2248
0.6956	1.0482
0.1703	0.9590
0.1654	1.5143
0.6166	1.2270
0.6898	1.0288
0.1706	0.9655
0.1657	1.5333
0.6191	1.2383
0.6860	1.0360
0.1704	0.9032
0.1659	1.5370
0.6194	1.2613
0.6809	1.0452
0.1703	0.9678
0.1662	1.5285
0.6227	1.2855
0.6723	1.0290
0.1701	0.9903
0.1667	1.5053
0.6272	1.3027
0.6676	1.0418
0.1698	0.9865
0.1670	1.4757
0.6298	1.3085
0.6635	1.0433
0.1696	0.9985
0.1673	1.4267
0.6380	1.2900
0.6614	1.0022
0.1690	1.0458
0.1674	1.3837
0.6413	1.2582
0.6590	1.0560
0.1688	1.0647
0.1676	1.3355
0.6399	1.2162
0.6583	1.0715
0.1689	1.0565
0.1676	1.2933
0.6452	1.1700
0.6560	1.0865
0.1685	1.1620
0.1678	1.2862
0.6411	1.1087
0.6551	1.0940
0.1688	1.1668
0.1678	1.2930
0.6384	1.0537
0.6519	1.0803
0.1690	1.2462
0.1680	1.3233
0.6346	0.9990
0.6559	1.0550
0.1692	1.3230
0.1678	1.3583
0.6353	1.1618
0.6528	1.0640
0.1692	1.1930
0.1680	1.3950
0.6278	1.1225
0.6502	1.0560
0.1697	1.2645
0.1681	1.4208
0.6252	1.1023
0.6464	1.0475
0.1699	1.1735
0.1684	1.4570
0.6227	1.0970
0.6408	1.1003
0.1701	1.2335
0.1688	1.4833
0.6157	1.1128
0.6337	1.0425
0.1706	1.1800
0.1693	1.5037
0.6374	1.1475
0.6309	1.0145
0.1690	1.2240
0.1695	1.5090
0.6336	1.2010
0.6260	1.0053
0.1693	1.1722
0.1698	1.4965
0.6353	1.2538
0.6218	0.9620
0.1692	1.2477
0.1702	1.4720
0.6274	1.2885
0.6209	1.0323
0.1697	1.2275
0.1702	1.4345
0.6292	1.3180
0.6185	0.9958
0.1696	1.2067
0.1704	1.3960
0.6292	1.1242
0.6133	1.0300
0.1696	1.3355
0.1708	1.3705
0.6301	1.1252
0.6112	1.0243
0.1696	1.3223
0.1710	1.3450
0.6257	1.1150
0.6064	1.0285
0.1699	1.4518
0.1714	1.3282
0.6275	1.0652
0.6094	0.9900
0.1697	1.3060
0.1711	1.2577
0.6242	1.0252
0.6031	0.9362
0.1700	1.3110
0.1716	1.2180
0.6207	0.9755
0.6049	0.9350
0.1702	1.2827
0.1715	1.1905
0.6181	0.9115
0.6018	0.9262
0.1704	1.2985
0.1717	1.1538
0.6092	0.8545
0.5994	0.9600
0.1711	1.2563
0.1719	1.1205
0.6090	0.8403
0.6009	0.9230
0.1711	1.3080
0.1718	1.1265
0.6074	0.8342
0.5977	0.9587
0.1713	1.2652
0.1721	1.1203
0.6058	0.8355
0.5946	0.8520
0.1714	1.2838
0.1723	1.1175
0.6008	0.8523
0.5947	0.9035
0.1718	1.3552
0.1723	1.1057
0.5957	0.8715
0.5948	0.8950
0.1722	1.2865
0.1723	1.0915
0.5927	0.9270
0.5947	0.8840
0.1725	1.4127
0.1723	1.1345
0.5923	0.9580
0.5916	0.9100
0.1725	1.4757
0.1726	1.1325
0.5880	0.9755
0.5860	0.9947
0.1729	1.5855
0.1731	1.1385
0.5819	0.9767
0.5875	1.0110
0.1734	1.5840
0.1729	1.1407
0.5799	0.9718
0.5856	1.0430
0.1736	1.6012
0.1731	1.1525
0.5750	0.9285
0.5833	0.9782
0.1740	1.6162
0.1733	1.1370
0.5715	0.8970
0.5822	1.0208
0.1744	1.6237
0.1734	1.1267
0.5641	0.8723
0.5846	1.1105
0.1751	1.6875
0.1732	1.1285
0.5599	0.8515
0.5856	1.0500
0.1755	1.5805
0.1731	1.1395
0.5542	0.8340
0.5872	1.0315
0.1760	1.5618
0.1730	1.1557
0.5480	0.8510
0.5836	1.0760
0.1767	1.5168
0.1733	1.1648
0.5454	0.8625
0.5843	1.1295
0.1769	1.4398
0.1732	1.1825
0.5365	0.8830
0.5848	1.1093
0.1779	1.3488
0.1732	1.1922
0.5364	0.9310
0.5814	1.0990
0.1779	1.3818
0.1735	1.2048
0.5348	0.9645
0.5772	1.0912
0.1781	1.3373
0.1738	1.2095
0.5341	1.0205
0.5774	1.1313
0.1782	1.3528
0.1738	1.1975
0.5361	1.3020
0.5786	1.1335
0.1779	1.3985
0.1737	1.1937
0.5359	1.3372
0.5790	1.1815
0.1780	1.2860
0.1737	1.1823
0.5330	1.3572
0.5785	1.2522
0.1783	1.3227
0.1737	1.1640
0.5322	1.3735
0.5791	1.3330
0.1784	1.3543
0.1737	1.1540
0.5288	1.3587
0.5792	1.3177
0.1788	1.3170
0.1737	1.1447
0.5397	1.3488
0.5802	1.3115
0.1776	1.3820
0.1736	1.1458
0.5395	1.3427
0.5848	1.2890
0.1776	1.3890
0.1732	1.1430
0.5384	1.3232
0.5874	1.2880
0.1777	1.3987
0.1729	1.1440
0.5359	1.3262
0.5894	1.2890
0.1780	1.3488
0.1728	1.1448
0.5365	1.3130
0.5891	1.3325
0.1779	1.3205
0.1728	1.1437
0.5342	1.0623
0.5899	1.2843
0.1782	1.3072
0.1727	1.1455
0.5333	1.0548
0.5890	1.2645
0.1783	1.3225
0.1728	1.1347
0.5288	1.0588
0.5883	1.1685
0.1788	1.2630
0.1729	1.1212
0.5309	1.0630
0.5890	1.2257
0.1785	1.2577
0.1728	1.1065
0.5283	1.0702
0.5921	1.2173
0.1788	1.2795
0.1725	1.0928
0.5258	1.0855
0.5897	1.2475
0.1791	1.2568
0.1727	1.0787
0.5243	1.0938
0.5938	1.3735
0.1793	1.2102
0.1724	1.0548
0.5268	1.0953
0.5907	1.3625
0.1790	1.1488
0.1726	1.0435
0.5249	1.0858
0.5978	1.3420
0.1792	1.1957
0.1721	1.0292
0.5247	1.0830
0.5979	1.3195
0.1792	1.1912
0.1720	1.0235
0.5246	1.0667
0.6019	1.4145
0.1793	1.1400
0.1717	1.0290
0.5267	1.0407
0.6119	1.3882
0.1790	1.0950
0.1709	1.0367
0.5258	1.0215
0.6112	1.4712
0.1791	1.1583
0.1710	1.0470
0.5248	1.0033
0.6115	1.4237
0.1792	1.1057
0.1709	1.0630
0.5224	0.9858
0.6136	1.3932
0.1795	1.1120
0.1708	1.0723
0.5218	0.9712
0.6178	1.4025
0.1796	1.0875
0.1705	1.0805
0.5214	0.9688
0.6196	1.3570
0.1796	1.1525
0.1703	1.0918
0.5193	0.9863
0.6219	1.4065
0.1799	1.1495
0.1702	1.0795
0.5193	1.0263
0.6247	1.5187
0.1799	1.1587
0.1699	1.0735
0.5179	1.0642
0.6218	1.4930
0.1801	1.1480
0.1702	1.0617
0.5183	1.1135
0.6262	1.5025
0.1800	1.1698
0.1698	1.0362
0.5167	1.1740
0.6325	1.4993
0.1802	1.1900
0.1694	1.0190
0.5169	1.2118
0.6366	1.5615
0.1802	1.1645
0.1691	1.0065
0.5176	1.2477
0.6467	1.5075
0.1801	1.1700
0.1684	0.9855
0.5178	1.2737
0.6479	1.5768
0.1801	1.1375
0.1683	0.9835
0.5187	1.2962
0.6555	1.5173
0.1799	1.1538
0.1678	0.9795
0.5205	1.3050
0.6588	1.4858
0.1797	1.1547
0.1676	0.9868
0.5219	1.3072
0.6680	1.4275
0.1796	1.1145
0.1670	1.0063
0.5236	1.3062
0.6683	1.3635
0.1794	1.1150
0.1670	1.0213
0.5253	1.3105
0.6713	1.4275
0.1792	1.0902
0.1668	1.0475
0.1668	1.0630
0.5260	1.3282
0.6714	1.3165
0.1791	1.0785
0.1666	1.0795
0.5249	1.3495
0.6751	1.3880
0.1792	1.0830
0.1667	1.0920
0.5274	1.3825
0.6727	1.2870
0.1789	1.0747
0.1665	1.0938
0.5280	1.4230
0.6767	1.4037
0.1789	1.0628
0.1662	1.1000
0.5299	1.4555
0.6815	1.3382
0.1786	1.0540
0.1664	1.0968
0.5325	1.4900
0.6781	1.3997
0.1783	1.0432
0.1659	1.0920
0.5354	1.5265
0.6868	1.3822
0.1780	1.0100
0.1659	1.0875
0.5392	1.5568
0.6859	1.3512
0.1776	1.0032
0.1653	1.0877
0.5441	1.5768
0.6972	1.3722
0.1771	0.9920
0.1655	1.0830
0.5484	1.5837
0.6935	1.2833
0.1766	0.9773
0.1651	1.0907
0.5520	1.5745
0.6999	1.3593
0.1763	0.9835
0.1650	1.0960
0.5550	1.5535
0.7026	1.2498
0.1760	0.9872
0.1653	1.1035
0.5601	1.5377
0.6975	1.2590
0.1754	0.9737
0.1649	1.1200
0.5628	1.5260
0.7038	1.2298
0.1752	1.0180
0.1651	1.1320
0.5663	1.5360
0.7006	1.2870
0.1748	1.0230
0.1649	1.1435
0.5683	1.5688
0.7037	1.2522
0.1747	1.0370
0.1650	1.1502
0.5699	1.6102
0.7016	1.2418
0.1745	1.0320
0.1651	1.1540
0.5742	1.6480
0.7008	1.3060
0.1741	1.1198
0.1647	1.1460
0.5759	1.6615
0.7081	1.2593
0.1740	1.0663
0.1646	1.1410
0.5811	1.6860
0.7087	1.2662
0.1735	1.0755
0.1645	1.1325
0.5864	1.7092
0.7107	1.2715
0.1730	1.0813
0.1645	1.1223
0.5930	1.7152
0.7118	1.2892
0.1724	1.0565
0.1723	1.0803
0.1644	1.1087
0.5954	1.7132
0.7126	1.2915
0.1716	1.0355
0.1643	1.0962
0.6032	1.6905
0.7152	1.2152
0.1712	1.0610
0.1644	1.0847
0.6084	1.6648
0.7131	1.1545
0.1709	1.0688
0.1642	1.0755
0.6120	1.6107
0.7177	1.1365
0.1706	1.1083
0.1641	1.0855
0.6162	1.5407
0.7184	1.1095
0.1704	1.0457
0.1641	1.0915
0.6192	1.4900
0.7192	1.0815
0.1701	1.1012
0.1640	1.1090
0.6229	1.4632
0.7202	1.0755
0.1699	1.0985
0.1643	1.1258
0.6250	1.4418
0.7158	1.0898
0.1698	1.1087
0.1642	1.1347
0.6262	1.4230
0.7169	1.0533
0.1699	1.1422
0.1643	1.1410
0.6251	1.4140
0.7142	1.0683
0.1697	1.1212
0.1645	1.1442
0.6286	1.4122
0.7116	1.0455
0.1695	1.1528
0.1645	1.1342
0.6308	1.4182
0.7118	1.0255
0.1692	1.1345
0.1646	1.1253
0.6349	1.4185
0.7094	1.0408
0.1691	1.1235
0.1646	1.1087
0.6365	1.4107
0.7094	1.0202
0.1690	1.0987
0.1645	1.0898
0.6375	1.4108
0.7110	1.0500
0.1687	1.1105
0.1646	1.0645
0.6423	1.3908
0.7092	1.0375
0.1686	1.1127
0.1646	1.0470
0.6442	1.3678
0.7091	1.0288
0.1683	1.1385
0.1647	1.0282
0.6480	1.3300
0.7072	1.0205
0.1682	1.1262
0.1647	1.0077
0.6496	1.3017
0.7079	1.0025
0.1681	1.1133
0.1646	1.0000
0.6505	1.2787
0.7102	0.9710
0.1681	1.1400
0.1646	1.0055
0.6516	1.2487
0.7088	0.9700
0.1681	1.1507
0.1646	1.0097
0.6517	1.2430
0.7099	1.0137
0.1681	1.1630
0.1646	1.0185
0.6507	1.2407
0.7087	1.0292
0.1681	1.1108
0.1646	1.0363
0.6510	1.2433
0.7089	1.0157
0.1681	1.0997
0.1647	1.0463
0.6513	1.2620
0.7081	0.9795
0.1681	1.1015
0.1648	1.0673
0.6514	1.2790
0.7056	1.0303
0.1680	1.1038
0.1646	1.0678
0.6520	1.2993
0.7095	1.0230
0.1679	1.0958
0.1647	1.0723
0.6546	1.3125
0.7083	1.0153
0.1674	1.0575
0.1648	1.0820
0.6610	1.3055
0.7059	1.0020
0.1672	1.0602
0.1649	1.0815
0.6645	1.2995
0.7035	0.9900
0.1671	1.0523
0.1648	1.0742
0.6670	1.2873
0.7051	0.9700
0.1670	1.0227
0.1648	1.0785
0.6688	1.2668
0.7054	0.9457
0.1669	1.0355
0.1649	1.0715
0.6696	1.2345
0.7030	0.9190
0.1667	1.0847
0.1651	1.0618
0.6727	1.2257
0.7009	0.9510
0.1667	1.0620
0.1652	1.0520
0.6722	1.1970
0.6990	0.9233
0.1668	1.0873
0.1654	1.0423
0.6720	1.1723
0.6954	0.9177
0.1667	1.0812
0.1653	1.0487
0.6734	1.1583
0.6964	0.9032
0.1667	1.0617
0.1655	1.0442
0.6721	1.1450
0.6933	0.9223
0.1667	1.1072
0.1654	1.0478
0.6735	1.1448
0.6950	0.9725
0.1665	1.0985
0.1656	1.0563
0.6767	1.1390
0.6910	0.9973
0.1666	1.0785
0.1655	1.0662
0.6747	1.1325
0.6930	1.0303
0.1665	1.0668
0.1656	1.0698
0.6757	1.1102
0.6913	1.0150
0.1664	1.0885
0.1656	1.0718
0.6772	1.0948
0.6911	1.0710
0.1665	1.0575
0.1655	1.0725
0.6762	1.0577
0.6936	1.0380
0.6933	1.0818
0.1665	1.0835
0.1655	1.0587
0.6759	1.0213
0.6919	1.0478
0.1665	1.0572
0.1656	1.0500
0.6769	0.9970
0.6911	1.0528
0.1664	1.0375
0.1656	1.0272
0.6774	0.9615
0.6933	1.0725
0.1667	1.0218
0.1655	1.0118
0.6726	0.9385
0.6917	1.0360
0.1667	0.9938
0.1656	0.9935
0.6735	0.9163
0.6932	1.0365
0.1668	0.9860
0.1655	0.9672
0.6710	0.9048
0.6928	1.0520
0.1669	0.9847
0.1655	0.9403
0.6692	0.9160
0.6937	1.0822
0.1669	0.9717
0.1655	0.9210
0.6689	0.9363
0.6970	1.0755
0.1669	0.9608
0.1653	0.9078
0.6696	0.9607
0.6977	1.1010
0.1669	0.9728
0.1652	0.8983
0.6691	0.9810
0.7000	1.1138
0.1670	0.9657
0.1651	0.8993
0.6686	1.0145
0.7028	1.1625
0.1668	0.9610
0.1650	0.9027
0.6706	1.0290
0.7069	1.1450
0.1666	0.9593
0.1647	0.9190
0.6741	1.0400
0.7098	1.1382
0.1667	0.9905
0.1646	0.9300
0.6726	1.0398
0.7117	1.1147
0.1666	0.9782
0.1645	0.9342
0.6743	1.0308
0.7144	1.1525
0.1665	0.9485
0.1643	0.9432
0.6754	1.0257
0.7186	1.1520
0.1665	0.9785
0.1641	0.9432
0.6754	1.0133
0.7162	1.1110
0.1665	0.9973
0.1642	0.9358
0.6762	0.9970
0.7178	1.1002
0.1666	0.9810
0.1642	0.9190
0.6741	0.9790
0.7158	1.0872
0.1666	0.9820
0.1643	0.8995
0.6739	0.9815
0.7211	1.1073
0.1665	0.9813
0.1640	0.8855
0.6755	0.9685
0.7240	1.0540
0.1666	0.9870
0.1638	0.8670
0.6738	0.9750
0.7248	1.0925
0.1666	1.0035
0.1638	0.8437
0.6741	0.9915
0.7285	1.1028
0.1667	1.0140
0.1636	0.8288
0.6724	1.0112
0.7312	1.1375
0.1666	1.0188
0.1635	0.8300
0.6742	1.0240
0.7378	1.1075
0.1666	1.0250
0.1631	0.8317
0.6743	1.0348
0.7385	1.0857
0.1666	1.0055
0.1631	0.8487
0.6743	1.0322
0.6751	1.0218
0.7426	1.0995
0.1666	1.0177
0.1629	0.8705
0.6738	1.0155
0.7472	1.0802
0.1666	1.0320
0.1627	0.9085
0.6744	0.9865
0.7487	1.0987
0.1666	1.0213
0.1626	0.9415
0.6764	0.9755
0.7510	1.0620
0.1665	1.0002
0.1625	0.9675
0.6762	0.9552
0.7498	1.0780
0.1665	0.9975
0.1626	0.9805
0.6745	0.9377
0.7497	1.0597
0.1666	0.9737
0.1626	0.9922
0.6710	0.9257
0.7472	1.0490
0.1668	0.9495
0.1627	0.9932
0.6711	0.9390
0.7484	1.0593
0.1668	0.9775
0.1626	0.9842
0.6720	0.9532
0.7483	1.0328
0.1668	0.9740
0.1626	0.9733
0.6704	0.9778
0.7493	1.0563
0.1668	0.9898
0.1626	0.9585
0.6718	1.0130
0.7501	1.0567
0.1668	0.9993
0.1626	0.9445
0.6717	1.0377
0.7535	1.0813
0.1668	0.9337
0.1624	0.9230
0.6709	1.0687
0.7572	1.0915
0.1668	0.9478
0.1622	0.9062
0.6745	1.0857
0.7578	1.0875
0.1666	0.9590
0.1622	0.9035
0.6751	1.1040
0.7609	1.0975
0.1666	0.9527
0.1621	0.9047
0.6757	1.1057
0.7625	1.1007
0.1665	0.9627
0.1620	0.9130
0.6805	1.0978
0.7653	1.0755
0.1662	0.9527
0.1619	0.9245
0.6822	1.0828
0.7698	1.0467
0.1661	0.9270
0.1617	0.9358
0.6837	1.0695
0.7694	1.0585
0.1660	0.9523
0.1617	0.9498
0.6843	1.0465
0.7715	1.0565
0.1660	0.9370
0.1616	0.9503
0.6850	1.0290
0.7719	1.0552
0.1660	0.9118
0.1616	0.9430
0.6850	1.0238
0.7710	1.0413
0.1660	0.9635
0.1616	0.9407
0.6852	1.0247
0.7702	1.0117
0.1660	0.9760
0.1616	0.9418
0.6854	1.0375
0.7705	1.0245
0.1659	1.0037
0.1616	0.9310
0.6853	1.0535
0.7734	1.0170
0.1660	1.0235
0.1615	0.9242
0.6866	1.0807
0.7758	1.0088
0.1659	1.0263
0.1614	0.9155
0.6861	1.1123
0.7773	1.0130
0.1659	1.0075
0.1613	0.9100
0.6867	1.1338
0.7781	1.0237
0.1659	0.9750
0.1613	0.9132
0.6868	1.1390
0.7807	1.0045
0.1659	0.9538
0.1612	0.9177
0.6871	1.1420
0.7827	0.9637
0.1658	1.0135
0.1611	0.9407
0.6901	1.1265
0.7831	0.9815
0.1657	0.9770
0.1611	0.9747
0.6950	1.1107
0.7835	0.9657
0.1654	0.9832
0.1611	0.9965
0.7004	1.0920
0.7835	0.9585
0.1651	0.9700
0.1611	1.0295
0.7032	1.0712
0.7809	0.9613
0.1649	0.9252
0.1612	1.0618
0.6975	1.0420
0.7762	0.9350
0.1653	0.9268
0.1614	1.0985
0.7010	1.0168
0.7766	0.9352
0.1651	0.9332
0.1614	1.1215
0.6983	0.9952
0.7736	0.9640
0.1652	0.9250
0.1615	1.1330
0.6984	0.9885
0.7696	0.9700
0.1652	0.9508
0.1617	1.1390
0.7009	0.9905
0.7686	0.9918
0.1651	0.9577
0.1617	1.1330
0.6982	1.0042
0.7632	1.0203
0.1652	0.9065
0.1619	1.1110
0.6982	1.0330
0.7609	1.0162
0.1652	0.9300
0.1621	1.0940
0.7018	1.0502
0.7633	1.0390
0.1650	0.8820
0.1619	1.0685
0.7042	1.0640
0.7633	1.0465
0.1649	0.8727
0.1619	1.0375
0.7065	1.0658
0.7641	1.0340
0.1648	0.8710
0.1619	1.0088
0.7072	1.0692
0.7654	1.0513
0.1647	0.8270
0.1619	0.9785
0.7113	1.0537
0.7674	1.0308
0.1645	0.8148
0.1618	0.9625
0.7151	1.0400
0.7701	0.9860
0.1643	0.8410
0.1616	0.9665
0.7176	1.0105
0.7707	0.9728
0.1642	0.8590
0.1616	0.9662
0.7206	0.9920
0.7716	0.9618
0.1640	0.8822
0.1616	0.9753
0.7226	0.9712
0.7718	0.9457
0.1639	0.8397
0.1616	0.9908
0.7223	0.9493
0.7689	0.9267
0.1639	0.8862
0.1617	1.0000
0.7220	0.9400
0.7656	0.9145
0.1639	0.9223
0.1618	1.0235
0.7195	0.9302
0.7641	0.9080
0.1641	0.9472
0.1619	1.0383
0.7176	0.9425
0.7625	0.9145
0.1642	0.9803
0.1620	1.0485
0.7206	0.9537
0.7602	0.9125
0.1640	1.0543
0.1621	1.0650
0.7177	0.9835
0.7588	0.9703
0.1642	1.0715
0.1621	1.0678
0.7169	1.0115
0.7573	0.9565
0.1642	1.1030
0.1622	1.0720
0.7159	1.0390
0.7555	0.9870
0.1643	1.0852
0.1623	1.0783
0.7167	1.0462
0.7560	0.9508
0.1642	1.0615
0.1623	1.0827
0.7123	1.0533
0.7540	0.9435
0.1644	1.0930
0.1624	1.0872
0.7132	1.0520
0.7576	0.9350
0.1644	1.0940
0.1622	1.0990
0.7126	1.0492
0.7522	0.9235
0.1644	1.0800
0.1625	1.1077
0.7147	1.0447
0.7536	0.8973
0.1643	1.0817
0.1624	1.1197
0.7161	1.0268
0.7474	0.8850
0.1642	1.0755
0.1627	1.1330
0.7165	1.0213
0.7439	0.8938
0.1642	1.0257
0.1628	1.1525
0.7134	1.0037
0.7404	0.8480
0.1644	1.0255
0.1630	1.1772
0.7138	0.9975
0.7368	0.8833
0.1644	1.0193
0.1632	1.1902
0.7121	0.9970
0.7310	0.8493
0.1645	1.0360
0.1635	1.1982
0.7117	1.0128
0.7287	0.9070
0.1645	1.0313
0.1636	1.2082
0.7118	1.0308
0.7257	0.9178
0.1645	1.0495
0.1637	1.2095
0.7110	1.0568
0.7216	0.9358
0.1645	1.0152
0.1640	1.2000
0.7104	1.0780
0.7190	0.9495
0.1645	1.0557
0.1641	1.1898
0.7108	1.0918
0.7159	0.9672
0.1645	1.0063
0.1643	1.1798
0.7142	1.0995
0.7152	0.9665
0.1643	1.0030
0.1643	1.1680
0.7146	1.0918
0.7130	0.9525
0.1643	1.0000
0.1644	1.1415
0.7176	1.0872
0.7125	0.9532
0.1642	1.0385
0.1644	1.1180
0.7161	1.0677
0.7116	0.9590
0.1642	1.0302
0.1645	1.0995
0.7209	1.0472
0.7089	0.9260
0.1640	1.0400
0.1646	1.0825
0.7216	1.0203
0.7079	0.8937
0.1640	1.0567
0.1647	1.0693
0.7213	0.9967
0.7063	0.9177
0.1640	1.0695
0.1648	1.0670
0.7159	0.9710
0.7048	0.8740
0.1643	1.1115
0.1648	1.0672
0.7142	0.9500
0.7048	0.8885
0.1643	1.1383
0.1648	1.0715
0.7115	0.9505
0.7002	0.8603
0.1645	1.2060
0.1651	1.0750
0.7105	0.9518
0.6977	0.8960
0.1645	1.2465
0.1652	1.0800
0.7072	0.9665
0.6981	0.9225
0.1647	1.2817
0.1652	1.0895
0.7035	0.9803
0.6934	0.9375
0.1649	1.2187
0.1655	1.0928
0.6973	0.9980
0.6935	0.9400
0.1653	1.2433
0.1655	1.0953
0.6953	1.0120
0.6880	0.9388
0.1654	1.2985
0.1658	1.0913
0.6922	1.0140
0.6899	0.9423
0.1656	1.3207
0.1657	1.0855
0.6899	1.0008
0.6901	0.9310
0.1657	1.2495
0.1657	1.0747
0.6923	0.9795
0.6897	1.0060
0.1655	1.3013
0.1657	1.0670
0.6900	0.9602
0.6897	0.9888
0.1657	1.2480
0.1657	1.0555
0.6836	0.9292
0.6856	1.0265
0.1661	1.2295
0.1659	1.0530
0.6808	0.9050
0.6840	1.0482
0.1662	1.1280
0.1660	1.0530
0.6832	0.8737
0.6844	1.0298
0.1661	1.2248
0.1660	1.0513
0.6730	0.8440
0.6876	0.9550
0.1667	1.2505
0.1658	1.0547
0.6704	0.8255
0.6872	0.9498
0.1669	1.2338
0.1658	1.0550
0.6674	0.8150
0.6855	1.1132
0.1670	1.1805
0.1659	1.0717
0.6714	0.8163
0.6894	1.0745
0.1668	1.1615
0.1657	1.0832
0.6580	0.8415
0.6880	1.0728
0.1676	1.2695
0.1658	1.0975
0.6554	0.8257
0.6804	1.1570
0.1678	1.1890
0.1662	1.1133
0.6532	0.8825
0.6798	1.0910
0.1680	1.2110
0.1663	1.1250
0.6511	0.8780
0.6895	1.1150
0.1681	1.2135
0.1657	1.1280
0.6502	0.8825
0.6832	1.0405
0.1682	1.3142
0.1661	1.1287
0.6454	0.8948
0.6821	1.0472
0.1685	1.1302
0.1661	1.1285
0.6416	0.9035
0.6918	1.2735
0.1687	1.1133
0.1656	1.1225
0.6421	0.8977
0.6840	1.2580
0.1687	1.1155
0.1660	1.1120
0.6388	0.8840
0.6843	1.1448
0.1689	1.1333
0.1660	1.0935
0.6346	0.8878
0.6812	1.0815
0.1692	1.1288
0.1662	1.0775
0.6382	0.8700
0.6804	1.1547
0.1690	1.0745
0.1662	1.0610
0.6379	0.9163
0.6946	1.0413
0.1690	1.0615
0.1654	1.0360
0.6351	0.8813
0.6936	1.1220
0.1692	1.0310
0.1655	1.0220
0.6306	0.9250
0.6944	1.0952
0.1695	1.0170
0.1654	1.0045
0.6305	0.9573
0.6836	1.1282
0.1695	0.9818
0.1661	0.9975
0.6288	0.9895
0.6909	1.1998
0.1696	1.0490
0.1656	0.9938
0.6299	0.9565
0.6923	1.0235
0.1696	1.0065
0.1655	0.9415
0.6300	0.9725
0.6935	0.9803
0.1696	1.0302
0.1655	0.9510
0.6314	0.9977
0.6929	0.9690
0.1695	1.0152
0.1655	0.9623
0.6327	0.9942
0.6935	1.0835
0.1694	1.0020
0.1655	0.9578
0.6334	0.9947
0.7000	1.0103
0.1693	0.9715
0.1651	0.9660
0.6338	0.9805
0.7026	0.9498
0.1693	1.0092
0.1650	0.9745
0.6305	0.9718
0.6964	0.9893
0.1695	0.9880
0.1653	0.9742
0.6292	0.9478
0.6950	1.0567
0.1696	0.9545
0.1654	0.9780
0.6298	0.9330
0.6956	1.0325
0.1696	0.9340
0.1654	0.9780
0.6307	0.9098
0.6951	0.9650
0.1695	0.9120
0.1654	0.9682
0.6276	0.9628
0.6899	1.0350
0.1697	0.9535
0.1657	1.0170
0.6287	0.9757
0.6949	1.1128
0.1697	0.9282
0.1654	1.0133
0.6308	0.9960
0.7005	1.1918
0.1695	0.9017
0.1651	1.0068
0.6326	1.0208
0.6988	1.2070
0.1694	0.9328
0.1652	1.0157
0.6333	1.0550
0.6997	1.2332
0.1693	0.9718
0.1651	1.0120
0.6346	1.0720
0.7044	1.2910
0.1692	0.9470
0.1649	1.0190
0.6343	1.0863
0.7062	1.2627
0.1692	0.9607
0.1648	1.0305
0.6368	1.0915
0.7134	1.2365
0.1691	1.0243
0.1644	1.0442
0.6369	1.0805
0.7146	1.2705
0.1691	1.0235
0.1643	1.0537
0.6374	1.0783
0.7172	1.2460
0.1690	1.0385
0.1642	1.0662
0.6376	1.0645
0.7168	1.2300
0.1690	1.0260
0.1642	1.0785
0.6388	1.0570
0.7181	1.2095
0.1689	1.0033
0.1641	1.0832
0.6362	1.0367
0.7199	1.1465
0.1691	1.0133
0.1640	1.0825
0.6372	1.0157
0.7206	1.1783
0.1690	1.0222
0.1640	1.0942
0.6365	1.0110
0.7178	1.1810
0.1691	0.9875
0.1642	1.1025
0.6377	1.0153
0.7198	1.1610
0.1690	0.9405
0.1641	1.0957
0.6387	1.0305
0.7190	1.1885
0.1689	0.9555
0.1641	1.0890
0.6387	1.0473
0.7200	1.1550
0.1689	0.9415
0.1640	1.0840
0.6364	1.0688
0.7232	1.0708
0.1691	0.9150
0.1639	1.0723
0.6393	1.0708
0.7254	1.1387
0.1689	0.8898
0.1638	1.0618
0.6437	1.0577
0.7236	1.1317
0.1686	0.9527
0.1639	1.0495
0.6449	1.0375
0.7285	1.1387
0.1685	1.0255
0.1636	1.0465
0.6449	0.9890
0.7274	1.0993
0.1685	0.9908
0.1637	1.0555
0.6499	0.9537
0.7205	1.0472
0.1682	0.9325
0.1640	1.0530
0.6515	0.8950
0.7258	1.0515
0.1681	0.9980
0.1637	1.0648
0.6463	0.8515
0.7284	1.0932
0.1684	1.0355
0.1636	1.0840
0.6397	0.8088
0.7287	0.9788
0.1689	0.9625
0.1636	1.1132
0.6386	0.7803
0.7245	1.0500
0.1689	1.0015
0.1638	1.1417
0.6381	0.7615
0.7226	1.0955
0.1690	1.0213
0.1639	1.1840
0.6310	0.7655
0.7240	1.0508
0.1695	1.0023
0.1638	1.2215
0.6289	0.7880
0.7246	1.0158
0.1696	0.9737
0.1638	1.2525
0.6324	0.8065
0.7145	1.0055
0.1694	0.8873
0.1643	1.2800
0.6270	0.8760
0.7178	1.0390
0.1698	0.9385
0.1642	1.2995
0.6287	0.9550
0.7114	1.0147
0.1697	0.9555
0.1645	1.3203
0.6320	0.9968
0.7082	0.9818
0.1694	0.9215
0.1647	1.3307
0.6312	1.0292
0.7041	0.9688
0.1695	0.9020
0.1649	1.3407
0.6331	1.0515
0.7007	1.0315
0.1693	0.9175
0.1651	1.3440
0.6335	1.0650
0.6982	0.9720
0.1693	0.9175
0.1652	1.3543
0.6381	1.0775
0.6921	0.9628
0.1690	0.9318
0.1656	1.3530
0.6370	1.0827
0.6892	0.9597
0.1691	1.0090
0.1657	1.3557
0.6391	1.0865
0.6875	0.9543
0.1689	1.0015
0.1658	1.3863
0.6433	1.0898
0.6839	0.9567
0.1686	1.0370
0.1660	1.4060
0.6388	1.0820
0.6804	0.9052
0.1689	1.0427
0.1662	1.4212
0.6404	1.0563
0.6740	0.9385
0.1688	1.0613
0.1666	1.4460
0.6379	1.0710
0.6706	0.9200
0.1690	1.0633
0.1668	1.4710
0.6380	1.0905
0.6637	0.9215
0.1690	1.0890
0.1673	1.4818
0.6374	1.1152
0.6592	0.9175
0.1690	1.1470
0.1676	1.4920
0.6367	1.1280
0.6513	0.9078
0.1691	1.1052
0.1681	1.4835
0.6377	1.1357
0.6467	0.9350
0.1690	1.1763
0.1684	1.4712
0.6377	1.1368
0.6405	0.9448
0.1690	1.1585
0.1688	1.4630
0.6392	1.1308
0.6383	0.9475
0.1689	1.2565
0.1690	1.4270
0.6407	1.3340
0.6341	0.9213
0.1688	1.2202
0.1693	1.4040
0.6407	1.3245
0.6310	0.9623
0.1688	1.2475
0.1695	1.3920
0.6371	1.3070
0.6285	0.9333
0.1690	1.3350
0.1697	1.3750
0.6362	1.2948
0.6270	0.9458
0.1691	1.3133
0.1698	1.3625
0.6280	1.2770
0.6240	1.0135
0.1697	1.3607
0.1700	1.3747
0.6467	1.2535
0.6197	1.0200
0.1684	1.4102
0.1703	1.3802
0.6430	1.2438
0.6167	1.0397
0.1686	1.5155
0.1705	1.3810
0.6354	1.2348
0.6117	1.0062
0.1692	1.4233
0.1709	1.3860
0.6362	1.2340
0.6081	1.0173
0.1691	1.4090
0.1712	1.3842
0.6324	1.2443
0.6102	1.0027
0.1694	1.4007
0.1711	1.3888
0.6281	1.0500
0.6064	0.9560
0.1697	1.3682
0.1714	1.3765
0.6191	1.0537
0.6049	1.0878
0.1704	1.3667
0.1715	1.3625
0.6222	1.0682
0.5999	1.1215
0.1701	1.3142
0.1719	1.3442
0.6223	1.0700
0.5994	1.0502
0.1701	1.3687
0.1719	1.3108
0.6159	1.0722
0.5953	1.0850
0.1706	1.3693
0.1723	1.2760
0.6212	1.0763
0.5890	1.0677
0.1702	1.3357
0.1728	1.2375
0.6181	1.0785
0.5965	1.0865
0.1704	1.2097
0.1722	1.2078
0.6161	1.0850
0.5955	1.0708
0.1706	1.3010
0.1722	1.1770
0.6129	1.0790
0.5894	1.1205
0.1708	1.3777
0.1728	1.1595
0.6095	1.0710
0.5963	1.0803
0.1711	1.3445
0.1722	1.1277
0.6082	1.0582
0.5942	1.2218
0.1712	1.3300
0.1724	1.1223
0.6092	1.0505
0.5962	1.0275
0.1711	1.4130
0.1722	1.1065
0.6059	1.0440
0.5923	1.0052
0.1714	1.3573
0.1725	1.0862
0.6000	1.0442
0.5967	1.1570
0.1719	1.4122
0.1721	1.0803
0.5958	1.0490
0.5920	0.9845
0.1722	1.3253
0.1725	1.0630
0.6009	1.0530
0.5960	1.0190
0.1718	1.3592
0.1722	1.0452
0.5916	1.0635
0.5909	0.9675
0.1726	1.3300
0.1726	1.0337
0.5932	1.0380
0.5898	1.0342
0.1724	1.4367
0.1727	1.0210
0.5864	1.0393
0.5948	0.9287
0.1730	1.3237
0.1723	0.9970
0.5897	1.0403
0.5908	1.0248
0.1727	1.3072
0.1726	0.9943
0.5864	1.0308
0.5923	0.9427
0.1730	1.4190
0.1725	0.9742
0.5901	1.0305
0.5915	1.0893
0.1727	1.3920
0.1726	0.9637
0.5780	1.0255
0.5933	1.1018
0.1738	1.3857
0.1724	0.9530
0.5802	1.0150
0.5918	1.0617
0.1736	1.3110
0.1726	0.9425
0.5774	1.0015
0.5941	1.1518
0.1738	1.4172
0.1724	0.9402
0.5741	0.9890
0.5938	1.1128
0.1741	1.3647
0.1724	0.9477
0.5673	0.9717
0.5998	1.1363
0.1748	1.4143
0.1719	0.9540
0.5689	0.9928
0.6003	1.2130
0.1746	1.2730
0.1718	0.9705
0.5667	0.9977
0.6033	1.2045
0.1748	1.3037
0.1716	0.9883
0.5621	1.0082
0.6059	1.2045
0.1753	1.2857
0.1714	1.0007
0.5616	1.0315
0.6041	1.2320
0.1753	1.2305
0.1715	1.0145
0.5608	1.0460
0.6046	1.3415
0.1754	1.1333
0.1715	1.0303
0.5598	1.0535
0.6109	1.3160
0.1755	1.1718
0.1710	1.0442
0.5603	1.0615
0.6074	1.3178
0.1754	1.2075
0.1713	1.0460
0.5595	1.0728
0.6089	1.3827
0.1755	1.1268
0.1712	1.0550
0.5613	1.0815
0.6095	1.4425
0.1753	1.1470
0.1711	1.0530
0.5618	1.0935
0.6231	1.4427
0.1753	1.1410
0.1701	1.0537
0.5614	1.1010
0.6206	1.3797
0.1753	1.1092
0.1703	1.0590
0.5575	1.0900
0.6238	1.4597
0.1757	1.1175
0.1700	1.0617
0.5587	1.0725
0.6310	1.4855
0.1756	1.1028
0.1695	1.0705
0.5575	1.0555
0.6340	1.5045
0.1757	1.1262
0.1693	1.0765
0.5578	1.0460
0.6344	1.3647
0.1757	1.1220
0.1692	1.0695
0.5593	1.0483
0.6358	1.3483
0.1755	1.1595
0.1691	1.0798
0.5586	1.0610
0.6382	1.3727
0.1756	1.0915
0.1690	1.0828
0.5576	1.0773
0.6413	1.2803
0.1757	1.1805
0.1688	1.0780
0.5569	1.0765
0.6431	1.2197
0.1758	1.1818
0.1686	1.0692
0.5570	1.0740
0.6469	1.2617
0.1758	1.1833
0.1684	1.0573
0.5544	1.0723
0.6420	1.2615
0.1760	1.2003
0.1687	1.0330
0.5556	1.1037
0.6472	1.2295
0.1759	1.1935
0.1684	1.0153
0.5523	1.1260
0.6475	1.2263
0.1762	1.2030
0.1683	0.9920
0.5511	1.1433
0.6463	1.1940
0.1764	1.1865
0.1684	0.9652
0.5511	1.1465
0.6513	1.1762
0.1764	1.2143
0.1681	0.9520
0.5514	1.1370
0.6548	1.2982
0.1763	1.1660
0.1678	0.9308
0.5530	1.1230
0.6562	1.2870
0.1762	1.2570
0.1678	0.9242
0.5529	1.1080
0.6612	1.2325
0.1762	1.1408
0.1674	0.9205
0.5542	1.0982
0.6626	1.3675
0.1760	1.1170
0.1673	0.9365
0.5528	1.0935
0.6662	1.2728
0.1762	1.1618
0.1671	0.9510
0.5527	1.0980
0.6738	1.2312
0.1762	1.1308
0.1666	0.9735
0.5475	1.0930
0.6791	1.2735
0.1767	1.1628
0.1663	0.9963
0.5504	1.1262
0.6747	1.2505
0.1764	1.1147
0.1666	1.0092
0.5499	1.1437
0.6844	1.2670
0.1765	1.1227
0.1660	1.0300
0.5470	1.1565
0.6798	1.3408
0.1768	1.1420
0.1663	1.0400
0.5494	1.1857
0.6777	1.2358
0.1765	1.1140
0.1664	1.0417
0.5488	1.1965
0.6810	1.3127
0.1766	1.0300
0.1662	1.0397
0.5536	1.2105
0.6829	1.3780
0.1761	1.1437
0.1661	1.0475
0.5555	1.2390
0.6841	1.3143
0.1759	1.1167
0.1660	1.0320
0.5537	1.2522
0.6941	1.3455
0.1761	1.0800
0.1654	1.0218
0.5571	1.2628
0.6919	1.3618
0.1758	1.1143
0.1656	1.0223
0.5576	1.2645
0.7052	1.3640
0.1757	1.0712
0.1648	1.0200
0.1648	1.0273
0.5544	1.2423
0.7062	1.3408
0.1760	1.0985
0.1645	1.0443
0.5574	1.2370
0.7119	1.3437
0.1757	1.0783
0.1645	1.0653
0.5575	1.2542
0.7111	1.2553
0.1757	1.0717
0.1645	1.0948
0.5586	1.2695
0.7104	1.2680
0.1756	1.0615
0.1643	1.1283
0.5607	1.3030
0.7144	1.1445
0.1754	1.0838
0.1644	1.1407
0.5625	1.3357
0.7135	1.1528
0.1752	1.0232
0.1644	1.1638
0.5655	1.3645
0.7133	1.1065
0.1749	1.0245
0.1644	1.1695
0.5651	1.4038
0.7129	1.1558
0.1750	1.0495
0.1646	1.1638
0.5703	1.4147
0.7088	1.1930
0.1745	1.0357
0.1647	1.1472
0.5716	1.4382
0.7068	1.1908
0.1744	1.0230
0.1647	1.1332
0.5743	1.4455
0.7074	1.1600
0.1741	1.0500
0.1648	1.1042
0.5794	1.4463
0.7062	1.1910
0.1736	1.0872
0.1646	1.0820
0.5804	1.4275
0.7097	1.1820
0.1735	1.0110
0.1644	1.0537
0.5832	1.4045
0.7133	1.2080
0.1733	1.0067
0.1641	1.0258
0.5881	1.3845
0.7189	1.1627
0.1729	0.9515
0.1642	1.0080
0.5887	1.3488
0.7162	1.1415
0.1728	0.9382
0.1639	0.9945
0.5894	1.3223
0.7222	1.2228
0.1728	0.9525
0.1639	1.0047
0.5931	1.3030
0.7232	1.1830
0.1724	0.9010
0.1638	1.0045
0.5974	1.3110
0.7247	1.1508
0.1721	0.9023
0.1640	1.0215
0.6014	1.3160
0.7208	1.1353
0.1718	0.9152
0.1640	1.0358
0.6028	1.3765
0.7211	1.1715
0.1716	0.8970
0.1714	0.8468
0.1635	1.0547
0.6053	1.3707
0.7297	1.1828
0.1712	0.8938
0.1636	1.0705
0.6088	1.3925
0.7281	1.1967
0.1709	0.9630
0.1636	1.0807
0.6124	1.4092
0.7285	1.2325
0.1705	0.9915
0.1635	1.0852
0.6172	1.4077
0.7309	1.2220
0.1700	1.0178
0.1635	1.0832
0.6239	1.4185
0.7304	1.2800
0.1697	0.9952
0.1632	1.0780
0.6282	1.4032
0.7358	1.1735
0.1695	0.9895
0.1632	1.0728
0.6304	1.3905
0.7366	1.1913
0.1695	0.9798
0.1630	1.0673
0.6310	1.3600
0.7410	1.1682
0.1693	1.0092
0.1633	1.0608
0.6331	1.3145
0.7353	1.1220
0.1693	1.0095
0.1629	1.0472
0.6334	1.2285
0.7421	1.0808
0.1691	1.0318
0.1630	1.0458
0.6368	1.2210
0.7400	1.0170
0.1688	1.0067
0.1630	1.0422
0.6401	1.2055
0.7409	1.0170
0.1687	0.9848
0.1631	1.0463
0.6424	1.1915
0.7394	0.9618
0.1688	1.0012
0.1632	1.0597
0.6413	1.1890
0.7375	1.0195
0.1687	0.9665
0.1633	1.0795
0.6415	1.1947
0.7340	0.9667
0.1686	1.0157
0.1634	1.0987
0.6435	1.2082
0.7327	1.0078
0.1684	1.0620
0.1633	1.1085
0.6466	1.2093
0.7339	1.0090
0.1683	1.0600
0.1634	1.1265
0.6479	1.2025
0.7318	1.0223
0.1683	1.0270
0.1635	1.1315
0.6485	1.2200
0.7310	1.0487
0.1680	1.0492
0.1635	1.1358
0.6522	1.2113
0.7299	1.0860
0.1680	1.0755
0.1635	1.1285
0.6528	1.2105
0.7302	1.0805
0.1680	1.1047
0.1635	1.1203
0.6524	1.1842
0.7301	1.0400
0.1679	1.0870
0.1636	1.1062
0.6543	1.1678
0.7282	1.0715
0.1677	1.0575
0.1636	1.0880
0.6576	1.1575
0.7286	1.0255
0.1678	1.0685
0.1636	1.0640
0.6551	1.1287
0.7287	0.9950
0.1678	1.0870
0.1636	1.0487
0.6549	1.1235
0.7276	0.9895
0.1679	1.0802
0.1638	1.0343
0.6533	1.1167
0.7253	0.9755
0.1678	1.1332
0.1636	1.0155
0.6548	1.1275
0.7281	0.9720
0.1677	1.1518
0.1638	1.0087
0.6570	1.1187
0.7243	0.9852
0.1677	1.0995
0.1639	1.0030
0.6574	1.1352
0.7226	0.9712
0.1678	1.0862
0.1638	1.0032
0.6559	1.1430
0.7239	0.9780
0.1678	1.0690
0.1638	1.0067
0.6555	1.1605
0.7239	0.9820
0.1679	1.1192
0.1639	1.0142
0.6539	1.1660
0.7236	0.9413
0.1679	1.1652
0.1637	1.0280
0.6548	1.1537
0.7261	0.9642
0.1676	1.1492
0.1638	1.0367
0.6582	1.1460
0.7253	1.0033
0.1675	1.0835
0.1638	1.0428
0.6598	1.1285
0.7250	0.9485
0.1674	1.0795
0.1639	1.0455
0.6612	1.1090
0.7228	0.9105
0.1676	1.0475
0.1640	1.0508
0.6588	1.0932
0.7205	0.9117
0.1678	1.0357
0.1642	1.0557
0.6560	1.0833
0.7177	0.8827
0.1677	1.0450
0.1641	1.0677
0.6571	1.0785
0.7191	0.8862
0.1675	1.0425
0.1643	1.0708
0.6598	1.0728
0.7142	0.8798
0.1676	1.0440
0.1646	1.0752
0.6580	1.0737
0.7101	0.9083
0.1677	0.9990
0.1646	1.0870
0.6578	1.0850
0.7093	0.9553
0.1676	0.9823
0.1647	1.0933
0.6588	1.0985
0.7083	0.9798
0.1674	1.0040
0.1647	1.1138
0.6611	1.1145
0.7067	0.9680
0.7054	1.0293
0.1674	1.0377
0.1648	1.1370
0.6624	1.1130
0.7057	1.0683
0.1673	1.0440
0.1648	1.1545
0.6638	1.1203
0.7070	1.0585
0.1671	1.0268
0.1647	1.1850
0.6664	1.1147
0.7062	1.0480
0.1671	1.0595
0.1648	1.2120
0.6662	1.1080
0.7044	1.0420
0.1671	1.0792
0.1649	1.2273
0.6668	1.0885
0.7034	1.0642
0.1671	1.0633
0.1649	1.2390
0.6664	1.0683
0.7015	1.0433
0.1672	1.0372
0.1650	1.2410
0.6647	1.0478
0.6968	1.0155
0.1672	1.0450
0.1653	1.2295
0.6655	1.0215
0.6922	1.0307
0.1673	1.0587
0.1656	1.2182
0.6631	1.0085
0.6887	1.0045
0.1674	1.0110
0.1658	1.1938
0.6619	0.9965
0.6884	0.9880
0.1673	1.0105
0.1658	1.1682
0.6628	1.0113
0.6866	1.0212
0.1672	0.9930
0.1659	1.1445
0.6647	1.0310
0.6863	1.0565
0.1672	0.9967
0.1659	1.1110
0.6643	1.0503
0.6880	1.0850
0.1674	0.9915
0.1658	1.0830
0.6617	1.0747
0.6861	1.1268
0.1672	0.9842
0.1659	1.0572
0.6655	1.0945
0.6860	1.1020
0.1671	0.9842
0.1659	1.0497
0.6665	1.1165
0.6895	1.1172
0.1670	1.0168
0.1657	1.0395
0.6681	1.1252
0.6916	1.1360
0.1669	1.0293
0.1656	1.0492
0.6703	1.1365
0.6924	1.1270
0.1668	1.0098
0.1655	1.0593
0.6705	1.1322
0.6954	1.1363
0.1668	1.0695
0.1654	1.0693
0.6717	1.1315
0.6934	1.1220
0.1666	1.0658
0.1655	1.0737
0.6747	1.1077
0.6940	1.1055
0.1666	1.0807
0.1655	1.0865
0.6744	1.0875
0.6945	1.0897
0.1666	1.0790
0.1654	1.0805
0.6739	1.0720
0.6945	1.0847
0.1667	1.1275
0.1654	1.0737
0.6727	1.0465
0.6924	1.0740
0.1668	1.1210
0.1655	1.0640
0.6710	1.0453
0.6905	1.1005
0.1669	1.1315
0.1656	1.0495
0.6702	1.0340
0.6687	1.0465
0.6913	1.1005
0.1670	1.1472
0.1656	1.0372
0.6696	1.0613
0.6924	1.1030
0.1669	1.1510
0.1655	1.0177
0.6633	1.0865
0.6935	1.0950
0.1673	1.1700
0.1655	0.9975
0.6649	1.1055
0.6963	1.1250
0.1672	1.1625
0.1653	0.9920
0.6659	1.1248
0.6984	1.1547
0.1671	1.2087
0.1652	0.9898
0.6654	1.1237
0.7001	1.1340
0.1672	1.2198
0.1651	0.9923
0.6658	1.1250
0.7029	1.1057
0.1671	1.2235
0.1650	1.0190
0.6652	1.1417
0.7040	1.1263
0.1672	1.1705
0.1649	1.0435
0.6659	1.1272
0.7054	1.0845
0.1671	1.1772
0.1648	1.0752
0.6628	1.1275
0.7066	1.0705
0.1673	1.2273
0.1647	1.1025
0.6602	1.1147
0.7052	1.0805
0.1675	1.1675
0.1648	1.1353
0.6609	1.1050
0.7009	1.0740
0.1674	1.1662
0.1651	1.1575
0.6608	1.0995
0.7015	1.0712
0.1675	1.1665
0.1650	1.1670
0.6605	1.1027
0.6972	1.0662
0.1675	1.1468
0.1653	1.1635
0.6572	1.1098
0.6953	1.0503
0.1677	1.0895
0.1654	1.1630
0.6608	1.1265
0.6948	1.0795
0.1675	1.0867
0.1654	1.1492
0.6605	1.1438
0.6947	1.1287
0.1675	1.0762
0.1654	1.1353
0.6593	1.1448
0.6946	1.1263
0.1676	1.0915
0.1654	1.1180
0.6621	1.1587
0.6959	1.1485
0.1674	1.1095
0.1653	1.1042
0.6646	1.1625
0.6956	1.1730
0.1672	1.0390
0.1654	1.0878
0.6637	1.1565
0.6983	1.1708
0.1673	1.0915
0.1652	1.0712
0.6669	1.1435
0.7002	1.1550
0.1671	1.0705
0.1651	1.0635
0.6654	1.1315
0.7023	1.1478
0.1672	1.0515
0.1650	1.0718
0.6648	1.1180
0.7016	1.1395
0.1672	1.0337
0.1650	1.0862
0.6680	1.1160
0.7036	1.1215
0.1670	1.0550
0.1649	1.0837
0.6665	1.1030
0.7045	1.1020
0.1671	1.0115
0.1649	1.1135
0.6669	1.0905
0.7037	1.0855
0.1671	1.0465
0.1649	1.1160
0.6663	1.0887
0.7020	1.0540
0.1671	1.0108
0.1650	1.1292
0.6695	1.0963
0.7011	1.0775
0.1669	1.0245
0.1651	1.1478
0.6700	1.1075
0.6992	1.0205
0.1669	1.0278
0.1652	1.1557
0.6719	1.1228
0.6972	1.0085
0.1668	1.0395
0.1653	1.1625
0.6708	1.1358
0.6973	1.0308
0.1668	1.0575
0.1653	1.1522
0.6724	1.1447
0.6950	1.0575
0.1667	1.0380
0.1654	1.1445
0.6713	1.1425
0.6947	1.0523
0.1668	1.1095
0.1654	1.1383
0.6752	1.1290
0.6905	1.0780
0.1666	1.0908
0.1657	1.1403
0.6740	1.1273
0.6896	1.0752
0.1666	1.1272
0.1657	1.1278
0.6739	1.1205
0.6918	1.0500
0.1666	1.0678
0.1656	1.1312
0.6759	1.1057
0.6936	1.0540
0.1665	1.1153
0.1655	1.1313
0.6725	1.0900
0.6927	1.0312
0.1667	1.0878
0.1655	1.1338
0.6734	1.0715
0.6932	1.0575
0.1667	1.1160
0.1655	1.1482
0.6719	1.0590
0.6921	1.0567
0.1668	1.1038
0.1656	1.1698
0.6756	1.0555
0.6894	1.0485
0.1665	1.1147
0.1657	1.1957
0.6716	1.0555
0.6876	1.0477
0.1668	1.1245
0.1658	1.2115
0.6715	1.0620
0.6850	1.0710
0.1668	1.0892
0.1660	1.2192
0.6712	1.0725
0.6819	1.0842
0.1668	1.1100
0.1662	1.2155
0.6699	1.0825
0.6790	1.0962
0.1669	1.0912
0.1663	1.1985
0.6686	1.0942
0.6780	1.1247
0.1670	1.1638
0.1664	1.1838
0.6697	1.1028
0.6782	1.1250
0.1669	1.1142
0.1664	1.1633
0.6700	1.1135
0.6788	1.1388
0.1669	1.1298
0.1663	1.1288
0.6701	1.1197
0.6808	1.1528
0.1669	1.1143
0.1662	1.1003
0.6711	1.1242
0.6825	1.1335
0.1668	1.1110
0.1661	1.0747
0.6693	1.1075
0.6839	1.1222
0.1669	1.0887
0.1660	1.0583
0.6705	1.1025
0.6840	1.1098
0.1668	1.1003
0.1660	1.0492
0.6700	1.0942
0.6859	1.0695
0.1669	1.0900
0.1659	1.0493
0.6717	1.0860
0.6868	1.0528
0.1668	1.1235
0.1659	1.0652
0.6711	1.0825
0.6844	1.0360
0.1668	1.0928
0.1660	1.0912
0.6703	1.0813
0.6839	1.0162
0.1669	1.0880
0.1660	1.1180
0.6699	1.0867
0.6838	1.0235
0.1669	1.1290
0.1660	1.1522
0.6704	1.0915
0.6807	1.0198
0.1669	1.1192
0.1662	1.1855
0.6667	1.1028
0.6796	1.0237
0.1671	1.1580
0.1663	1.2108
0.6702	1.1030
0.6773	1.0442
0.1669	1.1910
0.1664	1.2247
0.6687	1.1150
0.6745	1.0488
0.1670	1.1863
0.1666	1.2290
0.6668	1.1147
0.6722	1.0595
0.1671	1.2065
0.1667	1.2245
0.6675	1.1095
0.6706	1.0795
0.1670	1.2385
0.1668	1.2162
0.6667	1.1020
0.6696	1.0615
0.1671	1.2448
0.1669	1.2105
0.6633	1.0818
0.6679	1.0667
0.1673	1.2540
0.1670	1.1975
0.6639	1.0637
0.6675	1.0513
0.1673	1.2807
0.1670	1.1898
0.6618	1.0458
0.6687	1.0372
0.1674	1.2490
0.1670	1.1760
0.6590	1.0155
0.6682	1.0142
0.1676	1.2872
0.1670	1.1680
0.6543	0.9880
0.6662	1.0173
0.1679	1.2703
0.1671	1.1712
0.6550	0.9788
0.6656	1.0317
0.1678	1.2280
0.1672	1.1788
0.6498	0.9747
0.6621	1.0225
0.1682	1.2482
0.1674	1.2000
0.6492	0.9728
0.6598	1.0200
0.1682	1.2160
0.1675	1.2030
0.6441	0.9752
0.6571	1.0050
0.1686	1.2102
0.1677	1.1963
0.6425	0.9837
0.6561	1.0550
0.1687	1.1370
0.1678	1.1915
0.6421	0.9932
0.6551	1.0640
0.1687	1.1715
0.1678	1.1848
0.6407	0.9962
0.6520	1.0905
0.1688	1.0995
0.1680	1.1665
0.6411	0.9852
0.6527	1.0928
0.1688	1.1125
0.1680	1.1447
0.6392	0.9798
0.6516	1.1418
0.1689	1.0760
0.1681	1.1233
0.6414	0.9648
0.6543	1.1340
0.1688	1.0710
0.1679	1.0885
0.6401	0.9460
0.6550	1.0730
0.1688	1.0945
0.1678	1.0532
0.6412	0.9295
0.6555	1.0710
0.1688	1.1047
0.1678	1.0173
0.6386	0.9155
0.6554	1.0185
0.1689	1.1002
0.1678	1.0048
0.6363	0.9027
0.6587	1.0143
0.1691	1.1538
0.1676	1.0005
0.6339	0.8990
0.6600	0.9823
0.1693	1.1833
0.1675	0.9945
0.6300	0.8968
0.6568	0.9500
0.1696	1.1535
0.1677	0.9942
0.6266	0.9110
0.6566	0.9527
0.1698	1.2462
0.1677	1.0025
0.6263	0.9300
0.6539	0.9662
0.1698	1.2308
0.1679	1.0140
0.6193	0.9520
0.6527	0.9595
0.1703	1.2560
0.1680	1.0228
0.6188	0.9720
0.6532	1.1227
0.1704	1.2350
0.1680	1.0420
0.6197	0.9837
0.6513	1.0290
0.1703	1.2788
0.1681	1.0575
0.6148	0.9847
0.6513	1.0125
0.1707	1.2967
0.1681	1.0700
0.6150	0.9790
0.6513	1.2243
0.1707	1.3000
0.1681	1.0832
0.6126	0.9668
0.6533	1.2190
0.1709	1.2943
0.1679	1.0912
0.6134	0.9442
0.6672	1.0395
0.1708	1.3088
0.1671	1.0927
0.6075	0.9262
0.6543	1.2302
0.1713	1.3182
0.1679	1.0890
0.6030	0.9057
0.6517	1.0532
0.1716	1.2662
0.1681	1.0828
0.6021	0.8892
0.6662	1.1828
0.1717	1.2755
0.1671	1.0755
0.5952	0.8795
0.6638	0.9950
0.1723	1.2655
0.1673	1.0692
0.5921	0.8795
0.6487	0.8320
0.1725	1.2860
0.1683	1.0577
0.5910	0.8893
0.6635	0.9925
0.1726	1.2007
0.1673	1.0470
0.5887	0.9108
0.6488	1.0457
0.1728	1.1495
0.1682	1.0407
0.5871	0.9345
0.6605	0.8902
0.1730	1.1583
0.1675	1.2108
0.5849	0.9530
0.6470	0.9400
0.1732	1.0945
0.1684	1.2085
0.5843	0.9710
0.6476	1.1890
0.1732	1.0715
0.1683	1.2190
0.5853	0.9815
0.6497	0.9683
0.1731	1.0827
0.1682	1.2335
0.5861	0.9820
0.6521	1.1180
0.1730	1.0652
0.1680	1.2505
0.5863	0.9770
0.6389	1.0085
0.1730	1.0535
0.1689	1.2630
0.5853	0.9670
0.6410	1.1795
0.1731	1.0665
0.1688	1.2715
0.5852	0.9553
0.6462	1.1617
0.1731	1.0855
0.1684	1.2823
0.5840	0.9390
0.6409	1.1310
0.1732	1.0947
0.1688	1.2880
0.5830	0.9268
0.6378	0.8925
0.1733	1.0947
0.1690	1.2835
0.5819	0.9135
0.6390	0.8598
0.1734	1.0945
0.1689	1.1030
0.5782	0.9238
0.6394	1.0807
0.1737	1.1205
0.1689	1.0925
0.5755	0.9380
0.6377	1.0067
0.1740	1.0783
0.1690	1.0710
0.5748	0.9607
0.6367	1.0347
0.1741	1.0838
0.1691	1.0447
0.5748	0.9858
0.6205	1.0547
0.1741	1.0730
0.1703	1.0135
0.5741	1.0177
0.6196	1.0280
0.1741	1.0765
0.1703	0.9850
0.5722	1.0488
0.6400	1.0330
0.1743	1.0925
0.1688	0.9613
0.5757	1.0642
0.6409	1.0298
0.1740	1.0397
0.1688	0.9387
0.5757	1.0818
0.6401	1.0428
0.1740	1.0460
0.1688	0.9235
0.5771	1.0777
0.6412	1.2355
0.1738	1.0820
0.1688	0.9187
0.5779	1.0725
0.6425	1.2467
0.1738	1.0427
0.1687	0.9127
0.5753	1.0537
0.6453	0.9870
0.1740	1.0290
0.1685	0.9117
0.5772	1.0307
0.6452	1.0120
0.1738	1.1525
0.1685	0.9173
0.5772	1.0062
0.6465	1.0912
0.1738	1.1030
0.1684	0.9238
0.5745	0.9857
0.6459	1.0877
0.1741	1.1338
0.1684	0.9405
0.5761	0.9718
0.6464	1.1242
0.1739	1.1268
0.1684	0.9835
0.5738	0.9607
0.6462	1.1118
0.1741	1.0600
0.1684	1.0367
0.5677	0.9680
0.6487	1.1423
0.1747	1.0913
0.1682	1.0640
0.5694	0.9792
0.6541	1.1783
0.1746	1.0735
0.1679	1.0985
0.5674	1.0085
0.6535	1.2235
0.1747	1.0695
0.1679	1.1327
0.5677	1.0250
0.6544	1.2575
0.1747	1.0940
0.1679	1.1742
0.5688	1.0470
0.6516	1.2910
0.1746	1.0713
0.1681	1.2180
0.5691	1.0650
0.6518	1.2862
0.1746	1.0152
0.1680	1.2662
0.5710	1.0805
0.6533	1.2607
0.1744	1.0480
0.1679	1.3205
0.5705	1.0820
0.6536	1.2195
0.1745	1.0550
0.1679	1.3733
0.5715	1.0790
0.6534	1.2145
0.1744	0.9782
0.1679	1.4188
0.5722	1.0795
0.6524	1.2055
0.1743	1.0140
0.1680	1.4530
0.5710	1.0695
0.6504	1.1980
0.1744	0.9963
0.1681	1.4922
0.5715	1.0648
0.6490	1.1620
0.1744	1.0430
0.1682	1.5275
0.5692	1.0552
0.6407	1.1227
0.1746	0.9680
0.1688	1.5565
0.5743	1.0705
0.6373	1.0885
0.1741	0.9865
0.1690	1.5767
0.5730	1.0842
0.6312	1.0905
0.1742	1.0012
0.1695	1.5928
0.5739	1.1103
0.6277	1.0690
0.1741	0.9673
0.1697	1.5815
0.5724	1.1418
0.6235	1.0520
0.1743	0.9665
0.1700	1.5702
0.5763	1.1710
0.6185	1.0830
0.1739	0.9315
0.1704	1.5587
0.5771	1.1957
0.6142	1.0525
0.1738	1.0115
0.1707	1.5365
0.5777	1.2080
0.6123	1.0700
0.1738	1.0637
0.1709	1.4977
0.5805	1.2155
0.6098	1.0625
0.1735	1.1292
0.1711	1.4880
0.5832	1.2050
0.6081	1.0763
0.1733	1.1558
0.1712	1.4832
0.5851	1.1900
0.6038	1.0685
0.1731	1.2940
0.1716	1.4847
0.5867	1.1588
0.6003	1.1145
0.1730	1.3043
0.1718	1.5258
0.5827	1.1205
0.5989	1.1197
0.1733	1.3750
0.1720	1.5647
0.5796	1.0775
0.5959	1.0995
0.1736	1.4418
0.1722	1.6325
0.5757	1.0370
0.5934	1.1030
0.1740	1.5265
0.1724	1.6653
0.5694	1.0140
0.5882	1.1078
0.1746	1.4722
0.1729	1.6935
0.5675	1.0035
0.5847	1.1285
0.1747	1.4672
0.1732	1.7008
0.5612	1.0030
0.5806	1.1117
0.1753	1.4588
0.1735	1.7370
0.5569	1.0173
0.5726	1.1008
0.1758	1.5163
0.1743	1.7532
0.5517	1.0370
0.5692	1.0878
0.1763	1.4762
0.1746	1.7568
0.5553	1.0652
0.5640	1.1645
0.1759	1.3765
0.1751	1.7520
0.5565	1.1062
0.5617	1.1487
0.1758	1.4023
0.1753	1.7092
0.5533	1.1500
0.5572	1.1028
0.1761	1.4217
0.1757	1.7470
0.5479	1.1815
0.5529	1.1117
0.1767	1.3970
0.1762	1.6607
0.5479	1.2025
0.5497	1.1693
0.1767	1.3780
0.1765	1.6485
0.5499	1.2140
0.5502	1.1992
0.1765	1.4935
0.1764	1.6322
0.5491	1.2180
0.5487	1.1632
0.1766	1.5330
0.1766	1.6288
0.5446	1.2155
0.5402	1.1328
0.1770	1.5600
0.1775	1.6260
0.5438	1.2128
0.5387	1.1330
0.1771	1.5395
0.1777	1.6283
0.5412	1.2098
0.5398	1.2233
0.1774	1.5153
0.1775	1.6323
0.5386	1.2028
0.5377	1.1495
0.1777	1.6412
0.1778	1.6340
0.5376	1.1815
0.5338	1.1273
0.1778	1.6522
0.1782	1.6228
0.5330	1.1522
0.5281	1.1355
0.1783	1.5485
0.1788	1.5408
0.5290	1.1390
0.5242	1.1225
0.1787	1.5770
0.1793	1.5503
0.5302	1.1303
0.5261	1.0585
0.1786	1.6145
0.1791	1.5170
0.5246	1.1267
0.5223	1.0148
0.1792	1.6253
0.1795	1.4980
0.5221	1.1218
0.5204	1.0940
0.1795	1.7005
0.1797	1.4587
0.5220	1.1137
0.5175	1.1327
0.1796	1.6122
0.1801	1.4075
0.5191	1.0920
0.5150	1.1385
0.1799	1.6715
0.1804	1.3690
0.5143	1.0725
0.5143	1.0230
0.1805	1.6307
0.1805	1.3345
0.5112	1.0495
0.5111	1.1033
0.1809	1.6560
0.1809	1.3098
0.5061	1.0242
0.5138	1.0980
0.1815	1.6435
0.1805	1.3062
0.5061	1.0147
0.5132	1.0867
0.1815	1.7070
0.1806	1.3022
0.4984	1.0088
0.5118	1.1560
0.1825	1.7098
0.1808	1.3370
0.5006	1.0025
0.5094	1.1200
0.1822	1.6725
0.1811	1.3662
0.4933	1.0052
0.5113	1.1175
0.1832	1.5820
0.1809	1.3988
0.4904	1.0088
0.5094	1.1008
0.1836	1.5295
0.1811	1.4375
0.4869	1.0242
0.5063	1.1123
0.1841	1.4935
0.1815	1.4725
0.4839	1.0537
0.5055	1.1060
0.1846	1.3750
0.1816	1.4715
0.4811	1.0770
0.5016	1.1630
0.1850	1.5175
0.1821	1.4845
0.4827	1.0965
0.4968	1.0505
0.1847	1.3280
0.1827	1.4780
0.4808	1.1275
0.4966	1.1170
0.1850	1.3590
0.1828	1.4685
0.4831	1.1505
0.4949	1.1152
0.1847	1.3455
0.1830	1.4413
0.4829	1.1610
0.4933	1.1340
0.1847	1.2680
0.1832	1.4015
0.4794	1.1757
0.4932	1.1730
0.1852	1.3897
0.1832	1.3743
0.4822	1.1770
0.4899	1.2047
0.1848	1.4197
0.1837	1.3225
0.4795	1.1760
0.4918	1.1780
0.1852	1.3665
0.1834	1.3060
0.4778	1.1648
0.4901	1.1810
0.1855	1.4357
0.1837	1.2785
0.4789	1.1523
0.4922	1.1525
0.1853	1.4038
0.1834	1.2770
0.4714	1.1477
0.4917	1.1835
0.1864	1.3460
0.1834	1.2670
0.4717	1.1408
0.4911	1.1952
0.1864	1.4300
0.1835	1.2693
0.4721	1.1325
0.4904	1.1373
0.1863	1.4033
0.1836	1.2577
0.4708	1.1270
0.4902	1.1530
0.1865	1.3808
0.1837	1.2492
0.4715	1.1328
0.4874	1.1593
0.1864	1.4495
0.1841	1.2358
0.4705	1.1425
0.4892	1.1570
0.1866	1.2942
0.1838	1.2120
0.4692	1.1428
0.4864	1.2103
0.1868	1.3178
0.1842	1.1887
0.4674	1.1395
0.4860	1.2233
0.1871	1.3580
0.1842	1.1543
0.4665	1.1390
0.4855	1.2697
0.1872	1.3762
0.1843	1.1240
0.4648	1.1260
0.4885	1.3227
0.1875	1.4317
0.1839	1.0990
0.4647	1.1108
0.4890	1.3120
0.1875	1.4250
0.1838	1.0763
0.4640	1.0973
0.4921	1.4848
0.1876	1.4107
0.1834	1.0540
0.4626	1.0848
0.4937	1.4597
0.1879	1.3795
0.1832	1.0440
0.4605	1.0717
0.4973	1.5203
0.1882	1.3393
0.1827	1.0495
0.4583	1.0577
0.4982	1.5272
0.1886	1.3207
0.1826	1.0625
0.4570	1.0410
0.5007	1.5897
0.1888	1.3020
0.1822	1.0817
0.4557	1.0387
0.5076	1.5663
0.1890	1.2732
0.1813	1.1100
0.4548	1.0493
0.5065	1.6230
0.1892	1.2555
0.1815	1.1247
0.4551	1.0610
0.5088	1.6295
0.1891	1.2140
0.1812	1.1403
0.4537	1.0855
0.5118	1.6558
0.1894	1.1860
0.1808	1.1385
0.4537	1.1045
0.5146	1.6830
0.1894	1.1413
0.1805	1.1243
0.4541	1.1262
0.5153	1.6452
0.1893	1.1295
0.1804	1.1033
0.4539	1.1413
0.5193	1.6865
0.1893	1.1135
0.1799	1.0880
0.1795	1.0585
0.4541	1.1505
0.5228	1.7483
0.1893	1.1810
0.1792	1.0213
0.4541	1.1547
0.5253	1.6605
0.1893	1.1350
0.1786	0.9918
0.4554	1.1715
0.5304	1.6858
0.1891	1.1518
0.1778	0.9655
0.4556	1.1807
0.5372	1.6155
0.1890	1.1443
0.1776	0.9418
0.4560	1.1857
0.5392	1.6255
0.1890	1.1638
0.1768	0.9380
0.4539	1.1975
0.5472	1.5823
0.1893	1.1262
0.1767	0.9442
0.4546	1.2080
0.5476	1.5983
0.1892	1.1133
0.1760	0.9592
0.4546	1.2290
0.5542	1.5320
0.1892	1.1250
0.1762	0.9830
0.4556	1.2722
0.5523	1.4545
0.1890	1.1120
0.1756	1.0023
0.4548	1.3270
0.5590	1.4440
0.1892	1.1288
0.1754	1.0287
0.4571	1.3903
0.5605	1.3205
0.1888	1.0700
0.1751	1.0547
0.4580	1.4668
0.5640	1.3680
0.1886	1.0767
0.1750	1.0610
0.4598	1.5103
0.5647	1.2865
0.1883	1.0845
0.1749	1.0568
0.4624	1.5668
0.5659	1.3915
0.1879	1.0832
0.1749	1.0527
0.4644	1.6060
0.5661	1.3515
0.1876	1.0355
0.1750	1.0372
0.4674	1.6145
0.5652	1.3632
0.1871	1.0525
0.1748	1.0210
0.4713	1.6162
0.5671	1.3365
0.1865	1.0002
0.1747	0.7915
0.4729	1.6113
0.5684	1.3957
0.1862	0.9947
0.1742	0.7732
0.4766	1.5890
0.5735	1.4090
0.1856	0.9900
0.1737	0.7535
0.4797	1.5643
0.5783	1.4215
0.1852	0.9547
0.1734	0.7408
0.4818	1.5505
0.5818	1.4075
0.1849	0.9415
0.1732	0.7295
0.4854	1.5260
0.5849	1.4050
0.1843	0.9530
0.1714	0.7308
0.4874	1.5277
0.6061	1.4188
0.1840	0.8880
0.1711	0.7405
0.4895	1.5407
0.6097	1.3820
0.1838	0.8923
0.1709	0.7522
0.4922	1.5792
0.6125	1.4125
0.1834	0.8907
0.1710	0.7693
0.4957	1.6237
0.6113	1.4272
0.1829	0.8948
0.1826	0.9523
0.1707	0.7827
0.4982	1.6708
0.6141	1.3940
0.1819	0.9305
0.1706	1.0087
0.5033	1.6978
0.6166	1.3420
0.1813	0.9603
0.1704	1.0155
0.5080	1.7278
0.6190	1.3413
0.1806	0.9695
0.1698	1.0240
0.5137	1.7365
0.6261	1.3442
0.1800	0.9828
0.1696	1.0220
0.5182	1.7253
0.6300	1.4070
0.1796	0.9277
0.1696	1.0227
0.5218	1.6973
0.6299	1.4095
0.1790	0.9950
0.1694	1.0077
0.5268	1.6663
0.6316	1.3732
0.1787	1.0010
0.1692	0.9987
0.5292	1.6138
0.6349	1.3952
0.1784	0.9920
0.1690	0.9880
0.5325	1.5585
0.6375	1.2980
0.1781	0.9840
0.1687	0.9773
0.5350	1.5305
0.6415	1.2708
0.1776	0.9602
0.1685	0.9728
0.5395	1.5005
0.6447	1.2985
0.1775	0.9908
0.1685	0.9723
0.5398	1.5002
0.6457	1.2775
0.1773	0.9720
0.1681	0.9790
0.5418	1.5037
0.6510	1.2730
0.1769	1.0055
0.1681	0.9830
0.5454	1.5255
0.6514	1.2557
0.1765	0.9873
0.1679	0.9955
0.5493	1.5390
0.6542	1.2652
0.1762	1.0447
0.1677	1.0028
0.5530	1.5470
0.6569	1.2328
0.1758	1.0335
0.1677	1.0223
0.5567	1.5367
0.6569	1.2818
0.1754	1.0223
0.1675	1.0320
0.5608	1.5155
0.6596	1.2473
0.1751	1.0417
0.1675	1.0393
0.5637	1.4908
0.6604	1.2792
0.1746	1.0462
0.1672	1.0417
0.5686	1.4415
0.6645	1.2635
0.1745	1.0595
0.1672	1.0402
0.5705	1.3883
0.6645	1.2610
0.1744	1.0490
0.1670	1.0315
0.5708	1.4108
0.6681	1.2575
0.1743	1.0392
0.1669	1.0175
0.5723	1.4185
0.6697	1.2195
0.1742	1.0302
0.1667	0.9982
0.5735	1.3910
0.6724	1.2510
0.1741	1.0475
0.1666	0.9837
0.5743	1.3605
0.6737	1.1970
0.1741	1.0323
0.1665	0.9682
0.5739	1.3340
0.6765	1.2198
0.1736	1.0292
0.1664	0.9577
0.5801	1.2957
0.6770	1.1952
0.1731	1.0410
0.1664	0.9470
0.5857	1.2980
0.6776	1.1877
0.1729	0.9995
0.1661	0.9382
0.5876	1.3390
0.6832	1.1888
0.1727	1.0235
0.1660	0.9430
0.5896	1.3855
0.6838	1.1850
0.1726	1.0237
0.1658	0.9540
0.5908	1.4427
0.6874	1.1520
0.1728	1.0470
0.1657	0.9682
0.5887	1.3975
0.6900	1.1645
0.1727	1.0642
0.1656	0.9900
0.5897	1.3475
0.6921	1.1917
0.1721	1.0485
0.1653	1.0145
0.5967	1.3267
0.6958	1.1258
0.1719	1.0402
0.1653	1.0223
0.5992	1.3218
0.6965	1.1150
0.1716	1.0495
0.1654	1.0415
0.6029	1.3307
0.6951	1.0862
0.1715	1.0393
0.1654	1.0472
0.6047	1.3645
0.6955	1.0557
0.1714	1.0372
0.1653	1.0595
0.6058	1.3700
0.6967	1.0370
0.1713	1.0875
0.1655	1.0750
0.6074	1.3325
0.6938	1.0115
0.1711	1.0365
0.1655	1.0797
0.6098	1.3152
0.6926	1.0100
0.1710	1.0470
0.1656	1.0800
0.6111	1.3015
0.6917	1.0035
0.1709	1.0400
0.1656	1.0790
0.6121	1.3055
0.6908	1.0173
0.1708	1.0373
0.1657	1.0885
0.6138	1.3282
0.6899	1.0323
0.1707	1.0235
0.1657	1.0955
0.6147	1.3567
0.6897	1.0455
0.1703	1.0682
0.1657	1.1233
0.6199	1.3777
0.6898	1.0673
0.1702	1.0733
0.1658	1.1437
0.6219	1.3865
0.6878	1.0592
0.1699	1.0695
0.1657	1.1765
0.6247	1.3832
0.6896	1.0845
0.1697	1.0797
0.1656	1.2060
0.6280	1.3815
0.6913	1.0903
0.6890	1.0680
0.1693	1.0615
0.1657	1.2287
0.6331	1.3902
0.6873	1.0643
0.1693	1.0793
0.1658	1.2493
0.6338	1.3872
0.6837	1.0335
0.1692	1.0478
0.1660	1.2582
0.6354	1.3785
0.6821	1.0233
0.1691	1.0330
0.1661	1.2590
0.6366	1.3740
0.6791	0.9860
0.1690	1.0450
0.1663	1.2495
0.6374	1.3480
0.6748	0.9830
0.1688	1.0457
0.1666	1.2317
0.6406	1.3175
0.6726	0.9907
0.1685	1.0132
0.1667	1.1975
0.6445	1.3013
0.6672	1.0065
0.1683	0.9818
0.1671	1.1730
0.6486	1.3037
0.6679	0.9865
0.1680	0.9125
0.1670	1.1370
0.6525	1.3170
0.6670	1.0002
0.1680	0.9095
0.1671	1.0992
0.6528	1.3162
0.6662	1.0172
0.1678	0.9072
0.1671	1.0720
0.6556	1.3132
0.6683	1.0280
0.1677	0.9150
0.1670	1.0515
0.6578	1.2960
0.6685	1.0893
0.1673	0.8945
0.1670	1.0500
0.6625	1.2738
0.6684	1.0542
0.1668	0.8715
0.1670	1.0570
0.6712	1.2378
0.6701	1.0690
0.1667	0.8375
0.1669	1.0675
0.6722	1.2170
0.6698	1.0777
0.1665	0.8500
0.1669	1.0938
0.6757	1.1912
0.6705	1.0305
0.1664	0.8225
0.1668	1.1130
0.6778	1.1595
0.6707	1.0497
0.1661	0.8690
0.1668	1.1220
0.6822	1.1220
0.6676	1.0482
0.1660	0.9040
0.1670	1.1300
0.6853	1.0890
0.6671	1.0260
0.1659	0.9033
0.1671	1.1370
0.6868	1.0665
0.6648	1.0385
0.1659	0.8808
0.1672	1.1428
0.6863	1.0433
0.6610	1.0315
0.1658	0.8975
0.1674	1.1353
0.6883	1.0333
0.6621	1.0095
0.1659	0.9375
0.1674	1.1223
0.6855	1.0253
0.6612	1.0335
0.1658	0.9810
0.1674	1.1073
0.6883	1.0355
0.6602	1.0715
0.1658	0.9947
0.1675	1.0857
0.6873	1.0500
0.6909	1.0673
0.6606	1.0855
0.1656	1.0260
0.1675	1.0678
0.6905	1.0752
0.6613	1.0938
0.1657	1.0555
0.1674	1.0660
0.6905	1.0793
0.6607	1.0733
0.1657	1.0550
0.1675	1.0667
0.6904	1.0735
0.6611	1.0810
0.1657	1.0857
0.1674	1.0875
0.6921	1.0625
0.6658	1.1102
0.1656	1.0837
0.1671	1.1013
0.6902	1.0540
0.6663	1.0985
0.1657	1.0998
0.1671	1.1240
0.6902	1.0590
0.6634	1.0682
0.1657	1.1022
0.1673	1.1510
0.6878	1.0590
0.6626	1.0780
0.1658	1.0775
0.1673	1.1702
0.6871	1.0565
0.6606	1.0793
0.1658	1.0550
0.1675	1.1887
0.6853	1.0490
0.6610	1.0420
0.1660	1.0745
0.1674	1.1975
0.6866	1.0455
0.6584	1.0312
0.1659	1.0607
0.1676	1.1965
0.6864	1.0565
0.6541	1.0680
0.1659	1.0442
0.1679	1.1895
0.6887	1.0705
0.6527	1.0773
0.1658	1.0367
0.1680	1.1705
0.6906	1.0873
0.6517	1.1140
0.1656	1.0390
0.1681	1.1377
0.6897	1.1100
0.6523	1.0673
0.1657	1.0347
0.1680	1.1167
0.6888	1.1195
0.6520	1.1080
0.1658	1.0518
0.1680	1.0823
0.6913	1.1042
0.6529	1.1323
0.1656	1.0930
0.1680	1.0485
0.6910	1.0970
0.6546	1.1563
0.1656	1.0880
0.1679	1.0312
0.6917	1.0765
0.6585	1.1500
0.1656	1.0993
0.1676	1.0183
0.6925	1.0510
0.6567	1.1227
0.1655	1.1180
0.1677	1.0190
0.6930	1.0175
0.6606	1.1348
0.1655	1.0980
0.1675	1.0232
0.6875	0.9860
0.6614	1.1197
0.1658	1.1088
0.1674	1.0362
0.6896	0.9557
0.6635	1.1063
0.1657	1.1098
0.1673	1.0515
0.6884	0.9252
0.6631	1.0447
0.1658	1.1020
0.1673	1.0712
0.6833	0.9032
0.6613	1.1002
0.1661	1.0983
0.1674	1.0797
0.6812	0.8948
0.6616	1.0665
0.1662	1.0987
0.1674	1.0955
0.6798	0.9042
0.6601	1.0580
0.1663	1.0670
0.1675	1.1000
0.6766	0.9162
0.6593	1.0475
0.1665	1.1268
0.1676	1.0980
0.6752	0.9393
0.6563	1.0447
0.1666	1.1290
0.1678	1.0938
0.6743	0.9637
0.6585	1.0623
0.1666	1.1360
0.1676	1.0875
0.6739	1.0013
0.6581	1.0400
0.1666	1.1507
0.1676	1.0800
0.6724	1.0235
0.6577	1.0545
0.1667	1.1688
0.1677	1.0692
0.6701	1.0415
0.6591	1.0727
0.1669	1.1557
0.1676	1.0718
0.6709	1.0663
0.6588	1.0725
0.1668	1.1740
0.1676	1.0715
0.6676	1.0833
0.6591	1.0305
0.1670	1.1810
0.1676	1.0905
0.6676	1.0832
0.6581	1.0285
0.1670	1.1733
0.1676	1.1002
0.6666	1.0752
0.6588	1.0347
0.1671	1.1452
0.1676	1.1260
0.6663	1.0618
0.6594	1.0192
0.1671	1.1067
0.1675	1.1550
0.6655	1.0530
0.6563	1.0463
0.1672	1.1405
0.1677	1.1820
0.6655	1.0465
0.6533	1.0513
0.1672	1.1080
0.1679	1.2120
0.6659	1.0418
0.6519	1.0695
0.1671	1.0850
0.1680	1.2357
0.6662	1.0425
0.6499	1.0712
0.1671	1.0682
0.1682	1.2500
0.6661	1.0525
0.6475	1.0645
0.1671	1.1045
0.1683	1.2557
0.6631	1.0532
0.6472	1.0950
0.1673	1.0838
0.1684	1.2528
0.6622	1.0570
0.6454	1.1145
0.1674	1.0905
0.1685	1.2360
0.6638	1.0678
0.6440	1.1198
0.1673	1.1037
0.1686	1.2220
0.6644	1.0685
0.6437	1.1175
0.1672	1.1270
0.1686	1.1972
0.6617	1.0723
0.6431	1.0868
0.1674	1.1190
0.1686	1.1698
0.6628	1.0653
0.6430	1.0855
0.1673	1.0953
0.1686	1.1477
0.6625	1.0580
0.6431	1.0675
0.1673	1.0417
0.1686	1.1185
0.6627	1.0452
0.6434	1.0547
0.1673	1.0740
0.1686	1.1025
0.6610	1.0393
0.6432	1.0330
0.1674	1.0747
0.1686	1.0888
0.6620	1.0308
0.6407	1.0272
0.1674	1.0723
0.1688	1.0838
0.6605	1.0215
0.6421	1.0173
0.1675	1.0780
0.1687	1.0870
0.6636	1.0230
0.6412	1.0093
0.1673	1.1003
0.1688	1.0930
0.6613	1.0250
0.6401	1.0140
0.1674	1.0953
0.1688	1.1040
0.6612	1.0442
0.6391	1.0418
0.1674	1.1342
0.1689	1.1215
0.6581	1.0577
0.6385	1.0780
0.1676	1.1498
0.1690	1.1352
0.6579	1.0815
0.6373	1.0473
0.1676	1.1567
0.1690	1.1438
0.6558	1.0970
0.6363	1.0400
0.1678	1.2413
0.1691	1.1575
0.6566	1.1038
0.6360	1.0435
0.1677	1.2397
0.1691	1.1610
0.6532	1.1025
0.6367	1.0392
0.1680	1.2977
0.1691	1.1705
0.6540	1.0787
0.6360	1.0453
0.1679	1.2652
0.1691	1.1742
0.6540	1.0572
0.6342	1.0032
0.1679	1.2902
0.1693	1.1767
0.6511	1.0298
0.6317	1.0170
0.1681	1.2782
0.1694	1.1805
0.6496	1.0008
0.6306	0.9842
0.1682	1.3017
0.1695	1.1790
0.6446	0.9647
0.6285	0.9735
0.1685	1.2868
0.1697	1.1828
0.6423	0.9350
0.6282	1.0208
0.1687	1.2590
0.1697	1.1870
0.6383	0.9072
0.6235	1.0045
0.1690	1.2410
0.1700	1.1955
0.6351	0.8983
0.6233	1.0253
0.1692	1.2465
0.1700	1.2060
0.6316	0.8965
0.6206	1.0380
0.1694	1.2152
0.1703	1.2187
0.6269	0.9025
0.6202	1.0575
0.1698	1.2085
0.1703	1.2072
0.6274	0.9378
0.6228	1.0550
0.1697	1.2352
0.1701	1.1980
0.6266	0.9690
0.6192	1.0845
0.1698	1.2133
0.1704	1.1868
0.6229	0.9907
0.6176	1.0860
0.1701	1.1888
0.1705	1.1735
0.6238	1.0067
0.6165	1.0642
0.1700	1.1773
0.1706	1.1563
0.6201	1.0230
0.6169	1.0672
0.1703	1.1445
0.1705	1.1372
0.6187	1.0360
0.6171	1.0090
0.1704	1.1840
0.1705	1.1180
0.6190	1.0318
0.6157	1.0367
0.1704	1.1855
0.1706	1.0908
0.6195	1.0265
0.6166	1.0013
0.1703	1.1332
0.1706	1.0625
0.6183	1.0180
0.6136	0.9883
0.1704	1.1523
0.1708	1.0325
0.6175	1.0102
0.6148	0.9680
0.1705	1.1415
0.1707	1.0270
0.6160	0.9955
0.6145	0.9753
0.1706	1.1065
0.1707	1.0185
0.6148	0.9880
0.6151	1.0287
0.1707	1.1643
0.1707	1.0157
0.6147	0.9850
0.6129	1.0207
0.1707	1.1990
0.1708	1.0180
0.6135	0.9948
0.6132	1.0095
0.1708	1.2127
0.1708	1.0277
0.6102	0.9973
0.6125	1.0425
0.1711	1.2163
0.1709	1.0333
0.6103	1.0077
0.6138	1.0298
0.1710	1.2480
0.1708	1.0505
0.6058	1.0268
0.6167	1.0120
0.1714	1.2858
0.1706	1.0720
0.6035	1.0330
0.6168	1.0945
0.1716	1.3055
0.1705	1.0890
0.6021	1.0448
0.6122	1.1938
0.1717	1.3270
0.1709	1.1038
0.6012	1.0495
0.6155	1.1940
0.1718	1.3250
0.1706	1.1145
0.5983	1.0510
0.6129	1.1755
0.1720	1.3640
0.1708	1.1272
0.5958	1.0378
0.6106	1.1468
0.1722	1.3202
0.1710	1.1335
0.5948	1.0170
0.6133	1.1415
0.1723	1.2975
0.1708	1.1363
0.5929	1.0007
0.6200	1.2087
0.1725	1.2763
0.1703	1.1383
0.5904	0.9865
0.6185	1.1898
0.1727	1.2090
0.1704	1.1375
0.5879	0.9715
0.6175	1.0813
0.1729	1.1625
0.1705	1.1310
0.5857	0.9652
0.6177	1.1477
0.1731	1.1147
0.1705	1.1210
0.5838	0.9587
0.6172	1.0947
0.1733	1.1350
0.1705	1.1133
0.5827	0.9575
0.6176	1.0797
0.1733	1.1050
0.1705	1.1102
0.5855	0.9603
0.6195	1.0633
0.1731	1.0795
0.1703	1.1068
0.5849	0.9603
0.6092	1.2170
0.1732	1.0032
0.1711	1.1075
0.5854	0.9732
0.6126	1.1157
0.1731	0.9750
0.1709	1.1170
0.5826	0.9813
0.6119	1.0908
0.1734	0.9708
0.1709	1.1330
0.5828	0.9740
0.6177	1.0650
0.1733	0.9623
0.1705	1.1415
0.5822	0.9682
0.6152	1.0928
0.1734	1.0397
0.1707	1.1445
0.5849	0.9568
0.6259	1.1827
0.1732	1.0887
0.1699	1.1458
0.5856	0.9355
0.6176	1.1580
0.1731	1.0573
0.1705	1.1557
0.5845	0.9358
0.6140	1.1635
0.1732	1.0728
0.1708	1.1557
0.5835	0.9215
0.6118	1.1135
0.1733	1.0747
0.1709	1.1495
0.5807	0.9150
0.6156	1.1835
0.1735	1.0068
0.1706	1.1427
0.5760	0.9237
0.6120	1.0535
0.1739	1.0905
0.1709	1.1340
0.5772	0.9308
0.6127	1.1738
0.1738	1.0143
0.1709	1.1375
0.5734	0.9563
0.6125	1.2115
0.1742	1.1085
0.1709	1.0938
0.5725	0.9885
0.6150	1.2288
0.1743	1.1080
0.1707	1.0695
0.5760	1.0248
0.6183	1.1823
0.1739	0.9960
0.1704	1.0545
0.5737	1.0700
0.6197	1.2338
0.1742	1.0070
0.1703	1.0565
0.5799	1.1068
0.6203	1.2227
0.1736	1.0522
0.1703	1.0338
0.5743	1.1162
0.6230	1.2237
0.1741	1.0167
0.1701	1.0265
0.5755	1.1245
0.6239	1.2077
0.1740	1.0385
0.1700	1.0272
0.5826	1.1203
0.6254	1.1677
0.1734	1.0982
0.1699	1.0328
0.5802	1.1033
0.6255	1.1442
0.1736	1.1223
0.1699	1.0237
0.5808	1.0800
0.6273	1.1328
0.1735	1.2105
0.1698	0.9917
0.5800	1.0543
0.6277	1.1350
0.1736	1.0732
0.1697	1.0555
0.5782	1.0305
0.6289	1.1275
0.1737	1.0323
0.1696	1.0933
0.5775	1.0135
0.6288	1.1462
0.1738	1.1983
0.1696	1.1362
0.5725	0.9952
0.6291	1.1450
0.1743	1.1280
0.1696	1.1618
0.5713	0.9872
0.6314	1.1490
0.1744	1.1005
0.1695	1.2050
0.5730	1.0035
0.6292	1.1623
0.1742	1.1215
0.1696	1.2450
0.5754	1.0232
0.6266	1.1747
0.1740	1.1000
0.1698	1.2905
0.5703	1.0580
0.6262	1.1510
0.1745	1.0740
0.1698	1.3253
0.5714	1.0842
0.6242	1.2047
0.1744	1.0120
0.1700	1.3643
0.5733	1.1197
0.6229	1.1718
0.1742	1.0458
0.1701	1.4253
0.5722	1.1477
0.6212	1.1645
0.1743	1.0475
0.1702	1.4443
0.5731	1.1590
0.6199	1.1718
0.1742	1.0865
0.1703	1.4823
0.5764	1.1667
0.6153	1.1118
0.1739	1.0122
0.1707	1.5193
0.5772	1.1655
0.6167	1.1280
0.1738	1.0892
0.1705	1.5455
0.5762	1.1625
0.6118	1.1268
0.1739	1.1083
0.1709	1.5793
0.5797	1.1518
0.6078	1.0760
0.1736	1.0927
0.1712	1.6063
0.5802	1.1555
0.6032	1.0353
0.1736	1.0720
0.1716	1.6240
0.5806	1.1573
0.5958	1.1065
0.1735	1.0775
0.1722	1.6412
0.5764	1.1743
0.5933	1.0462
0.1739	1.0905
0.1724	1.6545
0.5769	1.1902
0.5897	1.0892
0.1739	1.0795
0.1727	1.6528
0.5761	1.2193
0.5828	1.0965
0.1739	1.1310
0.1733	1.6340
0.5787	1.2565
0.5777	1.0918
0.1737	1.1325
0.1738	1.6082
0.5818	1.2915
0.5773	1.1457
0.1734	1.1455
0.1738	1.5737
0.5829	1.3267
0.5737	1.1167
0.1733	1.0635
0.1742	1.5465
0.5836	1.3560
0.5723	1.1035
0.1733	1.0720
0.1743	1.5272
0.5857	1.3708
0.5705	1.1410
0.1731	1.1795
0.1745	1.5090
0.5887	1.3725
0.5678	1.1213
0.1728	1.1762
0.1747	1.5120
0.5906	1.3635
0.5669	1.1077
0.1727	1.2547
0.1748	1.5318
0.5945	1.3485
0.5645	1.1310
0.1723	1.2698
0.1750	1.5633
0.5964	1.3338
0.5616	1.1512
0.1722	1.2522
0.1753	1.5842
0.5891	1.3130
0.5589	1.1295
0.1728	1.2460
0.1756	1.6105
0.5921	1.2952
0.5528	1.0683
0.1725	1.3342
0.1762	1.6297
0.5892	1.2738
0.5504	1.1370
0.1728	1.2945
0.1764	1.6538
0.5883	1.2565
0.5466	1.1558
0.1729	1.3700
0.1768	1.6675
0.5892	1.2545
0.5453	1.1698
0.1728	1.3190
0.1770	1.6690
0.5903	1.2640
0.5409	1.1822
0.1727	1.2910
0.1774	1.6690
0.5860	1.2882
0.5337	1.1790
0.1731	1.3967
0.1782	1.6500
0.5891	1.3092
0.5355	1.2160
0.1728	1.3470
0.1780	1.6193
0.5866	1.3272
0.5337	1.2262
0.1730	1.3837
0.1782	1.5925
0.5918	1.3333
0.5318	1.1912
0.1726	1.4388
0.1784	1.5725
0.5872	1.3290
0.5300	1.2210
0.1729	1.5492
0.1786	1.5462
0.5846	1.3123
0.5254	1.2725
0.1732	1.5160
0.1792	1.5315
