#rho	velocity
0.2546	1.4042
0.2504	1.2128
0.2811	1.3163
0.2864	1.9310
0.2547	1.4005
0.2483	1.2150
0.2810	1.3167
0.2892	1.9148
0.2546	1.3982
0.2473	1.2105
0.2811	1.3140
0.2905	1.8790
0.2548	1.4003
0.2463	1.2120
0.2809	1.3152
0.2920	1.8622
0.2549	1.4135
0.2456	1.1655
0.2808	1.3275
0.2930	1.8135
0.2551	1.4248
0.2446	1.1072
0.2805	1.3335
0.2944	1.7385
0.2553	1.4348
0.2439	1.1392
0.2803	1.3340
0.2954	1.6205
0.2555	1.4400
0.2439	1.1535
0.2800	1.3312
0.2954	1.6493
0.2557	1.4300
0.2431	1.1478
0.2798	1.3390
0.2967	1.6053
0.2557	1.4142
0.2428	1.2145
0.2797	1.3385
0.2971	1.6807
0.2558	1.3943
0.2428	1.2930
0.2797	1.3338
0.2971	1.6620
0.2560	1.3705
0.2425	1.2990
0.2795	1.3222
0.2975	1.6978
0.2560	1.3493
0.2414	1.2982
0.2794	1.3063
0.2992	1.7087
0.2560	1.3365
0.2408	1.2748
0.2795	1.2915
0.3000	1.6688
0.2559	1.3217
0.2401	1.3135
0.2796	1.2785
0.3012	1.6927
0.2559	1.3132
0.2403	1.1912
0.2796	1.2650
0.3009	1.7380
0.2559	1.3030
0.2393	1.1730
0.2795	1.2732
0.3025	1.7152
0.2561	1.3035
0.2391	1.2750
0.2793	1.2840
0.3028	1.6365
0.2563	1.3060
0.2385	1.1953
0.2791	1.3100
0.3038	1.6047
0.2563	1.3283
0.2384	1.3108
0.2791	1.3495
0.3039	1.5750
0.2564	1.3442
0.2365	1.3738
0.2789	1.4012
0.3071	1.5742
0.2564	1.3410
0.2363	1.4285
0.2790	1.4633
0.3075	1.5373
0.2563	1.3477
0.2373	1.4705
0.2791	1.5295
0.3058	1.5777
0.2559	1.3443
0.2362	1.5375
0.2795	1.5865
0.3076	1.5753
0.2556	1.3462
0.2371	1.5202
0.2799	1.6245
0.3061	1.5938
0.2551	1.3400
0.2380	1.7495
0.2805	1.6465
0.3046	1.5875
0.2543	1.3385
0.2380	1.7205
0.2814	1.6575
0.3045	1.5920
0.2537	1.3495
0.2379	1.6150
0.2822	1.6787
0.3048	1.5473
0.2531	1.3653
0.2381	1.6100
0.2829	1.7085
0.3045	1.5430
0.2527	1.3758
0.2376	1.5540
0.2835	1.7470
0.3053	1.4985
0.2524	1.3915
0.2383	1.4867
0.2838	1.8018
0.3041	1.4700
0.2522	1.4248
0.2377	1.4385
0.2841	1.8593
0.3050	1.4498
0.2520	1.4350
0.2380	1.3950
0.2843	1.9183
0.3045	1.4070
0.2515	1.4392
0.2369	1.4098
0.2850	1.9762
0.3063	1.3932
0.2508	1.4382
0.2377	1.4787
0.2859	2.0483
0.3051	1.3902
0.2499	1.4263
0.2382	1.4507
0.2871	2.1272
0.3043	1.4167
0.2488	1.4078
0.2379	1.5148
0.2885	2.1905
0.3047	1.4087
0.2477	1.3940
0.2377	1.5352
0.2901	2.2418
0.3050	1.4385
0.2464	1.3722
0.2383	1.6335
0.2918	2.2425
0.3042	1.4307
0.2451	1.3425
0.2386	1.5783
0.2936	2.2165
0.3037	1.4290
0.3034	1.4178
0.2438	1.3218
0.2387	1.5643
0.2955	2.1482
0.3031	1.3790
0.2427	1.3075
0.2389	1.5475
0.2973	2.0735
0.3027	1.3645
0.2417	1.2975
0.2391	1.5665
0.2988	2.0098
0.3026	1.2935
0.2410	1.2915
0.2392	1.5420
0.2999	1.9532
0.3023	1.2673
0.2403	1.2855
0.2394	1.5123
0.3009	1.9150
0.3016	1.2095
0.2400	1.2987
0.2398	1.5055
0.3014	1.8920
0.3016	1.1847
0.2397	1.3110
0.2398	1.4698
0.3018	1.9067
0.3013	1.1830
0.2392	1.3025
0.2401	1.4380
0.3026	1.9112
0.2996	1.1815
0.2386	1.2893
0.2411	1.4423
0.3035	1.9395
0.2992	1.2055
0.2378	1.2818
0.2414	1.4728
0.3049	1.9638
0.2981	1.2390
0.2370	1.2560
0.2421	1.4577
0.3063	1.9985
0.2979	1.2725
0.2358	1.2095
0.2422	1.4400
0.3082	2.0275
0.2981	1.2883
0.2348	1.1893
0.2421	1.4478
0.3100	2.0230
0.2979	1.3510
0.2336	1.1803
0.2423	1.3695
0.3120	2.0182
0.2975	1.3735
0.2327	1.1813
0.2425	1.3477
0.3138	1.9910
0.2977	1.4117
0.2317	1.1935
0.2424	1.3083
0.3155	1.9693
0.2986	1.3810
0.2306	1.2008
0.2418	1.3007
0.3175	1.9295
0.2984	1.3903
0.2301	1.2170
0.2419	1.3072
0.3187	1.9132
0.2993	1.3740
0.2295	1.2440
0.2413	1.2802
0.3198	1.9083
0.2997	1.3450
0.2290	1.2582
0.2411	1.2510
0.3207	1.9080
0.2999	1.3287
0.2286	1.2765
0.2409	1.2668
0.3216	1.8987
0.2994	1.3262
0.2280	1.2955
0.2413	1.3442
0.3227	1.8850
0.2996	1.3268
0.2273	1.2895
0.2411	1.3355
0.3240	1.9003
0.2995	1.3260
0.2266	1.2712
0.2412	1.3798
0.3255	1.9128
0.2992	1.3260
0.2258	1.2535
0.2414	1.3860
0.3271	1.9085
0.2988	1.3243
0.2252	1.2205
0.2417	1.3627
0.3284	1.9002
0.2983	1.3758
0.2245	1.2162
0.2420	1.3687
0.3299	1.8763
0.2982	1.3845
0.2238	1.2077
0.2420	1.3518
0.3316	1.8302
0.2983	1.3767
0.2229	1.2030
0.2420	1.3675
0.3335	1.7935
0.2986	1.3815
0.2223	1.2160
0.2418	1.3530
0.3348	1.7625
0.2993	1.3648
0.2217	1.2312
0.2414	1.3118
0.3363	1.7425
0.2995	1.3080
0.2213	1.2643
0.2412	1.2482
0.3370	1.7467
0.3002	1.2910
0.2211	1.3025
0.2407	1.2538
0.3376	1.7477
0.2997	1.2612
0.2207	1.3267
0.2411	1.2595
0.3385	1.7410
0.2997	1.2443
0.2204	1.3415
0.2411	1.2582
0.3392	1.7495
0.2997	1.2280
0.2202	1.3573
0.2410	1.3065
0.3398	1.7450
0.2994	1.2107
0.2198	1.3445
0.2413	1.3260
0.3407	1.7492
0.2989	1.1980
0.2194	1.3335
0.2416	1.3545
0.3416	1.7470
0.2984	1.2258
0.2189	1.2080
0.2419	1.3600
0.3430	1.7302
0.2984	1.2412
0.2184	1.3600
0.2419	1.3648
0.3442	1.7065
0.2979	1.2620
0.2179	1.3590
0.2423	1.3805
0.3453	1.6920
0.2974	1.3212
0.2174	1.3587
0.2425	1.3888
0.3465	1.6565
0.2974	1.3422
0.2171	1.3628
0.2426	1.3542
0.3473	1.6082
0.2973	1.3665
0.2157	1.3935
0.2426	1.3405
0.3510	1.5638
0.2975	1.3498
0.2171	1.4120
0.2425	1.3328
0.3474	1.5112
0.2976	1.3440
0.2170	1.4430
0.2424	1.3092
0.3477	1.4628
0.2982	1.3440
0.2169	1.4763
0.2421	1.2853
0.3478	1.4020
0.2987	1.3208
0.2171	1.5017
0.2417	1.2660
0.3475	1.3635
0.2988	1.2977
0.2172	1.6320
0.2416	1.2792
0.3470	1.3220
0.2987	1.2920
0.2174	1.4762
0.2417	1.2737
0.3466	1.2942
0.3457	1.2663
0.2985	1.2892
0.2177	1.4645
0.2419	1.2775
0.3447	1.2387
0.2985	1.2580
0.2181	1.4375
0.2419	1.2738
0.3440	1.2228
0.2984	1.2635
0.2184	1.4065
0.2419	1.2733
0.3435	1.2168
0.2977	1.2477
0.2186	1.3810
0.2424	1.2553
0.3431	1.2155
0.2978	1.2865
0.2188	1.3655
0.2423	1.2582
0.3430	1.2235
0.2978	1.3015
0.2189	1.3240
0.2423	1.2630
0.3430	1.2415
0.2979	1.3085
0.2188	1.2895
0.2423	1.2938
0.3431	1.2492
0.2985	1.3157
0.2188	1.2705
0.2418	1.3262
0.3431	1.2602
0.2987	1.3103
0.2188	1.2648
0.2417	1.3225
0.3430	1.2597
0.2992	1.2793
0.2188	1.2720
0.2414	1.3528
0.3434	1.2612
0.2992	1.2365
0.2187	1.2915
0.2414	1.4292
0.3436	1.2607
0.2987	1.2320
0.2186	1.3365
0.2417	1.4962
0.3435	1.2660
0.2982	1.1980
0.2186	1.3925
0.2421	1.5915
0.3434	1.2505
0.2974	1.1945
0.2187	1.4312
0.2425	1.6357
0.3428	1.2510
0.2965	1.2000
0.2189	1.4867
0.2432	1.6772
0.3423	1.2470
0.2944	1.2085
0.2191	1.5450
0.2446	1.6955
0.3413	1.2530
0.2933	1.2100
0.2196	1.5945
0.2454	1.7180
0.3401	1.2607
0.2917	1.2287
0.2200	1.6237
0.2465	1.6922
0.3389	1.2590
0.2910	1.2770
0.2205	1.6415
0.2470	1.6620
0.3375	1.2695
0.2909	1.3202
0.2211	1.6528
0.2471	1.6703
0.3365	1.2735
0.2907	1.3553
0.2216	1.6540
0.2472	1.5968
0.3357	1.2845
0.2899	1.3625
0.2219	1.6502
0.2478	1.5800
0.3352	1.2825
0.2902	1.3535
0.2222	1.6273
0.2476	1.5377
0.3346	1.3028
0.2908	1.3610
0.2224	1.6162
0.2472	1.5993
0.3340	1.2988
0.2905	1.3043
0.2227	1.5568
0.2474	1.6485
0.3336	1.2975
0.2903	1.2640
0.2229	1.5090
0.2475	1.6815
0.3330	1.2865
0.2896	1.2548
0.2231	1.4572
0.2480	1.6698
0.3323	1.2838
0.2886	1.2220
0.2234	1.4213
0.2488	1.7660
0.3319	1.2915
0.2870	1.2030
0.2236	1.3890
0.2499	1.8230
0.3318	1.2878
0.2851	1.1712
0.2237	1.3495
0.2514	1.8322
0.3317	1.2885
0.2838	1.1775
0.2237	1.3182
0.2524	1.8412
0.3319	1.2905
0.2831	1.2150
0.2236	1.2765
0.2530	1.8390
0.3321	1.2880
0.2813	1.2438
0.2235	1.2510
0.2545	1.8602
0.3324	1.2827
0.2807	1.2395
0.2234	1.2203
0.2550	1.8312
0.3326	1.2848
0.2797	1.2753
0.2233	1.2268
0.2557	1.8125
0.3329	1.2910
0.2795	1.2843
0.2232	1.2297
0.2559	1.8318
0.3333	1.2883
0.2795	1.2880
0.2230	1.3400
0.2560	1.8525
0.3332	1.2810
0.2787	1.2563
0.2230	1.3643
0.2567	1.8420
0.3332	1.2688
0.2776	1.2445
0.2230	1.3870
0.2575	1.8840
0.3331	1.2663
0.2767	1.1930
0.2231	1.4147
0.2584	1.9022
0.3331	1.2588
0.2752	1.1890
0.2231	1.4415
0.2596	1.9287
0.3308	1.2470
0.2744	1.1458
0.2241	1.4708
0.2604	1.9735
0.3303	1.2502
0.2723	1.1305
0.2244	1.4870
0.2623	1.9563
0.3298	1.2510
0.2709	1.1575
0.2246	1.5020
0.2636	1.9507
0.3294	1.2657
0.2691	1.1635
0.2248	1.5108
0.2654	1.9025
0.3289	1.2700
0.2684	1.1792
0.2250	1.5175
0.2660	1.8715
0.3284	1.2900
0.2671	1.2078
0.2252	1.4318
0.2673	1.8615
0.3280	1.3060
0.2664	1.2587
0.2254	1.4240
0.2680	1.8532
0.3278	1.3292
0.2659	1.2847
0.2255	1.4140
0.2685	1.8173
0.3277	1.3402
0.2658	1.3475
0.2256	1.4043
0.2686	1.8765
0.3277	1.3512
0.2651	1.3572
0.2256	1.3957
0.2693	1.8815
0.3277	1.3680
0.2649	1.3630
0.2256	1.3902
0.2696	1.8740
0.3277	1.3708
0.2638	1.3733
0.2255	1.3782
0.2707	1.9497
0.3280	1.3690
0.2633	1.3572
0.2254	1.3652
0.2712	1.9098
0.3280	1.3592
0.2616	1.3437
0.2254	1.3567
0.2730	1.9287
0.3279	1.3467
0.2611	1.3125
0.2254	1.3492
0.2736	1.9180
0.3279	1.3327
0.2600	1.2760
0.2255	1.3375
0.2748	1.8820
0.3278	1.3185
0.2585	1.2738
0.2255	1.3260
0.2766	1.8470
0.3278	1.3008
0.2583	1.2350
0.2255	1.3122
0.2767	1.8285
0.3278	1.2918
0.2578	1.2587
0.2255	1.2948
0.2773	1.7618
0.3276	1.2865
0.2569	1.2767
0.2256	1.2860
0.2784	1.7792
0.3276	1.2662
0.2566	1.2850
0.2256	1.2597
0.2787	1.7648
0.3276	1.2567
0.2560	1.3172
0.2256	1.2455
0.2794	1.6890
0.3277	1.2413
0.2553	1.2945
0.2255	1.2413
0.2802	1.7347
0.3279	1.2252
0.2549	1.3105
0.2254	1.2407
0.2807	1.7305
0.3280	1.2192
0.2544	1.3110
0.2254	1.2407
0.2813	1.6865
0.3280	1.1978
0.2537	1.3205
0.2254	1.2500
0.2822	1.6718
0.3281	1.1918
0.2536	1.2922
0.2254	1.2915
0.2824	1.6133
0.3278	1.1830
0.2526	1.2790
0.2255	1.3463
0.2836	1.5705
0.3274	1.1707
0.2523	1.2640
0.2257	1.4055
0.2839	1.5225
0.3272	1.1665
0.2520	1.2178
0.2258	1.4530
0.2843	1.4663
0.3265	1.1815
0.2521	1.2385
0.2261	1.5092
0.2843	1.4447
0.3254	1.1997
0.2519	1.2240
0.2266	1.5585
0.2845	1.4502
0.3243	1.2208
0.2516	1.2332
0.2272	1.5955
0.2849	1.4300
0.3230	1.2425
0.2516	1.2555
0.2279	1.6230
0.2849	1.4793
0.3219	1.2605
0.2512	1.2825
0.2284	1.6627
0.2853	1.5465
0.3211	1.2772
0.2511	1.3210
0.2288	1.6985
0.2856	1.6057
0.3205	1.2845
0.2507	1.3787
0.2291	1.7188
0.2860	1.6688
0.3200	1.2825
0.2501	1.4210
0.2294	1.7287
0.2868	1.6927
0.3195	1.2840
0.2495	1.4148
0.2296	1.7437
0.2876	1.6770
0.3188	1.2820
0.2487	1.4390
0.2300	1.7620
0.2886	1.6148
0.3177	1.2830
0.2485	1.4240
0.2305	1.7910
0.2889	1.5740
0.3165	1.2645
0.2483	1.4162
0.2312	1.8175
0.2893	1.5175
0.3151	1.2543
0.2482	1.4243
0.2319	1.8380
0.2893	1.4690
0.2892	1.3608
0.3137	1.2515
0.2483	1.3573
0.2327	1.8522
0.2882	1.2990
0.3123	1.2433
0.2490	1.3662
0.2335	1.8428
0.2880	1.2403
0.3110	1.2520
0.2492	1.3102
0.2342	1.8358
0.2877	1.2075
0.3096	1.2638
0.2494	1.2968
0.2350	1.7972
0.2876	1.1888
0.3084	1.2765
0.2495	1.2847
0.2357	1.7667
0.2877	1.2040
0.3077	1.2930
0.2495	1.3072
0.2361	1.7405
0.2875	1.2792
0.3071	1.2952
0.2496	1.3088
0.2365	1.7250
0.2878	1.2535
0.3064	1.2822
0.2494	1.3190
0.2369	1.7238
0.2878	1.2568
0.3062	1.2710
0.2494	1.3088
0.2370	1.7368
0.2877	1.2392
0.3057	1.2662
0.2494	1.3038
0.2373	1.7765
0.2875	1.2355
0.3051	1.2377
0.2496	1.3200
0.2377	1.8197
0.2877	1.2383
0.3041	1.2202
0.2494	1.3072
0.2383	1.8788
0.2869	1.2200
0.3027	1.2177
0.2500	1.3020
0.2392	1.9160
0.2868	1.2022
0.3009	1.2022
0.2501	1.2760
0.2403	1.9700
0.2865	1.2190
0.2990	1.2067
0.2503	1.2430
0.2415	2.0060
0.2863	1.1857
0.2970	1.2065
0.2505	1.2270
0.2428	2.0277
0.2864	1.2120
0.2951	1.1878
0.2504	1.2040
0.2441	2.0385
0.2864	1.2660
0.2938	1.2480
0.2504	1.1670
0.2450	2.0225
0.2866	1.3207
0.2924	1.2665
0.2503	1.1793
0.2460	2.0130
0.2873	1.3597
0.2915	1.2575
0.2497	1.2072
0.2467	1.9862
0.2868	1.3870
0.2905	1.2715
0.2501	1.2103
0.2473	1.9747
0.2879	1.3452
0.2891	1.5140
0.2493	1.2608
0.2484	1.9560
0.2886	1.3640
0.2891	1.4833
0.2488	1.2757
0.2484	1.9610
0.2892	1.3458
0.2879	1.4640
0.2483	1.3200
0.2492	1.9577
0.2890	1.3355
0.2865	1.4275
0.2484	1.3575
0.2503	1.9660
0.2892	1.3812
0.2851	1.3928
0.2483	1.3640
0.2514	1.9733
0.2878	1.2983
0.2876	1.3872
0.2494	1.3590
0.2495	1.9733
0.2879	1.3083
0.2858	1.3088
0.2493	1.3862
0.2509	1.9783
0.2870	1.2987
0.2842	1.2918
0.2500	1.3545
0.2521	1.9615
0.2870	1.3113
0.2826	1.3118
0.2500	1.3367
0.2534	1.9457
0.2871	1.3270
0.2810	1.3270
0.2499	1.3157
0.2547	1.9255
0.2869	1.4028
0.2797	1.1195
0.2501	1.2785
0.2558	1.9105
0.2873	1.4100
0.2783	1.1567
0.2497	1.2935
0.2569	1.8858
0.2882	1.4445
0.2773	1.1900
0.2490	1.2845
0.2579	1.8770
0.2886	1.4198
0.2765	1.2283
0.2487	1.2793
0.2585	1.8593
0.2894	1.3677
0.2757	1.2607
0.2482	1.2533
0.2592	1.8417
0.2899	1.3727
0.2751	1.2840
0.2478	1.2792
0.2597	1.8225
0.2898	1.3277
0.2743	1.2980
0.2479	1.2860
0.2604	1.7950
0.2897	1.3078
0.2735	1.3127
0.2480	1.3005
0.2612	1.7732
0.2893	1.2857
0.2729	1.3117
0.2482	1.2575
0.2618	1.7473
0.2890	1.2310
0.2722	1.3128
0.2485	1.3215
0.2624	1.7117
0.2884	1.2083
0.2715	1.2997
0.2489	1.3187
0.2631	1.6735
0.2880	1.2138
0.2708	1.3058
0.2492	1.2532
0.2637	1.6450
0.2884	1.2195
0.2703	1.3173
0.2489	1.2393
0.2641	1.6143
0.2891	1.2467
0.2700	1.3312
0.2484	1.1682
0.2645	1.5922
0.2879	1.3150
0.2698	1.3543
0.2493	1.1950
0.2647	1.5680
0.2880	1.3415
0.2696	1.3865
0.2492	1.2080
0.2649	1.5455
0.2892	1.3670
0.2693	1.4263
0.2483	1.1555
0.2651	1.5242
0.2893	1.3495
0.2692	1.4458
0.2482	1.1658
0.2653	1.4898
0.2906	1.3423
0.2690	1.4482
0.2473	1.2235
0.2654	1.4538
0.2910	1.3612
0.2690	1.4472
0.2470	1.2215
0.2654	1.4233
0.2906	1.3615
0.2692	1.4360
0.2473	1.2023
0.2653	1.3888
0.2915	1.3692
0.2694	1.4170
0.2466	1.3092
0.2650	1.3470
0.2915	1.3525
0.2697	1.3885
0.2467	1.3548
0.2647	1.2940
0.2911	1.3692
0.2699	1.3542
0.2469	1.4457
0.2645	1.2518
0.2902	1.3475
0.2701	1.3112
0.2476	1.4665
0.2644	1.2225
0.2907	1.4195
0.2702	1.2743
0.2472	1.4807
0.2642	1.2053
0.2902	1.3717
0.2703	1.2275
0.2476	1.5605
0.2641	1.2040
0.2893	1.4338
0.2705	1.1925
0.2482	1.5750
0.2640	1.2205
0.2893	1.4438
0.2705	1.1778
0.2482	1.5885
0.2640	1.2318
0.2890	1.4240
0.2703	1.1657
0.2485	1.5367
0.2642	1.2343
0.2896	1.3840
0.2702	1.1708
0.2480	1.5805
0.2643	1.2490
0.2884	1.3313
0.2698	1.1817
0.2489	1.4963
0.2647	1.2583
0.2651	1.2707
0.2891	1.3220
0.2693	1.1975
0.2484	1.4860
0.2653	1.2668
0.2887	1.2943
0.2691	1.2343
0.2487	1.4690
0.2653	1.2557
0.2883	1.2698
0.2691	1.2607
0.2490	1.5107
0.2653	1.2433
0.2874	1.1878
0.2691	1.2695
0.2497	1.5170
0.2652	1.2225
0.2874	1.2600
0.2692	1.2850
0.2496	1.5643
0.2650	1.2030
0.2866	1.2265
0.2695	1.2963
0.2503	1.6685
0.2644	1.2027
0.2865	1.2662
0.2700	1.3010
0.2504	1.6833
0.2641	1.2183
0.2850	1.3235
0.2704	1.2997
0.2515	1.7883
0.2639	1.2357
0.2842	1.3513
0.2705	1.5323
0.2521	1.8175
0.2638	1.2580
0.2834	1.3905
0.2707	1.5278
0.2528	1.9555
0.2638	1.2078
0.2819	1.3347
0.2707	1.4520
0.2540	1.8623
0.2639	1.1630
0.2819	1.2625
0.2706	1.3625
0.2540	1.8275
0.2642	1.1525
0.2808	1.2093
0.2703	1.3247
0.2549	1.7725
0.2612	1.1392
0.2799	1.1585
0.2735	1.2978
0.2556	1.7565
0.2615	1.1182
0.2784	1.0590
0.2732	1.2785
0.2569	1.7207
0.2616	1.0938
0.2782	0.9737
0.2731	1.2648
0.2571	1.6553
0.2617	1.0907
0.2775	0.8802
0.2730	1.2787
0.2577	1.7305
0.2617	1.0773
0.2762	0.8720
0.2729	1.2875
0.2588	1.7750
0.2617	1.0557
0.2748	0.8867
0.2729	1.0455
0.2600	1.8452
0.2616	1.0315
0.2731	0.8665
0.2730	1.0420
0.2615	1.8795
0.2615	1.0905
0.2714	0.9673
0.2732	1.1017
0.2631	2.0337
0.2613	1.1498
0.2690	1.0357
0.2733	1.1517
0.2654	2.1688
0.2613	1.1825
0.2672	1.1385
0.2734	1.1662
0.2672	2.2245
0.2614	1.2172
0.2656	1.2228
0.2733	1.1765
0.2688	2.2760
0.2613	1.2592
0.2635	1.3270
0.2734	1.1828
0.2710	2.2930
0.2614	1.3025
0.2626	1.3770
0.2732	1.1888
0.2720	2.2835
0.2616	1.3202
0.2611	1.4155
0.2730	1.1677
0.2736	2.2072
0.2619	1.3382
0.2605	1.3670
0.2727	1.1605
0.2742	2.0858
0.2623	1.3455
0.2598	1.3165
0.2723	1.1655
0.2750	2.0705
0.2627	1.3477
0.2595	1.3402
0.2719	1.1712
0.2754	1.9693
0.2630	1.3500
0.2587	1.3430
0.2715	1.1782
0.2763	1.9395
0.2634	1.3477
0.2580	1.3535
0.2711	1.1928
0.2771	1.9093
0.2637	1.3337
0.2574	1.2017
0.2708	1.2043
0.2778	1.9298
0.2638	1.3150
0.2554	1.3275
0.2707	1.2197
0.2801	1.8617
0.2637	1.2970
0.2551	1.3460
0.2707	1.2295
0.2806	1.8677
0.2638	1.2825
0.2546	1.4050
0.2707	1.2312
0.2811	1.8843
0.2638	1.2667
0.2537	1.4245
0.2707	1.2300
0.2822	1.8890
0.2637	1.2570
0.2510	1.5115
0.2708	1.2130
0.2856	1.9057
0.2636	1.2608
0.2528	1.3930
0.2709	1.1955
0.2834	1.7833
0.2636	1.2713
0.2526	1.4973
0.2709	1.1713
0.2836	1.7400
0.2637	1.2782
0.2525	1.4515
0.2707	1.1590
0.2838	1.7497
0.2639	1.2877
0.2519	1.3662
0.2705	1.1723
0.2844	1.7512
0.2643	1.2945
0.2522	1.5550
0.2701	1.2213
0.2840	1.6880
0.2647	1.3043
0.2504	1.3885
0.2697	1.2840
0.2864	1.7237
0.2651	1.3093
0.2519	1.3647
0.2693	1.3563
0.2844	1.6925
0.2655	1.3060
0.2508	1.3872
0.2689	1.4350
0.2859	1.6628
0.2654	1.2972
0.2488	1.3960
0.2690	1.4982
0.2885	1.6387
0.2647	1.2957
0.2494	1.4118
0.2697	1.5552
0.2878	1.6395
0.2639	1.2872
0.2486	1.5867
0.2706	1.6110
0.2888	1.6550
0.2629	1.2872
0.2485	1.4657
0.2716	1.6550
0.2889	1.6812
0.2620	1.2795
0.2490	1.4980
0.2727	1.6760
0.2883	1.5943
0.2612	1.2893
0.2489	1.6657
0.2735	1.9893
0.2884	1.4803
0.2608	1.2995
0.2494	1.6063
0.2740	1.9588
0.2878	1.4607
0.2603	1.3167
0.2496	1.6440
0.2745	1.9100
0.2875	1.4275
0.2601	1.3343
0.2492	1.6290
0.2747	1.8617
0.2880	1.3933
0.2600	1.3500
0.2496	1.5098
0.2748	1.8227
0.2875	1.3813
0.2559	1.3633
0.2512	1.4510
0.2796	1.8125
0.2854	1.3595
0.2558	1.3588
0.2512	1.4035
0.2797	1.8460
0.2854	1.3847
0.2559	1.3565
0.2513	1.4363
0.2796	1.9045
0.2853	1.3935
0.2558	1.3428
0.2514	1.4573
0.2796	1.9907
0.2851	1.3768
0.2556	1.3285
0.2506	1.4720
0.2799	2.1055
0.2862	1.3910
0.2552	1.3002
0.2500	1.4275
0.2804	1.8985
0.2869	1.4270
0.2543	1.2820
0.2496	1.4725
0.2815	1.9850
0.2875	1.3695
0.2531	1.2613
0.2501	1.5003
0.2830	2.0708
0.2868	1.3210
0.2516	1.2500
0.2502	1.5315
0.2849	2.1365
0.2866	1.2830
0.2499	1.2487
0.2506	1.5950
0.2871	2.1880
0.2862	1.2382
0.2483	1.2552
0.2512	1.6428
0.2892	2.2123
0.2854	1.2313
0.2469	1.2672
0.2525	1.6405
0.2911	2.2195
0.2837	1.1505
0.2457	1.2803
0.2536	1.5960
0.2928	2.2035
0.2824	1.1248
0.2447	1.2922
0.2546	1.5918
0.2942	2.2013
0.2811	1.1400
0.2439	1.2995
0.2552	1.5480
0.2954	2.2132
0.2804	1.1453
0.2803	1.1638
0.2433	1.2953
0.2553	1.5450
0.2963	2.2207
0.2796	1.2158
0.2425	1.2822
0.2559	1.4768
0.2974	2.2430
0.2793	1.2405
0.2418	1.2522
0.2561	1.4095
0.2986	2.2492
0.2794	1.2820
0.2406	1.2230
0.2560	1.3580
0.3004	2.2598
0.2797	1.3080
0.2390	1.1765
0.2558	1.3417
0.3030	2.2660
0.2794	1.3080
0.2374	1.1433
0.2561	1.3447
0.3056	2.2718
0.2796	1.3455
0.2357	1.1240
0.2559	1.3595
0.3084	2.2495
0.2797	1.3355
0.2342	1.1133
0.2558	1.3672
0.3110	2.2060
0.2799	1.3087
0.2329	1.1080
0.2556	1.3262
0.3133	2.1372
0.2799	1.2970
0.2316	1.1177
0.2556	1.3187
0.3157	2.0332
0.2797	1.3122
0.2306	1.1293
0.2558	1.2695
0.3176	1.9283
0.2794	1.3240
0.2300	1.1480
0.2561	1.2987
0.3188	1.8370
0.2788	1.3607
0.2296	1.1795
0.2566	1.2965
0.3195	1.7688
0.2791	1.3655
0.2292	1.1937
0.2562	1.3012
0.3202	1.7232
0.2794	1.3895
0.2290	1.2138
0.2560	1.3157
0.3207	1.6863
0.2800	1.4225
0.2287	1.2185
0.2555	1.3030
0.3213	1.6700
0.2800	1.4352
0.2283	1.2105
0.2555	1.3003
0.3220	1.6653
0.2807	1.4712
0.2279	1.1990
0.2549	1.3155
0.3228	1.6658
0.2809	1.4845
0.2273	1.1850
0.2548	1.3497
0.3241	1.6565
0.2811	1.4937
0.2266	1.1733
0.2546	1.3873
0.3254	1.6468
0.2816	1.3962
0.2259	1.1800
0.2542	1.3910
0.3269	1.6542
0.2815	1.3785
0.2253	1.1887
0.2543	1.3715
0.3283	1.6365
0.2812	1.3570
0.2248	1.2035
0.2545	1.4018
0.3293	1.6270
0.2812	1.3182
0.2244	1.2303
0.2545	1.3888
0.3302	1.6155
0.2810	1.3107
0.2241	1.2658
0.2547	1.3475
0.3308	1.6040
0.2801	1.2795
0.2238	1.2957
0.2554	1.3607
0.3314	1.5830
0.2801	1.2548
0.2237	1.3235
0.2554	1.3455
0.3316	1.5735
0.2800	1.2492
0.2236	1.3350
0.2555	1.3000
0.3319	1.5727
0.2798	1.2797
0.2234	1.3460
0.2557	1.3005
0.3324	1.5775
0.2805	1.2858
0.2232	1.3372
0.2551	1.2825
0.3328	1.5777
0.2803	1.3993
0.2230	1.3157
0.2553	1.3095
0.3332	1.5615
0.2801	1.4117
0.2228	1.2840
0.2555	1.3420
0.3338	1.5585
0.2804	1.4288
0.2224	1.2650
0.2552	1.3825
0.3345	1.5417
0.2809	1.4725
0.2221	1.2497
0.2548	1.4060
0.3353	1.5152
0.2811	1.4562
0.2217	1.2300
0.2546	1.4177
0.3361	1.4785
0.2815	1.4593
0.2214	1.2240
0.2543	1.4185
0.3369	1.4490
0.2812	1.4563
0.2210	1.2275
0.2545	1.3845
0.3377	1.4202
0.2807	1.4553
0.2209	1.2465
0.2549	1.3760
0.3381	1.3860
0.2808	1.4173
0.2208	1.2627
0.2548	1.3515
0.3383	1.3605
0.2811	1.3842
0.2208	1.2872
0.2546	1.3320
0.3383	1.3330
0.2809	1.3287
0.2208	1.3198
0.2547	1.2910
0.3383	1.3137
0.2812	1.3290
0.2209	1.3613
0.2545	1.2385
0.3381	1.2975
0.2817	1.3090
0.2211	1.3773
0.2542	1.1712
0.3377	1.2770
0.2820	1.3128
0.2211	1.3860
0.2539	1.1452
0.3375	1.2518
0.2819	1.3462
0.2213	1.3870
0.2539	1.1430
0.3372	1.2327
0.2821	1.3467
0.2215	1.3815
0.2538	1.1483
0.3368	1.1998
0.2826	1.3465
0.2217	1.3735
0.2534	1.1880
0.3363	1.1730
0.2829	1.3437
0.2219	1.3650
0.2531	1.2345
0.3358	1.1573
0.3353	1.1410
0.2835	1.3148
0.2221	1.3690
0.2527	1.2850
0.3349	1.1398
0.2843	1.3140
0.2223	1.3810
0.2520	1.3565
0.3341	1.1458
0.2841	1.3145
0.2226	1.3900
0.2522	1.3845
0.3336	1.1490
0.2837	1.2892
0.2228	1.4077
0.2525	1.4430
0.3330	1.1590
0.2834	1.2735
0.2231	1.4265
0.2527	1.5080
0.3324	1.1717
0.2824	1.2585
0.2234	1.4458
0.2535	1.5495
0.3318	1.1870
0.2812	1.2195
0.2237	1.4720
0.2545	1.6170
0.3313	1.2140
0.2810	1.2387
0.2239	1.4795
0.2547	1.6467
0.3305	1.2277
0.2802	1.2807
0.2242	1.4797
0.2553	1.7410
0.3299	1.2482
0.2792	1.2770
0.2245	1.4565
0.2562	1.7520
0.3292	1.2477
0.2789	1.3332
0.2248	1.4265
0.2564	1.8308
0.3286	1.2533
0.2781	1.3613
0.2251	1.3895
0.2572	1.8370
0.3283	1.2575
0.2777	1.3725
0.2253	1.3438
0.2575	1.8962
0.3281	1.2610
0.2765	1.3773
0.2254	1.2833
0.2585	1.8765
0.3284	1.2643
0.2760	1.3805
0.2252	1.2098
0.2590	1.8785
0.3285	1.2732
0.2747	1.3602
0.2252	1.1510
0.2601	1.8487
0.3288	1.2890
0.2739	1.3480
0.2250	1.1060
0.2608	1.8492
0.3294	1.2972
0.2730	1.3162
0.2248	1.0910
0.2617	1.7890
0.3301	1.3132
0.2726	1.2560
0.2245	1.0868
0.2620	1.7233
0.3311	1.3160
0.2717	1.2582
0.2240	1.1238
0.2629	1.7285
0.3319	1.3277
0.2715	1.2490
0.2236	1.1695
0.2630	1.6690
0.3326	1.3317
0.2705	1.2267
0.2233	1.2153
0.2640	1.6620
0.3328	1.3217
0.2706	1.2280
0.2232	1.2795
0.2639	1.6825
0.3330	1.3090
0.2695	1.2525
0.2231	1.5035
0.2649	1.7758
0.3326	1.2945
0.2690	1.2845
0.2233	1.5505
0.2654	1.7942
0.3320	1.2815
0.2685	1.2990
0.2236	1.5805
0.2659	1.8670
0.3314	1.2665
0.2675	1.2945
0.2239	1.5958
0.2669	1.8628
0.3303	1.2583
0.2664	1.3077
0.2243	1.5997
0.2680	1.9162
0.3259	1.2475
0.2650	1.3095
0.2264	1.6012
0.2694	1.9352
0.3255	1.2492
0.2644	1.2855
0.2266	1.5765
0.2701	1.8660
0.3254	1.2557
0.2634	1.2145
0.2266	1.5490
0.2711	1.8708
0.3255	1.2635
0.2625	1.1940
0.2266	1.5277
0.2721	1.8250
0.3254	1.2780
0.2619	1.1448
0.2266	1.4967
0.2727	1.7843
0.3254	1.2980
0.2607	1.1313
0.2267	1.3083
0.2740	1.6768
0.3256	1.3183
0.2608	1.1425
0.2266	1.3133
0.2739	1.6663
0.3256	1.3360
0.2594	1.1157
0.2265	1.3157
0.2755	1.6760
0.3256	1.3393
0.2588	1.1613
0.2265	1.3062
0.2762	1.6953
0.3256	1.3497
0.2576	1.1753
0.2265	1.2987
0.2776	1.7057
0.3257	1.3483
0.2576	1.2020
0.2265	1.2943
0.2776	1.7180
0.3257	1.3453
0.2572	1.2498
0.2265	1.2975
0.2780	1.7723
0.3259	1.3262
0.2558	1.3573
0.2264	1.2905
0.2796	1.7867
0.3262	1.2978
0.2553	1.3580
0.2263	1.2835
0.2803	1.8020
0.3265	1.2640
0.2549	1.3962
0.2261	1.2723
0.2808	1.7905
0.3265	1.2362
0.2539	1.3823
0.2261	1.2573
0.2820	1.7893
0.3266	1.2087
0.2539	1.3590
0.2261	1.2487
0.2819	1.7752
0.3264	1.1780
0.2537	1.3597
0.2262	1.2490
0.2822	1.6772
0.3260	1.1547
0.2530	1.3077
0.2264	1.2685
0.2831	1.6935
0.3255	1.1340
0.2525	1.3110
0.2266	1.2862
0.2838	1.6825
0.3252	1.1222
0.2523	1.3020
0.2268	1.3017
0.2840	1.6700
0.3248	1.1050
0.2518	1.2810
0.2270	1.3178
0.2846	1.7602
0.3244	1.0965
0.2517	1.2145
0.2272	1.3420
0.2847	1.7555
0.3238	1.1022
0.2504	1.2472
0.2275	1.3570
0.2865	1.7618
0.3233	1.1142
0.2501	1.2523
0.2277	1.3610
0.2868	1.7633
0.3227	1.1160
0.2492	1.2917
0.2280	1.3647
0.2879	1.7637
0.3221	1.1223
0.2479	1.3027
0.2283	1.3580
0.2898	1.7365
0.3212	1.1323
0.2469	1.3075
0.2287	1.3575
0.2911	1.7445
0.3206	1.1485
0.2466	1.3357
0.2290	1.3462
0.2916	1.6610
0.3203	1.1638
0.2461	1.2645
0.2292	1.3365
0.2922	1.6365
0.3200	1.1735
0.2464	1.2605
0.2293	1.3165
0.2918	1.5812
0.3199	1.1910
0.2465	1.2010
0.2294	1.2935
0.2918	1.4853
0.3197	1.2102
0.2463	1.2055
0.2295	1.2555
0.2920	1.4560
0.3197	1.2200
0.2464	1.1587
0.2295	1.2312
0.2919	1.4230
0.3197	1.2323
0.2455	1.1570
0.2295	1.2238
0.2930	1.4155
0.3198	1.2532
0.2453	1.1340
0.2295	1.2180
0.2934	1.4225
0.3200	1.2582
0.2444	1.1587
0.2294	1.2165
0.2946	1.4222
0.3203	1.2470
0.2439	1.2017
0.2292	1.2082
0.2954	1.4525
0.3204	1.2257
0.2434	1.1850
0.2292	1.2010
0.2962	1.4160
0.3205	1.2033
0.2430	1.2940
0.2291	1.2007
0.2967	1.3808
0.3208	1.1923
0.2430	1.3552
0.2290	1.2073
0.2968	1.3278
0.3208	1.1882
0.2433	1.4308
0.2290	1.2160
0.2963	1.2815
0.3205	1.1910
0.2433	1.4237
0.2291	1.2245
0.2963	1.2510
0.3202	1.2012
0.2436	1.4753
0.2293	1.2385
0.2959	1.2355
0.3198	1.2052
0.2445	1.5092
0.2295	1.2467
0.2945	1.2300
0.3195	1.1938
0.2457	1.5063
0.2296	1.2735
0.2929	1.2215
0.3194	1.2133
0.2462	1.4653
0.2297	1.3132
0.2921	1.2555
0.3196	1.2187
0.2460	1.4435
0.2295	1.3600
0.2924	1.2715
0.3196	1.3220
0.2463	1.4730
0.2295	1.4215
0.2920	1.3338
0.3196	1.3260
0.2464	1.4082
0.2295	1.4705
0.2919	1.3703
0.3191	1.3257
0.2464	1.3902
0.2298	1.5287
0.2919	1.4050
0.3187	1.3110
0.2458	1.3685
0.2300	1.5797
0.2927	1.3990
0.3176	1.3210
0.2454	1.4125
0.2306	1.6465
0.2933	1.3565
0.2935	1.3260
0.3181	1.2957
0.2452	1.4383
0.2303	1.6938
0.2939	1.2558
0.3169	1.3005
0.2450	1.4335
0.2310	1.7285
0.2931	1.2183
0.3154	1.3170
0.2455	1.4487
0.2318	1.7437
0.2926	1.1740
0.3140	1.3185
0.2459	1.4560
0.2325	1.7465
0.2914	1.1055
0.3131	1.3597
0.2467	1.4700
0.2330	1.7412
0.2901	1.0958
0.3117	1.2997
0.2476	1.4540
0.2338	1.7465
0.2889	1.0817
0.3111	1.3385
0.2485	1.4425
0.2341	1.7632
0.2880	1.1180
0.3107	1.3655
0.2492	1.4035
0.2344	1.7850
0.2879	1.1440
0.3103	1.4000
0.2493	1.3427
0.2346	1.8032
0.2872	1.1972
0.3101	1.4120
0.2498	1.3445
0.2347	1.8183
0.2874	1.2188
0.3093	1.4643
0.2496	1.2250
0.2352	1.8340
0.2878	1.2587
0.3085	1.4728
0.2494	1.2003
0.2356	1.8575
0.2883	1.2635
0.3073	1.4665
0.2490	1.1685
0.2364	1.8875
0.2892	1.2465
0.3063	1.4592
0.2483	1.1830
0.2370	1.8995
0.2890	1.2520
0.3053	1.4470
0.2485	1.1907
0.2375	2.1325
0.2900	1.2382
0.3047	1.4455
0.2477	1.2013
0.2379	2.1215
0.2899	1.2255
0.3038	1.4375
0.2478	1.2593
0.2384	2.0945
0.2896	1.1955
0.3027	1.4510
0.2480	1.2845
0.2391	2.0392
0.2890	1.2250
0.3020	1.4545
0.2485	1.3630
0.2396	2.0032
0.2882	1.2368
0.2975	1.4405
0.2491	1.3285
0.2425	1.9677
0.2880	1.2812
0.2969	1.4207
0.2492	1.4205
0.2429	1.9498
0.2872	1.2928
0.2965	1.4132
0.2498	1.3995
0.2432	1.9460
0.2868	1.3300
0.2965	1.4075
0.2501	1.4392
0.2431	1.9425
0.2869	1.3635
0.2963	1.3855
0.2500	1.3767
0.2433	1.9665
0.2874	1.3545
0.2958	1.3573
0.2496	1.3643
0.2436	1.7650
0.2877	1.3393
0.2952	1.3255
0.2494	1.3243
0.2441	1.7798
0.2881	1.3290
0.2943	1.3065
0.2491	1.3165
0.2447	1.7950
0.2878	1.3172
0.2932	1.2712
0.2494	1.2435
0.2454	1.8207
0.2888	1.2983
0.2918	1.2592
0.2486	1.2818
0.2465	1.8290
0.2880	1.2570
0.2904	1.2605
0.2492	1.2792
0.2474	1.8228
0.2883	1.2388
0.2891	1.2643
0.2490	1.2160
0.2484	1.8100
0.2874	1.2402
0.2882	1.2735
0.2496	1.2970
0.2491	1.7900
0.2881	1.2510
0.2872	1.2732
0.2492	1.2895
0.2498	1.7655
0.2872	1.2612
0.2866	1.2950
0.2498	1.2535
0.2502	1.7332
0.2871	1.3412
0.2863	1.3057
0.2499	1.3360
0.2505	1.7042
0.2881	1.3885
0.2860	1.3207
0.2492	1.2900
0.2508	1.6715
0.2872	1.4062
0.2856	1.3230
0.2498	1.2472
0.2510	1.6588
0.2871	1.4163
0.2850	1.3153
0.2499	1.3543
0.2515	1.6350
0.2889	1.4170
0.2845	1.2830
0.2485	1.2988
0.2519	1.6200
0.2881	1.4012
0.2838	1.2540
0.2491	1.2430
0.2524	1.6175
0.2899	1.3930
0.2834	1.2230
0.2478	1.2850
0.2528	1.6018
0.2901	1.3637
0.2827	1.1800
0.2477	1.1950
0.2533	1.5873
0.2891	1.3387
0.2820	1.1680
0.2484	1.2155
0.2539	1.5767
0.2892	1.3153
0.2812	1.1500
0.2483	1.2885
0.2545	1.5645
0.2897	1.2688
0.2805	1.1480
0.2479	1.2290
0.2551	1.5548
0.2899	1.2618
0.2799	1.1637
0.2478	1.3322
0.2556	1.5657
0.2900	1.2605
0.2791	1.1850
0.2478	1.3575
0.2562	1.5500
0.2892	1.3205
0.2785	1.2207
0.2483	1.3455
0.2568	1.5590
0.2893	1.2913
0.2779	1.2577
0.2482	1.3522
0.2573	1.5535
0.2888	1.3718
0.2774	1.2900
0.2486	1.4328
0.2577	1.5417
0.2888	1.3623
0.2771	1.3182
0.2486	1.4322
0.2580	1.5370
0.2885	1.3887
0.2770	1.3470
0.2489	1.4517
0.2581	1.5278
0.2887	1.3750
0.2767	1.3633
0.2487	1.4110
0.2583	1.5135
0.2881	1.3427
0.2766	1.3777
0.2491	1.4120
0.2584	1.4933
0.2887	1.3435
0.2766	1.6795
0.2487	1.3583
0.2585	1.4843
0.2887	1.3462
0.2765	1.6858
0.2487	1.3583
0.2585	1.4640
0.2889	1.3390
0.2764	1.6810
0.2485	1.3330
0.2586	1.4625
0.2886	1.3205
0.2762	1.6815
0.2488	1.3010
0.2588	1.4630
0.2882	1.3602
0.2762	1.6837
0.2491	1.3108
0.2588	1.4625
0.2885	1.3567
0.2805	1.6830
0.2488	1.3395
0.2551	1.4800
0.2886	1.3658
0.2805	1.6853
0.2488	1.3480
0.2551	1.4955
0.2886	1.3288
0.2804	1.6948
0.2488	1.3805
0.2552	1.4988
0.2890	1.3855
0.2801	1.7020
0.2485	1.4460
0.2554	1.4967
0.2890	1.3523
0.2800	1.7045
0.2485	1.5205
0.2555	1.4980
0.2890	1.3633
0.2797	1.3980
0.2485	1.5470
0.2558	1.4800
0.2890	1.3035
0.2794	1.3672
0.2485	1.5618
0.2560	1.4458
0.2880	1.2748
0.2794	1.3417
0.2492	1.5743
0.2560	1.4087
0.2876	1.2235
0.2794	1.3100
0.2495	1.6348
0.2560	1.3643
0.2854	1.1808
0.2793	1.2830
0.2512	1.6295
0.2561	1.3350
0.2562	1.3077
0.2855	1.1282
0.2792	1.2642
0.2511	1.6473
0.2561	1.2925
0.2843	1.1185
0.2793	1.2427
0.2520	1.6863
0.2561	1.2938
0.2837	1.1975
0.2793	1.2285
0.2526	1.7105
0.2561	1.3035
0.2823	1.1825
0.2793	1.2205
0.2536	1.7192
0.2562	1.3120
0.2817	1.2455
0.2792	1.2200
0.2542	1.7523
0.2563	1.3222
0.2806	1.2460
0.2790	1.2375
0.2551	1.8282
0.2566	1.3455
0.2798	1.2850
0.2787	1.2582
0.2557	1.8867
0.2569	1.3607
0.2798	1.3067
0.2784	1.2740
0.2557	1.9775
0.2571	1.3655
0.2790	1.2838
0.2781	1.2957
0.2564	1.9745
0.2573	1.3637
0.2774	1.2810
0.2779	1.3128
0.2577	2.0095
0.2573	1.3485
0.2763	1.1860
0.2779	1.3260
0.2587	2.0308
0.2573	1.3310
0.2749	1.2122
0.2779	1.3415
0.2599	2.0497
0.2572	1.3153
0.2733	1.2060
0.2780	1.3490
0.2614	2.0272
0.2571	1.3057
0.2717	1.1618
0.2782	1.3490
0.2629	2.0368
0.2569	1.3002
0.2706	1.1155
0.2784	1.3555
0.2639	1.9188
0.2566	1.3027
0.2679	1.1977
0.2787	1.3547
0.2665	1.8270
0.2565	1.2397
0.2673	1.0742
0.2788	1.2843
0.2671	1.6795
0.2565	1.1817
0.2675	0.9828
0.2789	1.2262
0.2669	1.5553
0.2566	1.1235
0.2660	0.9813
0.2788	1.1570
0.2684	1.4305
0.2565	1.0717
0.2656	0.9698
0.2788	1.0910
0.2689	1.3247
0.2566	1.0517
0.2670	1.0938
0.2787	1.0650
0.2674	1.2875
0.2567	1.0260
0.2661	1.1025
0.2786	1.0393
0.2684	1.2858
0.2566	1.0262
0.2650	1.0550
0.2787	1.0515
0.2695	1.3130
0.2566	1.0100
0.2652	1.0670
0.2787	1.0607
0.2692	1.2670
0.2566	0.9933
0.2655	1.0492
0.2787	1.0522
0.2690	1.2302
0.2565	0.9690
0.2651	0.9210
0.2789	1.0408
0.2693	1.3530
0.2563	1.0215
0.2647	1.0515
0.2790	1.0930
0.2698	1.5460
0.2561	1.0718
0.2638	1.1062
0.2793	1.1295
0.2706	1.5952
0.2559	1.1305
0.2632	1.0560
0.2796	1.1762
0.2713	1.6880
0.2558	1.1935
0.2630	1.1672
0.2797	1.2147
0.2715	1.7707
0.2557	1.2233
0.2610	1.1433
0.2798	1.2165
0.2737	1.6978
0.2557	1.2610
0.2592	1.1107
0.2797	1.2162
0.2757	1.7457
0.2559	1.2673
0.2583	1.1415
0.2796	1.1795
0.2768	1.7362
0.2560	1.2823
0.2566	1.1947
0.2794	1.1563
0.2787	1.7643
0.2563	1.3020
0.2572	1.2700
0.2790	1.1460
0.2780	1.8675
0.2566	1.3187
0.2575	1.3260
0.2788	1.1433
0.2776	1.7745
0.2569	1.3297
0.2561	1.3472
0.2783	1.1550
0.2793	1.7200
0.2573	1.3400
0.2558	1.3490
0.2779	1.2055
0.2796	1.7592
0.2576	1.3417
0.2555	1.4165
0.2776	1.2588
0.2800	1.7697
0.2578	1.3345
0.2550	1.3942
0.2773	1.3225
0.2806	1.8055
0.2580	1.3330
0.2550	1.3405
0.2771	1.3830
0.2806	1.8110
0.2581	1.3190
0.2543	1.3472
0.2770	1.4352
0.2815	1.7718
0.2576	1.3167
0.2529	1.3467
0.2775	1.4805
0.2832	1.7243
0.2571	1.3140
0.2521	1.3530
0.2781	1.5097
0.2843	1.6940
0.2565	1.3168
0.2519	1.3448
0.2789	1.5445
0.2845	1.6600
0.2559	1.3265
0.2514	1.3367
0.2795	1.5952
0.2851	1.6673
0.2554	1.3390
0.2506	1.3478
0.2801	1.6550
0.2861	1.6082
0.2551	1.3590
0.2510	1.4205
0.2805	1.6992
0.2857	1.5797
0.2550	1.3755
0.2511	1.5100
0.2807	1.7563
0.2855	1.5715
0.2548	1.3928
0.2510	1.5000
0.2808	1.8133
0.2857	1.5630
0.2545	1.4050
0.2508	1.5550
0.2813	1.8573
0.2859	1.6000
0.2539	1.4055
0.2510	1.5703
0.2820	1.8860
0.2856	1.5685
0.2532	1.3928
0.2509	1.5352
0.2828	1.9240
0.2858	1.6027
0.2522	1.3787
0.2513	1.4395
0.2841	1.9645
0.2853	1.5580
0.2511	1.3540
0.2511	1.4787
0.2856	1.9850
0.2855	1.5433
0.2501	1.3295
0.2509	1.3950
0.2868	1.9980
0.2858	1.5103
0.2493	1.3085
0.2507	1.3882
0.2879	1.9815
0.2861	1.4925
0.2484	1.2860
0.2501	1.4107
0.2891	1.9532
0.2868	1.4633
0.2476	1.2775
0.2497	1.3382
0.2902	1.9110
0.2874	1.4427
0.2469	1.2780
0.2502	1.3335
0.2911	1.8655
0.2867	1.3805
0.2461	1.2782
0.2494	1.3742
0.2923	1.8405
0.2878	1.4285
0.2455	1.2900
0.2497	1.4077
0.2931	1.8483
0.2874	1.4102
0.2449	1.3053
0.2502	1.4558
0.2939	1.8710
0.2866	1.4187
0.2444	1.3205
0.2500	1.5087
0.2947	1.8895
0.2870	1.4033
0.2439	1.3292
0.2505	1.4770
0.2955	1.9283
0.2863	1.4048
0.2433	1.3290
0.2502	1.5485
0.2964	1.9640
0.2867	1.3835
0.2425	1.3210
0.2506	1.5348
0.2975	1.9950
0.2861	1.3595
0.2416	1.3143
0.2506	1.4763
0.2989	2.0073
0.2862	1.3578
0.2857	1.3075
0.2408	1.2985
0.2510	1.5085
0.3001	1.9997
0.2855	1.3065
0.2398	1.2870
0.2511	1.5057
0.3017	1.9948
0.2851	1.2528
0.2386	1.2695
0.2514	1.4940
0.3035	1.9745
0.2845	1.2435
0.2377	1.2645
0.2519	1.4105
0.3051	1.9600
0.2847	1.2145
0.2369	1.2602
0.2517	1.3763
0.3064	1.9297
0.2837	1.2465
0.2363	1.2650
0.2525	1.3617
0.3075	1.9360
0.2831	1.2512
0.2357	1.2840
0.2530	1.3765
0.3084	1.9532
0.2828	1.2955
0.2352	1.2990
0.2533	1.3990
0.3093	1.9785
0.2834	1.3450
0.2346	1.3143
0.2527	1.3402
0.3103	2.0198
0.2836	1.3543
0.2340	1.3118
0.2526	1.3725
0.3113	2.0645
0.2838	1.3800
0.2333	1.3013
0.2524	1.3322
0.3127	2.0950
0.2835	1.4235
0.2323	1.2828
0.2527	1.2915
0.3144	2.1050
0.2834	1.3758
0.2311	1.2622
0.2527	1.2477
0.3166	2.1218
0.2846	1.3370
0.2299	1.2320
0.2518	1.2767
0.3189	2.2185
0.2844	1.3165
0.2287	1.2123
0.2520	1.2743
0.3212	2.2185
0.2845	1.2860
0.2277	1.1945
0.2519	1.2647
0.3232	2.1857
0.2852	1.2667
0.2269	1.1813
0.2513	1.2502
0.3248	2.1187
0.2848	1.2887
0.2261	1.1857
0.2516	1.2403
0.3266	2.0465
0.2844	1.2450
0.2242	1.1965
0.2520	1.3005
0.3305	1.9793
0.2842	1.2627
0.2235	1.2200
0.2521	1.3058
0.3321	1.9267
0.2841	1.3013
0.2230	1.2498
0.2522	1.3372
0.3334	1.9062
0.2838	1.2645
0.2226	1.2745
0.2525	1.3637
0.3340	1.9077
0.2842	1.3288
0.2223	1.3075
0.2521	1.3720
0.3348	1.9065
0.2837	1.4053
0.2220	1.3350
0.2525	1.3875
0.3356	1.8095
0.2837	1.4160
0.2216	1.3447
0.2525	1.3992
0.3365	1.8027
0.2839	1.4535
0.2211	1.3485
0.2523	1.3670
0.3376	1.7897
0.2836	1.4768
0.2206	1.3333
0.2526	1.3650
0.3388	1.7820
0.2841	1.4343
0.2201	1.3180
0.2522	1.3462
0.3400	1.7645
0.2847	1.4282
0.2196	1.3060
0.2517	1.3197
0.3412	1.7370
0.2845	1.3923
0.2190	1.3045
0.2519	1.2947
0.3426	1.7088
0.2855	1.3627
0.2187	1.3182
0.2511	1.2735
0.3435	1.6823
0.2856	1.3683
0.2183	1.3367
0.2510	1.2990
0.3444	1.6495
0.2856	1.3490
0.2180	1.3650
0.2510	1.3278
0.3451	1.6253
0.2854	1.3202
0.2178	1.4078
0.2512	1.3463
0.3456	1.5932
0.2853	1.3162
0.2177	1.4430
0.2513	1.3442
0.3459	1.5837
0.2854	1.3135
0.2176	1.4762
0.2512	1.3855
0.3461	1.5685
0.2847	1.3185
0.2176	1.5060
0.2517	1.3955
0.3461	1.5670
0.2845	1.3375
0.2176	1.5245
0.2519	1.3908
0.3461	1.5553
0.2843	1.3610
0.2178	1.5280
0.2521	1.3878
0.3456	1.5410
0.2841	1.3512
0.2177	1.5155
0.2522	1.3785
0.3459	1.5155
0.2844	1.3625
0.2178	1.4912
0.2520	1.3700
0.3457	1.4810
0.2843	1.3400
0.2177	1.4733
0.2520	1.3103
0.3458	1.4475
0.2848	1.3230
0.2177	1.4470
0.2517	1.2640
0.3459	1.4083
0.2850	1.3062
0.2177	1.4212
0.2515	1.2165
0.3459	1.3807
0.3459	1.3370
0.2849	1.3230
0.2177	1.4095
0.2516	1.2193
0.3458	1.3123
0.2852	1.2890
0.2177	1.4082
0.2513	1.2060
0.3455	1.2813
0.2852	1.2983
0.2178	1.4153
0.2514	1.1852
0.3451	1.2590
0.2854	1.2843
0.2180	1.4272
0.2512	1.1445
0.3446	1.2448
0.2857	1.2930
0.2182	1.4443
0.2509	1.1960
0.3442	1.2397
0.2857	1.3323
0.2184	1.4597
0.2509	1.2230
0.3434	1.2425
0.2857	1.3532
0.2187	1.4750
0.2509	1.2545
0.3426	1.2377
0.2862	1.4165
0.2190	1.4785
0.2506	1.3022
0.3419	1.2363
0.2870	1.4373
0.2193	1.4785
0.2499	1.3530
0.3412	1.2282
0.2866	1.4395
0.2196	1.4713
0.2503	1.3908
0.3407	1.2222
0.2866	1.4387
0.2198	1.4640
0.2502	1.3690
0.3403	1.2098
0.2869	1.4705
0.2199	1.4448
0.2501	1.4478
0.3398	1.2032
0.2871	1.4263
0.2201	1.4345
0.2499	1.4783
0.3395	1.2003
0.2868	1.4045
0.2203	1.4305
0.2501	1.5945
0.3390	1.1922
0.2865	1.3623
0.2205	1.4328
0.2503	1.5958
0.3385	1.1972
0.2869	1.3435
0.2207	1.4413
0.2500	1.6640
0.3379	1.1922
0.2861	1.3020
0.2210	1.4512
0.2506	1.7210
0.3373	1.2038
0.2853	1.2645
0.2212	1.4700
0.2512	1.7273
0.3366	1.2022
0.2839	1.2592
0.2215	1.4830
0.2523	1.7538
0.3357	1.2063
0.2828	1.2838
0.2219	1.4965
0.2532	1.7940
0.3352	1.2132
0.2815	1.2565
0.2222	1.5088
0.2543	1.8277
0.3344	1.2215
0.2801	1.2647
0.2225	1.5192
0.2554	1.7948
0.3338	1.2210
0.2796	1.2935
0.2228	1.5260
0.2558	1.8365
0.3331	1.2257
0.2789	1.3043
0.2231	1.5265
0.2564	1.7750
0.3324	1.2295
0.2784	1.3043
0.2234	1.5027
0.2569	1.7568
0.3319	1.2192
0.2778	1.2867
0.2236	1.4783
0.2574	1.6692
0.3313	1.2257
0.2777	1.2795
0.2239	1.4535
0.2575	1.6475
0.3305	1.2212
0.2768	1.2490
0.2243	1.4235
0.2583	1.7025
0.3299	1.2420
0.2766	1.1995
0.2245	1.4047
0.2585	1.7735
0.3297	1.2500
0.2757	1.1535
0.2246	1.3803
0.2592	1.8043
0.3294	1.2565
0.2755	1.1720
0.2247	1.3627
0.2594	1.8325
0.3294	1.2725
0.2745	1.1590
0.2247	1.3540
0.2603	1.8937
0.3294	1.2850
0.2727	1.1458
0.2248	1.3407
0.2619	1.8738
0.3295	1.2900
0.2703	1.1483
0.2247	1.3338
0.2642	1.9088
0.3296	1.2948
0.2686	1.2283
0.2247	1.3490
0.2658	1.8695
0.3296	1.3012
0.2679	1.2900
0.2247	1.3647
0.2665	1.8982
0.3295	1.2973
0.2668	1.2935
0.2247	1.3823
0.2676	1.9202
0.3293	1.2885
0.2660	1.3148
0.2248	1.3993
0.2684	1.8215
0.3290	1.2743
0.2654	1.3310
0.2250	1.4025
0.2690	1.7633
0.3285	1.2645
0.2663	1.3592
0.2252	1.4102
0.2681	1.7417
0.3281	1.2597
0.2666	1.3528
0.2254	1.4110
0.2678	1.7572
0.3276	1.2535
0.2653	1.3230
0.2256	1.4195
0.2691	1.7310
0.3270	1.2620
0.2654	1.2948
0.2259	1.4310
0.2691	1.7117
0.3268	1.2645
0.2641	1.2867
0.2260	1.4407
0.2704	1.7358
0.3264	1.2855
0.2632	1.2145
0.2262	1.4305
0.2713	1.7882
0.3263	1.2983
0.2623	1.1600
0.2262	1.4012
0.2723	1.8197
0.3259	1.3157
0.2611	1.1610
0.2264	1.3685
0.2736	1.7568
0.3257	1.3223
0.2603	1.1650
0.2265	1.3528
0.2745	1.8012
0.3252	1.3307
0.2592	1.2595
0.2268	1.3592
0.2757	1.7702
0.3254	1.3430
0.2584	1.2485
0.2267	1.3610
0.2766	1.7298
0.3259	1.3425
0.2575	1.2425
0.2264	1.3675
0.2776	1.7310
0.3265	1.3403
0.2572	1.3555
0.2261	1.3565
0.2780	1.6570
0.3263	1.3305
0.2567	1.3295
0.2262	1.3307
0.2786	1.6818
0.3262	1.3192
0.2571	1.2888
0.2263	1.3053
0.2781	1.7042
0.3261	1.3093
0.2567	1.2938
0.2263	1.2873
0.2786	1.7015
0.3258	1.3033
0.2557	1.2785
0.2265	1.2923
0.2798	1.7762
0.3256	1.3005
0.2571	1.2420
0.2266	1.2963
0.2782	1.8007
0.3257	1.3122
0.2556	1.2370
0.2265	1.2942
0.2799	1.7815
0.3255	1.3145
0.2537	1.1605
0.2266	1.2845
0.2822	1.7702
0.3259	1.3095
0.2531	1.1692
0.2264	1.2760
0.2830	1.7778
0.3261	1.3070
0.2511	1.2180
0.2263	1.2707
0.2855	1.6705
0.3266	1.3110
0.2500	1.1035
0.2261	1.2657
0.2869	1.7393
0.3267	1.3028
0.2497	1.1715
0.2260	1.2795
0.2873	1.6780
0.3268	1.3062
0.2493	1.2248
0.2260	1.2915
0.2878	1.6228
0.3268	1.2955
0.2489	1.2765
0.2260	1.3072
0.2883	1.5995
0.3266	1.2840
0.2499	1.3280
0.2261	1.3205
0.2870	1.5163
0.3265	1.2755
0.2489	1.3780
0.2261	1.3267
0.2884	1.5335
0.3262	1.2780
0.2491	1.3633
0.2263	1.3500
0.2881	1.5420
0.3258	1.2773
0.2487	1.3950
0.2265	1.3693
0.2886	1.5440
0.3256	1.2885
0.2490	1.3777
0.2266	1.4007
0.2883	1.5362
0.3253	1.2980
0.2487	1.3490
0.2267	1.4355
0.2886	1.5700
0.3255	1.3102
0.2481	1.3608
0.2266	1.4675
0.2895	1.5185
0.3252	1.3382
0.2475	1.3282
0.2268	1.5092
0.2903	1.5298
0.3249	1.3588
0.2475	1.3527
0.2269	1.5515
0.2903	1.4735
0.3244	1.3770
0.2470	1.3195
0.2272	1.6122
0.2910	1.4245
0.3236	1.4052
0.2472	1.2910
0.2275	1.6732
0.2907	1.3828
0.3232	1.4133
0.2470	1.2853
0.2277	1.7382
0.2910	1.3320
0.3226	1.4020
0.2466	1.3183
0.2281	1.7805
0.2915	1.3310
0.3218	1.3790
0.2472	1.3328
0.2285	1.8132
0.2907	1.3088
0.3207	1.3655
0.2477	1.3730
0.2290	1.8308
0.2900	1.3420
0.3197	1.3510
0.2476	1.3915
0.2295	1.8215
0.2901	1.3963
0.3187	1.3448
0.2475	1.4060
0.2300	1.8167
0.2903	1.4250
0.3174	1.3357
0.2474	1.4085
0.2307	1.7917
0.2905	1.4125
0.3160	1.3275
0.2478	1.3693
0.2315	1.7788
0.2899	1.4348
0.3149	1.3340
0.2474	1.3857
0.2321	1.7710
0.2905	1.4355
0.3141	1.3240
0.2471	1.3707
0.2325	1.7623
0.2908	1.3613
0.3136	1.3210
0.2467	1.3840
0.2327	1.7627
0.2913	1.3290
0.2916	1.2670
0.3133	1.3248
0.2466	1.3725
0.2329	1.7732
0.2918	1.2023
0.3127	1.3260
0.2464	1.3617
0.2333	1.8095
0.2908	1.1575
0.3119	1.3143
0.2471	1.3373
0.2337	1.8547
0.2900	1.1005
0.3110	1.3113
0.2477	1.3195
0.2342	1.9182
0.2894	1.0363
0.3100	1.2957
0.2482	1.3175
0.2348	1.9793
0.2887	1.0753
0.3086	1.2793
0.2487	1.3575
0.2356	2.0440
0.2873	1.0653
0.3066	1.3078
0.2498	1.3897
0.2368	2.0715
0.2875	1.1015
0.3045	1.3310
0.2496	1.3485
0.2380	2.0743
0.2872	1.1805
0.3025	1.3695
0.2498	1.3675
0.2393	2.0735
0.2867	1.1960
0.3007	1.4138
0.2502	1.3600
0.2404	2.0752
0.2868	1.2115
0.2990	1.4597
0.2501	1.3660
0.2415	2.0725
0.2864	1.2622
0.2984	1.5162
0.2504	1.3543
0.2419	2.0567
0.2867	1.2052
0.2981	1.5677
0.2502	1.2600
0.2421	2.0430
0.2869	1.2020
0.2980	1.5950
0.2501	1.3405
0.2422	2.0253
0.2866	1.2240
0.2978	1.6057
0.2502	1.3280
0.2423	2.0227
0.2862	1.1772
0.2973	1.6182
0.2506	1.3040
0.2426	2.0140
0.2858	1.1982
0.2967	1.5985
0.2509	1.2627
0.2430	2.0202
0.2866	1.1950
0.2960	1.5725
0.2503	1.2975
0.2435	2.0210
0.2849	1.2268
0.2949	1.5477
0.2516	1.3135
0.2443	2.0213
0.2850	1.2435
0.2934	1.5235
0.2515	1.3057
0.2453	2.0025
0.2848	1.3050
0.2921	1.5077
0.2517	1.3135
0.2462	1.9605
0.2853	1.3327
0.2911	1.4988
0.2513	1.3058
0.2469	1.9010
0.2851	1.3785
0.2904	1.5020
0.2515	1.3958
0.2475	1.8443
0.2855	1.3792
0.2898	1.5290
0.2511	1.2875
0.2479	1.7958
0.2856	1.3920
0.2895	1.5728
0.2510	1.2910
0.2481	1.7335
0.2860	1.3870
0.2895	1.6207
0.2507	1.3017
0.2481	1.6892
0.2862	1.3522
0.2898	1.6425
0.2506	1.3393
0.2478	1.6650
0.2863	1.3517
0.2901	1.6535
0.2505	1.2767
0.2477	1.3770
0.2864	1.2905
0.2903	1.6593
0.2504	1.2847
0.2475	1.0980
0.2866	1.3033
0.2906	1.6568
0.2503	1.2965
0.2473	1.0988
0.2862	1.2722
0.2909	1.6510
0.2506	1.2650
0.2471	1.1163
0.2855	1.3265
0.2907	1.6510
0.2511	1.2405
0.2472	1.1345
0.2863	1.2950
0.2951	1.6407
0.2505	1.2352
0.2441	1.1385
0.2856	1.3582
0.2995	1.6312
0.2511	1.2295
0.2412	1.1247
0.2857	1.3760
0.2992	1.6192
0.2509	1.2420
0.2414	1.1172
0.2862	1.4158
0.2988	1.6010
0.2506	1.2265
0.2417	1.0883
0.2876	1.4588
0.2988	1.5960
0.2495	1.2460
0.2417	1.0635
0.2873	1.4330
0.2988	1.5970
0.2497	1.3125
0.2417	1.3285
0.2885	1.4427
0.2991	1.5935
0.2488	1.3103
0.2415	1.5955
0.2888	1.4087
0.2994	1.5805
0.2486	1.2853
0.2413	1.6012
0.2893	1.3800
0.2999	1.5615
0.2482	1.3000
0.2409	1.5927
0.2890	1.3092
0.3000	1.5272
0.2484	1.3718
0.2409	1.5895
0.2883	1.3295
0.2999	1.4928
0.2490	1.3900
0.2410	1.5732
0.2877	1.2810
0.2995	1.6290
0.2494	1.3910
0.2412	1.5563
0.2878	1.2478
0.2988	1.5670
0.2494	1.3213
0.2416	1.5313
0.2875	1.2410
0.2982	1.5057
0.2496	1.2990
0.2420	1.5127
0.2866	1.2472
0.2977	1.4538
0.2503	1.2925
0.2424	1.4823
0.2863	1.3255
0.2974	1.4045
0.2505	1.1998
0.2426	1.4433
0.2867	1.3503
0.3004	1.3643
0.2502	1.1565
0.2406	1.3987
0.2876	1.3855
0.3000	1.3467
0.2495	1.1430
0.2409	1.3570
0.2883	1.4020
0.2998	1.3312
0.2490	1.1160
0.2410	1.3288
0.2883	1.3608
0.2995	1.3323
0.2490	1.0720
0.2412	1.3100
0.2904	1.3943
0.2992	1.3342
0.2475	1.0510
0.2414	1.3273
0.2910	1.4020
0.2989	1.1620
0.2470	1.0807
0.2416	1.3300
0.2918	1.3748
0.2986	1.1858
0.2464	1.1855
0.2418	1.3247
0.2923	1.3933
0.2983	1.2083
0.2461	1.2597
0.2420	1.3125
0.2914	1.3797
0.2981	1.2300
0.2467	1.2358
0.2421	1.5025
0.2920	1.3997
0.2975	1.2508
0.2463	1.3555
0.2425	1.4835
0.2921	1.3935
0.2974	1.2663
0.2462	1.3842
0.2426	1.4615
0.2908	1.4177
0.2975	1.2730
0.2472	1.4262
0.2425	1.4495
0.2906	1.4417
0.2979	1.2892
0.2473	1.4963
0.2422	1.4290
0.2907	1.5373
0.2947	1.2963
0.2472	1.4850
0.2444	1.4153
0.2911	1.5048
0.2950	1.3015
0.2469	1.5395
0.2442	1.3868
0.2911	1.4813
0.2954	1.3038
0.2469	1.6020
0.2439	1.3843
0.2438	1.3993
0.2917	1.4902
0.2955	1.2948
0.2465	1.6237
0.2436	1.4218
0.2914	1.4248
0.2958	1.2820
0.2467	1.6743
0.2435	1.2373
0.2923	1.4135
0.2960	1.2665
0.2461	1.8565
0.2435	1.2445
0.2914	1.3387
0.2960	1.2570
0.2467	1.9025
0.2435	1.2543
0.2900	1.3425
0.2960	1.2340
0.2477	1.9935
0.2437	1.2432
0.2885	1.2815
0.2957	1.2060
0.2488	2.0418
0.2439	1.2448
0.2864	1.3265
0.2954	1.1722
0.2504	2.1375
0.2441	1.2452
0.2834	1.2520
0.2952	1.1352
0.2528	2.1363
0.2440	1.2445
0.2819	1.3475
0.2953	1.1065
0.2540	2.1235
0.2441	1.2505
0.2805	1.3627
0.2951	1.0787
0.2551	2.0970
0.2443	1.2585
0.2793	1.4325
0.2949	1.0650
0.2561	2.0452
0.2445	1.2673
0.2782	1.4512
0.2946	1.0633
0.2570	1.9780
0.2448	1.2780
0.2779	1.4812
0.2940	1.0562
0.2573	1.7965
0.2452	1.2983
0.2788	1.4273
0.2936	1.0425
0.2565	1.7627
0.2456	1.3100
0.2782	1.4210
0.2930	1.0475
0.2571	1.7405
0.2460	1.3252
0.2787	1.3998
0.2924	1.0685
0.2566	1.6870
0.2463	1.3308
0.2780	1.3348
0.2919	1.0883
0.2572	1.6738
0.2467	1.3150
0.2784	1.3727
0.2914	1.0980
0.2569	1.7642
0.2471	1.3105
0.2766	1.3150
0.2909	1.1163
0.2584	1.7782
0.2473	1.3007
0.2756	1.3488
0.2906	1.1342
0.2593	1.8118
0.2474	1.2822
0.2749	1.3527
0.2905	1.1575
0.2599	1.8723
0.2474	1.2707
0.2731	1.4230
0.2904	1.3900
0.2616	1.9062
0.2475	1.2697
0.2720	1.4383
0.2903	1.3995
0.2626	1.9325
0.2475	1.2725
0.2718	1.5155
0.2903	1.4127
0.2628	1.9180
0.2476	1.2872
0.2712	1.5247
0.2902	1.4165
0.2633	1.8843
0.2475	1.3002
0.2708	1.5512
0.2902	1.4080
0.2637	1.8830
0.2449	1.3130
0.2707	1.5695
0.2940	1.4085
0.2637	1.7695
0.2452	1.3320
0.2710	1.5035
0.2936	1.4350
0.2635	1.7808
0.2454	1.3410
0.2706	1.4797
0.2933	1.4755
0.2639	1.7698
0.2457	1.3445
0.2702	1.3348
0.2928	1.5187
0.2643	1.7448
0.2461	1.3542
0.2700	1.3893
0.2923	1.5590
0.2645	1.7210
0.2463	1.3545
0.2701	1.3662
0.2920	1.3777
0.2644	1.7857
0.2462	1.3343
0.2680	1.3150
0.2921	1.4257
0.2664	1.8158
0.2459	1.3190
0.2676	1.3538
0.2926	1.4525
0.2668	1.8047
0.2455	1.2990
0.2653	1.3672
0.2931	1.4865
0.2691	1.7505
0.2451	1.2850
0.2660	1.3220
0.2937	1.5120
0.2684	1.8070
0.2446	1.2715
0.2647	1.3573
0.2944	1.5318
0.2697	1.8080
0.2441	1.2690
0.2638	1.4838
0.2952	1.5315
0.2707	1.7278
0.2438	1.2640
0.2642	1.4607
0.2956	1.4942
0.2703	1.7380
0.2435	1.2610
0.2647	1.5148
0.2960	1.4692
0.2697	1.7177
0.2434	1.2475
0.2631	1.3847
0.2962	1.4360
0.2714	1.6913
0.2432	1.2380
0.2637	1.3290
0.2965	1.4165
0.2708	1.5892
0.2431	1.2332
0.2645	1.3167
0.2966	1.4038
0.2699	1.5592
0.2431	1.2245
0.2637	1.2723
0.2965	1.4265
0.2708	1.5718
0.2430	1.2165
0.2625	1.2900
0.2968	1.4513
0.2721	1.6245
0.2428	1.2018
0.2618	1.3848
0.2970	1.4925
0.2729	1.5800
0.2425	1.1952
0.2611	1.3687
0.2975	1.5335
0.2736	1.5935
0.2420	1.1843
0.2605	1.3585
0.2982	1.5873
0.2743	1.5787
0.2414	1.1788
0.2600	1.3983
0.2992	1.6657
0.2748	1.5223
0.2407	1.1838
0.2601	1.4920
0.3002	1.7080
0.2747	1.4997
0.2400	1.1980
0.2604	1.5867
0.3014	1.7540
0.2744	1.4815
0.2392	1.2213
0.2606	1.6772
0.3026	1.7825
0.2741	1.4657
0.2384	1.2565
0.2615	1.6800
0.3039	1.7982
0.2732	1.4380
0.2375	1.2903
0.2620	1.6857
0.3054	1.7977
0.2727	1.4250
0.2370	1.3222
0.2624	1.5745
0.3063	1.8040
0.2722	1.4023
0.2364	1.3582
0.2632	1.5687
0.3072	1.8255
0.2713	1.4215
0.2361	1.3938
0.2641	1.5298
0.3078	1.8575
0.2704	1.4320
0.2359	1.4195
0.2638	1.4897
0.3082	1.9043
0.2707	1.4470
0.2356	1.4392
0.2636	1.4920
0.3085	1.9290
0.2709	1.4945
0.2353	1.4305
0.2625	1.5135
0.3092	1.9585
0.2721	1.4858
0.2347	1.4135
0.2624	1.4755
0.3102	1.9765
0.2722	1.4895
0.2340	1.4055
0.2619	1.4413
0.3113	1.9940
0.2727	1.4683
0.2330	1.3882
0.2620	1.5200
0.3131	1.9978
0.2726	1.4425
0.2321	1.3830
0.2619	1.5403
0.3148	2.0000
0.2727	1.3948
0.2312	1.3840
0.2627	1.6700
0.3165	1.9822
0.2718	1.3705
0.2303	1.3745
0.2630	1.6035
0.3182	1.9298
0.2715	1.3402
0.2297	1.3623
0.2637	1.6525
0.3193	1.8600
0.2708	1.3178
0.2293	1.3640
0.2649	1.6025
0.3202	1.7657
0.2696	1.3002
0.2290	1.3633
0.2657	1.5565
0.3207	1.6870
0.2688	1.2745
0.2288	1.3728
0.2667	1.4850
0.3210	1.6408
0.2677	1.2815
0.2287	1.3812
0.2661	1.4415
0.3212	1.6095
0.2683	1.3030
0.2678	1.3353
0.2287	1.3630
0.2666	1.4080
0.3213	1.5943
0.2681	1.3873
0.2287	1.3453
0.2663	1.3345
0.3212	1.5977
0.2686	1.4055
0.2287	1.3145
0.2658	1.2880
0.3213	1.6070
0.2688	1.4023
0.2283	1.2808
0.2656	1.2377
0.3220	1.6222
0.2695	1.3878
0.2279	1.2710
0.2650	1.2923
0.3229	1.6465
0.2698	1.3645
0.2273	1.2665
0.2647	1.2620
0.3241	1.6798
0.2703	1.3237
0.2266	1.2630
0.2641	1.2882
0.3254	1.6915
0.2705	1.2760
0.2260	1.2767
0.2640	1.3408
0.3269	1.7045
0.2701	1.2530
0.2253	1.3045
0.2643	1.3440
0.3282	1.6972
0.2697	1.2188
0.2249	1.3367
0.2648	1.3600
0.3292	1.6883
0.2693	1.1647
0.2245	1.3750
0.2652	1.3415
0.3301	1.6795
0.2687	1.1602
0.2243	1.4080
0.2658	1.3477
0.3303	1.6538
0.2676	1.1698
0.2243	1.4248
0.2668	1.3825
0.3304	1.6203
0.2675	1.2102
0.2243	1.4440
0.2669	1.3657
0.3303	1.6005
0.2674	1.2252
0.2243	1.4387
0.2670	1.3205
0.3304	1.5845
0.2672	1.2668
0.2242	1.4287
0.2672	1.3255
0.3306	1.5645
0.2676	1.3068
0.2241	1.4128
0.2668	1.3112
0.3307	1.5630
0.2674	1.3497
0.2240	1.3815
0.2670	1.3047
0.3311	1.5362
0.2679	1.4042
0.2237	1.3538
0.2665	1.3340
0.3316	1.5165
0.2683	1.3887
0.2234	1.3350
0.2661	1.3463
0.3324	1.4973
0.2684	1.4388
0.2231	1.3248
0.2660	1.3817
0.3330	1.4630
0.2686	1.3895
0.2228	1.3282
0.2658	1.3970
0.3336	1.4400
0.2683	1.3775
0.2227	1.3390
0.2661	1.3548
0.3338	1.4220
0.2685	1.3458
0.2227	1.3540
0.2659	1.3640
0.3339	1.3983
0.2680	1.3540
0.2227	1.3785
0.2664	1.3903
0.3339	1.3735
0.2680	1.3292
0.2228	1.3878
0.2664	1.3512
0.3337	1.3548
0.2675	1.3437
0.2230	1.3990
0.2669	1.3370
0.3332	1.3485
0.2677	1.3528
0.2231	1.4102
0.2667	1.3275
0.3329	1.3655
0.2676	1.3260
0.2233	1.3870
0.2668	1.3197
0.3326	1.3895
0.2678	1.3525
0.2235	1.3733
0.2666	1.2915
0.3322	1.4058
0.2681	1.3480
0.2234	1.3490
0.2663	1.3095
0.3323	1.4240
0.2687	1.3860
0.2233	1.3383
0.2657	1.3403
0.3325	1.4365
0.2686	1.3700
0.2232	1.3367
0.2658	1.3575
0.3328	1.4315
0.2686	1.3793
0.2227	1.3410
0.2658	1.3450
0.3340	1.4208
0.2689	1.3412
0.2224	1.3462
0.2655	1.3557
0.3347	1.4095
0.2686	1.3055
0.2221	1.3660
0.2658	1.3788
0.3354	1.3970
0.2682	1.2775
0.2221	1.3785
0.2662	1.3780
0.3354	1.3843
0.2679	1.2433
0.2222	1.3918
0.2665	1.3455
0.3350	1.3750
0.2681	1.2145
0.2225	1.4393
0.2663	1.2960
0.3344	1.3145
0.2676	1.1985
0.2228	1.4297
0.2668	1.2982
0.3337	1.2828
0.2671	1.1878
0.2231	1.4270
0.2673	1.2427
0.3330	1.2573
0.2672	1.1783
0.2233	1.4122
0.2672	1.2047
0.3326	1.2478
0.3325	1.2505
0.2672	1.2150
0.2234	1.3705
0.2672	1.1815
0.3312	1.2515
0.2675	1.2390
0.2239	1.3055
0.2669	1.2153
0.3314	1.2495
0.2675	1.2710
0.2238	1.2430
0.2669	1.2330
0.3316	1.2370
0.2678	1.3190
0.2237	1.1915
0.2666	1.2565
0.3317	1.2222
0.2678	1.3692
0.2237	1.1403
0.2666	1.3400
0.3324	1.1975
0.2684	1.3930
0.2234	1.0488
0.2660	1.4113
0.3332	1.2040
0.2684	1.4067
0.2230	0.9955
0.2660	1.4425
0.3338	1.1900
0.2681	1.3948
0.2228	1.0048
0.2663	1.5347
0.3340	1.1783
0.2680	1.3990
0.2227	1.0155
0.2664	1.5682
0.3344	1.1580
0.2677	1.3792
0.2225	1.0325
0.2667	1.6173
0.3358	1.1405
0.2669	1.3500
0.2219	1.0972
0.2675	1.6625
0.3359	1.1250
0.2669	1.3072
0.2218	1.1990
0.2675	1.6340
0.3355	1.1042
0.2655	1.3185
0.2220	1.2968
0.2689	1.6810
0.3352	1.0940
0.2654	1.2930
0.2221	1.5745
0.2690	1.6942
0.3345	1.0795
0.2644	1.2352
0.2224	1.6380
0.2700	1.6773
0.3333	1.0700
0.2639	1.2633
0.2230	1.7435
0.2705	1.7125
0.3315	1.0720
0.2638	1.2972
0.2238	1.7937
0.2707	1.7755
0.3296	1.0720
0.2630	1.3200
0.2247	1.8162
0.2715	1.7960
0.3236	1.0682
0.2623	1.3272
0.2275	1.8385
0.2723	1.8668
0.3224	1.0640
0.2615	1.3290
0.2281	1.8527
0.2732	1.8657
0.3213	1.0657
0.2607	1.3037
0.2287	1.8457
0.2741	1.8870
0.3203	1.0730
0.2603	1.2875
0.2292	1.7980
0.2745	1.9207
0.3196	1.0897
0.2590	1.2380
0.2296	1.7462
0.2760	1.8880
0.3188	1.1117
0.2580	1.2228
0.2300	1.4897
0.2771	1.8895
0.3177	1.1290
0.2571	1.2145
0.2305	1.4502
0.2781	1.8575
0.3168	1.1530
0.2561	1.1920
0.2310	1.4045
0.2793	1.7942
0.3163	1.1723
0.2553	1.1290
0.2313	1.3700
0.2803	1.7845
0.3159	1.2005
0.2543	1.1467
0.2315	1.3428
0.2815	1.8105
0.3159	1.2292
0.2535	1.1395
0.2315	1.3110
0.2825	1.7675
0.3159	1.2648
0.2530	1.1483
0.2315	1.2713
0.2831	1.8392
0.3161	1.2945
0.2527	1.2015
0.2314	1.2435
0.2834	1.8600
0.3163	1.3200
0.2517	1.2383
0.2313	1.2330
0.2847	1.8738
0.3167	1.3397
0.2504	1.2730
0.2311	1.2215
0.2865	1.8927
0.3171	1.3420
0.2499	1.3310
0.2309	1.2190
0.2871	1.8982
0.3176	1.3460
0.2483	1.3205
0.2306	1.2268
0.2892	1.9133
0.3179	1.3450
0.2477	1.2862
0.2305	1.2395
0.2900	1.9335
0.3181	1.3447
0.2473	1.3038
0.2304	1.2600
0.2906	1.9477
0.3183	1.3335
0.2466	1.2592
0.2303	1.2785
0.2916	1.8685
0.3184	1.3173
0.2464	1.2480
0.2302	1.2995
0.2919	1.8440
0.3183	1.2972
0.2456	1.2327
0.2303	1.3262
0.2930	1.7360
0.3183	1.2752
0.2447	1.1763
0.2303	1.3440
0.2942	1.7190
0.3180	1.2527
0.2438	1.1762
0.2304	1.3518
0.2956	1.7277
0.3178	1.2332
0.2429	1.1670
0.2305	1.3595
0.2968	1.7068
0.3175	1.2190
0.2427	1.1090
0.2307	1.3710
0.2972	1.7583
0.3170	1.2172
0.2422	1.1438
0.2309	1.3738
0.2979	1.7512
0.3165	1.1998
0.2412	1.1563
0.2312	1.3765
0.2994	1.7477
0.3161	1.1930
0.2407	1.1603
0.2314	1.3850
0.3003	1.7188
0.3157	1.1773
0.2402	1.1800
0.2316	1.3848
0.3011	1.6883
0.3153	1.1700
0.2387	1.2007
0.2318	1.3827
0.3034	1.6792
0.3151	1.1625
0.2385	1.1862
0.2319	1.3743
0.3038	1.6918
0.3147	1.1598
0.2378	1.1925
0.2321	1.3550
0.3048	1.6585
0.3142	1.1540
0.2373	1.1238
0.2324	1.3347
0.3057	1.6645
0.3137	1.1580
0.2371	1.0908
0.2327	1.3135
0.3061	1.6820
0.3132	1.1675
0.2372	1.0783
0.2330	1.2970
0.3060	1.6615
0.3128	1.1708
0.2365	1.0732
0.2332	1.2760
0.3071	1.7392
0.3126	1.1838
0.2359	1.0800
0.2333	1.2675
0.3080	1.7510
0.3125	1.1870
0.2346	1.1282
0.2334	1.2378
0.3103	1.8110
0.3127	1.2015
0.2335	1.1295
0.2333	1.2150
0.3122	1.8265
0.3128	1.2105
0.2323	1.1465
0.2332	1.1950
0.3145	1.7517
0.3130	1.2170
0.2311	1.2118
0.2331	1.1760
0.3166	1.7523
0.3131	1.2172
0.2305	1.2927
0.2331	1.1550
0.3178	1.7112
0.3132	1.2200
0.2299	1.3177
0.2330	1.1443
0.3190	1.6530
0.3134	1.2072
0.2295	1.3755
0.2329	1.1440
0.3197	1.5915
0.3135	1.1895
0.2305	1.4192
0.2328	1.1395
0.3177	1.5400
0.3136	1.1795
0.2306	1.4343
0.2327	1.1460
0.3177	1.4365
0.3138	1.1552
0.2314	1.4307
0.2326	1.1428
0.3162	1.4365
0.3140	1.1423
0.2310	1.3783
0.2325	1.1497
0.3169	1.3597
0.3139	1.1270
0.2312	1.3817
0.2326	1.1870
0.3165	1.3353
0.3137	1.1147
0.2310	1.3763
0.2327	1.2350
0.3169	1.4543
0.3137	1.1100
0.2311	1.3130
0.2327	1.2867
0.3166	1.4185
0.3133	1.1180
0.2304	1.2855
0.2329	1.4418
0.3179	1.4338
0.3131	1.1267
0.2301	1.3237
0.2331	1.4970
0.3186	1.4253
0.3122	1.1390
0.2300	1.3157
0.2335	1.5393
0.3188	1.4140
0.3112	1.1332
0.2297	1.3510
0.2341	1.5922
0.3193	1.3393
0.3102	1.1145
0.2294	1.3600
0.2347	1.6297
0.3198	1.3065
0.3076	1.1170
0.2298	1.4180
0.2362	1.6783
0.3192	1.2392
0.3069	1.0952
0.2299	1.4245
0.2366	1.7457
0.3190	1.2573
0.3062	1.0862
0.2301	1.4390
0.2370	1.8035
0.3185	1.2233
0.3050	1.0798
0.2311	1.3950
0.2378	1.8575
0.3167	1.1703
0.3039	1.0575
0.2317	1.4523
0.2384	1.9163
0.3156	1.2120
0.3027	1.0675
0.2323	1.3965
0.2392	1.8795
0.3144	1.2285
0.3152	1.2600
0.3008	1.0705
0.2319	1.3733
0.2403	1.9428
0.3145	1.2922
0.2988	1.0837
0.2323	1.3490
0.2416	2.0040
0.3148	1.3338
0.2968	1.1165
0.2321	1.3300
0.2430	2.0568
0.3150	1.3925
0.2945	1.1540
0.2320	1.3013
0.2445	2.1045
0.3158	1.3815
0.2930	1.1705
0.2316	1.2755
0.2456	2.1300
0.3167	1.3177
0.2913	1.2255
0.2311	1.3155
0.2468	2.1388
0.3173	1.3257
0.2899	1.2652
0.2308	1.3122
0.2478	2.1177
0.3168	1.3170
0.2884	1.2795
0.2311	1.3628
0.2489	2.0858
0.3174	1.2752
0.2873	1.2975
0.2307	1.3548
0.2497	2.0735
0.3165	1.2835
0.2861	1.2845
0.2312	1.4208
0.2507	2.0920
0.3153	1.2582
0.2851	1.2728
0.2318	1.4508
0.2514	2.1250
0.3147	1.2750
0.2843	1.2548
0.2322	1.5352
0.2520	2.1752
0.3139	1.2865
0.2833	1.2437
0.2326	1.5448
0.2529	2.2140
0.3134	1.3067
0.2816	1.2298
0.2329	1.5673
0.2542	2.2508
0.3131	1.3525
0.2797	1.2477
0.2330	1.5698
0.2557	2.2830
0.3129	1.3977
0.2775	1.2462
0.2332	1.5225
0.2576	2.3062
0.3122	1.4068
0.2752	1.2538
0.2336	1.5343
0.2597	2.3023
0.3117	1.4227
0.2731	1.2767
0.2338	1.4915
0.2615	2.3203
0.3122	1.3902
0.2714	1.2932
0.2335	1.4665
0.2632	2.2927
0.3122	1.3727
0.2701	1.2885
0.2335	1.4155
0.2644	2.4228
0.3128	1.3505
0.2689	1.2827
0.2332	1.3832
0.2655	2.3365
0.3122	1.3110
0.2683	1.2630
0.2335	1.2560
0.2661	2.2593
0.3125	1.3062
0.2675	1.2425
0.2334	1.2032
0.2670	2.1960
0.3119	1.2915
0.2666	1.2365
0.2337	1.3128
0.2678	2.1342
0.3123	1.2582
0.2630	1.2100
0.2335	1.2490
0.2715	2.0960
0.3122	1.2820
0.2622	1.1902
0.2335	1.2660
0.2724	2.0412
0.3132	1.3097
0.2609	1.1830
0.2330	1.1908
0.2738	2.0368
0.3137	1.3512
0.2596	1.1872
0.2327	1.1805
0.2752	2.0155
0.3118	1.4107
0.2588	1.2072
0.2338	1.1652
0.2762	2.0012
0.3124	1.4475
0.2577	1.2403
0.2334	1.1995
0.2774	1.7900
0.3131	1.4152
0.2571	1.2743
0.2330	1.2530
0.2781	1.7740
0.3145	1.4207
0.2566	1.3357
0.2322	1.3057
0.2787	1.7417
0.3159	1.4160
0.2561	1.3662
0.2315	1.3023
0.2793	1.6990
0.3168	1.3495
0.2558	1.3755
0.2310	1.1957
0.2797	1.6777
0.3172	1.3755
0.2556	1.3767
0.2308	1.2145
0.2799	1.6547
0.3154	1.3317
0.2555	1.3742
0.2318	1.1928
0.2801	1.6443
0.3155	1.3680
0.2555	1.3348
0.2317	1.3025
0.2801	1.6155
0.3159	1.2797
0.2552	1.3105
0.2315	1.3405
0.2804	1.5835
0.3148	1.2975
0.2548	1.2827
0.2321	1.3862
0.2809	1.5663
0.3155	1.2888
0.2541	1.2710
0.2317	1.3762
0.2817	1.5627
0.3159	1.3583
0.2536	1.2720
0.2315	1.3593
0.2823	1.5500
0.3159	1.3735
0.2529	1.4575
0.2315	1.3880
0.2832	1.3098
0.3147	1.3948
0.2526	1.4758
0.2322	1.4308
0.2836	1.3210
0.3150	1.4200
0.2521	1.5143
0.2320	1.4370
0.2842	1.3175
0.3154	1.3953
0.2519	1.5608
0.2318	1.4060
0.2845	1.1610
0.3154	1.3767
0.2519	1.6228
0.2318	1.4775
0.2845	1.1492
0.3152	1.2945
0.2574	1.6865
0.2319	1.3860
0.2778	1.1480
0.3152	1.3330
0.2572	1.7128
0.2319	1.3603
0.2780	1.1558
0.3145	1.2882
0.2574	1.7330
0.2323	1.2770
0.2778	1.1627
0.3153	1.2500
0.2594	1.7547
0.2318	1.2973
0.2755	1.1720
0.3139	1.2272
0.2598	1.7588
0.2326	1.2535
0.2750	1.1920
0.3140	1.2477
0.2600	1.5712
0.2325	1.2560
0.2748	1.4385
0.3142	1.2690
0.2599	1.5853
0.2325	1.2220
0.2749	1.4228
0.3152	1.3380
0.2596	1.8475
0.2319	1.1625
0.2753	1.4117
0.3145	1.3840
0.2595	1.8455
0.2323	1.2140
0.2754	1.5400
0.3149	1.4263
0.2593	1.8265
0.2321	1.1787
0.2756	1.5377
0.3151	1.4548
0.2592	1.8278
0.2320	1.2295
0.2757	1.5142
0.3162	1.4413
0.2594	1.8453
0.2314	1.2345
0.2755	1.4750
0.3180	1.4388
0.2633	1.8712
0.2304	1.2592
0.2713	1.4395
0.3188	1.4050
0.2635	1.8693
0.2300	1.1960
0.2710	1.4043
0.3188	1.4170
0.2638	1.8445
0.2300	1.1963
0.2707	1.3633
0.3185	1.3920
0.2643	1.8107
0.2301	1.1868
0.2701	1.3298
0.3183	1.3592
0.2650	1.7607
0.2302	1.2200
0.2695	1.3177
0.3188	1.3267
0.2656	1.4425
0.2300	1.3020
0.2689	1.3140
0.2685	1.3088
0.3187	1.3277
0.2659	1.3870
0.2300	1.3938
0.2685	1.3015
0.3193	1.3338
0.2659	1.3262
0.2297	1.3768
0.2686	1.3000
0.3192	1.3695
0.2658	1.2642
0.2298	1.4147
0.2689	1.3133
0.3190	1.3872
0.2655	1.2160
0.2299	1.5318
0.2694	1.3043
0.3185	1.3845
0.2650	1.1698
0.2301	1.6013
0.2698	1.3002
0.3174	1.4350
0.2646	1.1428
0.2307	1.7330
0.2703	1.3005
0.3180	1.3965
0.2641	1.1492
0.2304	1.8445
0.2707	1.2865
0.3176	1.3662
0.2638	1.1625
0.2306	1.9013
0.2709	1.2675
0.3154	1.3178
0.2636	1.1810
0.2318	1.9455
0.2708	1.2472
0.3145	1.2898
0.2637	1.2122
0.2323	1.9420
0.2708	1.2372
0.3127	1.2235
0.2637	1.2433
0.2332	1.9245
0.2707	1.2292
0.3105	1.1875
0.2638	1.2747
0.2345	1.9307
0.2704	1.2380
0.3087	1.1702
0.2641	1.3017
0.2356	1.9440
0.2702	1.2437
0.3067	1.1725
0.2643	1.3162
0.2367	1.9247
0.2699	1.2590
0.3058	1.2805
0.2646	1.3268
0.2373	1.8317
0.2697	1.2657
0.3039	1.2795
0.2647	1.3225
0.2384	1.8087
0.2697	1.2712
0.3036	1.3300
0.2648	1.5477
0.2386	1.7750
0.2697	1.2782
0.3027	1.3815
0.2647	1.5657
0.2391	1.8640
0.2698	1.2795
0.3011	1.4492
0.2646	1.5687
0.2402	1.8175
0.2698	1.2763
0.3040	1.2525
0.2646	1.5655
0.2384	1.8840
0.2700	1.2727
0.3027	1.2860
0.2645	1.5627
0.2392	1.8625
0.2667	1.2622
0.3021	1.2737
0.2677	1.5660
0.2395	1.9575
0.2663	1.2470
0.2997	1.3430
0.2681	1.5810
0.2410	1.9677
0.2660	1.2350
0.2999	1.3213
0.2684	1.5900
0.2409	1.9703
0.2657	1.2277
0.2944	1.2488
0.2687	1.5875
0.2446	2.1243
0.2656	1.2250
0.2936	1.2095
0.2688	1.5913
0.2452	1.9940
0.2653	1.2325
0.2915	1.1880
0.2691	1.3587
0.2466	2.0320
0.2649	1.2428
0.2917	1.2215
0.2695	1.3285
0.2465	2.0152
0.2647	1.2585
0.2898	1.2265
0.2697	1.3068
0.2479	1.9853
0.2647	1.2752
0.2886	1.4688
0.2698	1.2885
0.2488	1.9835
0.2647	1.2870
0.2890	1.4777
0.2697	1.2680
0.2485	2.0463
0.2649	1.2927
0.2874	1.5493
0.2695	1.2462
0.2496	1.9853
0.2651	1.2960
0.2861	1.4550
0.2694	1.2155
0.2506	2.0080
0.2653	1.2953
0.2868	1.4625
0.2691	1.1895
0.2501	1.9995
0.2656	1.2953
0.2858	1.4265
0.2689	1.1825
0.2509	1.9937
0.2659	1.2812
0.2841	1.4387
0.2686	1.1740
0.2522	2.0875
0.2660	1.2663
0.2843	1.4290
0.2684	1.1775
0.2521	2.0020
0.2661	1.2545
0.2826	1.3700
0.2683	1.1885
0.2534	1.8823
0.2662	1.2473
0.2810	1.3665
0.2682	1.1947
0.2547	2.0032
0.2663	1.2457
0.2794	1.2760
0.2681	1.2040
0.2560	1.9160
0.2662	1.2550
0.2785	1.3105
0.2682	1.2420
0.2568	1.7885
0.2661	1.2850
0.2783	1.2737
0.2683	1.2845
0.2570	1.8275
0.2660	1.3273
0.2780	1.3140
0.2684	1.3175
0.2572	1.7572
0.2661	1.3610
0.2767	1.3498
0.2683	1.3517
0.2583	1.6590
0.2662	1.3882
0.2757	1.4072
0.2683	1.3895
0.2592	1.6593
0.2660	1.4235
0.2766	1.4112
0.2684	1.4312
0.2584	1.6515
0.2660	1.4343
0.2756	1.4235
0.2684	1.4853
0.2593	1.6805
0.2662	1.4358
0.2757	1.4197
0.2682	1.5550
0.2592	1.6867
0.2664	1.4305
0.2762	1.4045
0.2680	1.6450
0.2587	1.5983
0.2663	1.4115
0.2756	1.4712
0.2681	1.7447
0.2593	1.6063
0.2661	1.3780
0.2749	1.4040
0.2683	1.7975
0.2600	1.6277
0.2654	1.3375
0.2744	1.3825
0.2690	1.8323
0.2604	1.5600
0.2643	1.2967
0.2739	1.4050
0.2702	1.8558
0.2608	1.5285
0.2631	1.2613
0.2738	1.4195
0.2715	1.8860
0.2609	1.5532
0.2615	1.2345
0.2736	1.4028
0.2731	1.8935
0.2611	1.5002
0.2602	1.2113
0.2732	1.4600
0.2746	1.8920
0.2614	1.5040
0.2592	1.2112
0.2729	1.4975
0.2758	1.8780
0.2617	1.4935
0.2585	1.2162
0.2738	1.5185
0.2765	1.8603
0.2609	1.5123
0.2578	1.2250
0.2742	1.5222
0.2773	1.8255
0.2605	1.5232
0.2572	1.2390
0.2741	1.5098
0.2780	1.7950
0.2606	1.5213
0.2568	1.2417
0.2742	1.5230
0.2785	1.8027
0.2606	1.5342
0.2564	1.2368
0.2744	1.5380
0.2790	1.8178
0.2604	1.5430
0.2556	1.2205
0.2740	1.4670
0.2799	1.8673
0.2607	1.5560
0.2550	1.2067
0.2738	1.4458
0.2806	1.9190
0.2609	1.5563
0.2541	1.1990
0.2735	1.4372
0.2817	1.9582
0.2612	1.4935
0.2528	1.1915
0.2731	1.4203
0.2833	2.0300
0.2616	1.4743
0.2516	1.2033
0.2729	1.4007
0.2849	2.0798
0.2618	1.4280
0.2502	1.2140
0.2725	1.4110
0.2867	2.0952
0.2621	1.3797
0.2487	1.2225
0.2726	1.4270
0.2887	2.1083
0.2621	1.3605
0.2476	1.2372
0.2733	1.4505
0.2902	2.0965
0.2614	1.3690
0.2462	1.2630
0.2734	1.4702
0.2921	2.0735
0.2613	1.3755
0.2453	1.2775
0.2740	1.4718
0.2934	2.0527
0.2607	1.3732
0.2446	1.2830
0.2745	1.4860
0.2944	2.0312
0.2603	1.3843
0.2440	1.2795
0.2748	1.4443
0.2953	2.0070
0.2600	1.3775
0.2435	1.2648
0.2747	1.4375
0.2960	2.0245
0.2601	1.4115
0.2429	1.2410
0.2745	1.3940
0.2969	2.0125
0.2603	1.3943
0.2421	1.1977
0.2743	1.3705
0.2980	2.0008
0.2604	1.3960
0.2607	1.3450
0.2411	1.1640
0.2740	1.3233
0.2996	1.9972
0.2611	1.3100
0.2400	1.1385
0.2735	1.2893
0.3014	1.9800
0.2611	1.2460
0.2386	1.1185
0.2736	1.2685
0.3036	1.9735
0.2613	1.2093
0.2372	1.1138
0.2734	1.2525
0.3059	1.9463
0.2611	1.1718
0.2360	1.1185
0.2736	1.2612
0.3079	1.9243
0.2606	1.1415
0.2350	1.1338
0.2741	1.2858
0.3096	1.8775
0.2603	1.1260
0.2344	1.1615
0.2745	1.3265
0.3107	1.8202
0.2598	1.1253
0.2338	1.1885
0.2750	1.3343
0.3118	1.7382
0.2597	1.1585
0.2334	1.2145
0.2751	1.3745
0.3124	1.6665
0.2592	1.1743
0.2330	1.2355
0.2757	1.3880
0.3131	1.6095
0.2588	1.2208
0.2328	1.2417
0.2762	1.3760
0.3136	1.5668
0.2584	1.2657
0.2326	1.2362
0.2766	1.3805
0.3139	1.5433
0.2582	1.2995
0.2325	1.2270
0.2768	1.3713
0.3141	1.5205
0.2584	1.3242
0.2322	1.2080
0.2766	1.3627
0.3146	1.5140
0.2582	1.3138
0.2319	1.1980
0.2769	1.3357
0.3151	1.5008
0.2585	1.3297
0.2315	1.1942
0.2765	1.3350
0.3160	1.4857
0.2588	1.3260
0.2310	1.1900
0.2762	1.3338
0.3168	1.4823
0.2588	1.3110
0.2306	1.1975
0.2761	1.3160
0.3176	1.4792
0.2592	1.2840
0.2302	1.2105
0.2757	1.3075
0.3185	1.4775
0.2589	1.2775
0.2298	1.2320
0.2760	1.3262
0.3191	1.4683
0.2587	1.2715
0.2297	1.2565
0.2763	1.3548
0.3194	1.4585
0.2583	1.2930
0.2295	1.2878
0.2767	1.3563
0.3197	1.4562
0.2582	1.3225
0.2295	1.3095
0.2769	1.3475
0.3197	1.4488
0.2581	1.2970
0.2294	1.3080
0.2770	1.3693
0.3200	1.4440
0.2575	1.3437
0.2294	1.3002
0.2776	1.3485
0.3199	1.4377
0.2574	1.3400
0.2293	1.2765
0.2778	1.3710
0.3201	1.4298
0.2579	1.3645
0.2293	1.2290
0.2772	1.3132
0.3202	1.4285
0.2585	1.3877
0.2291	1.2013
0.2765	1.3208
0.3205	1.4210
0.2582	1.3565
0.2287	1.1747
0.2768	1.3108
0.3212	1.4053
0.2589	1.3542
0.2284	1.1480
0.2761	1.2993
0.3220	1.3905
0.2583	1.3460
0.2281	1.1420
0.2768	1.3108
0.3226	1.3665
0.2590	1.2775
0.2274	1.1272
0.2759	1.3255
0.3239	1.3472
0.2591	1.2360
0.2272	1.1313
0.2759	1.3553
0.3243	1.3332
0.2587	1.2315
0.2270	1.1505
0.2763	1.3730
0.3248	1.3220
0.2583	1.2228
0.2269	1.1833
0.2768	1.3972
0.3249	1.3053
0.2579	1.2225
0.2270	1.2167
0.2772	1.3730
0.3247	1.3107
0.2573	1.2282
0.2270	1.2662
0.2779	1.4390
0.3248	1.3033
0.2569	1.2225
0.2270	1.2835
0.2783	1.4227
0.3247	1.2993
0.2564	1.2603
0.2269	1.2878
0.2790	1.4305
0.3248	1.2990
0.2565	1.2793
0.2271	1.2820
0.2788	1.4240
0.3245	1.2940
0.2563	1.2912
0.2271	1.2725
0.2791	1.4065
0.3245	1.2893
0.2562	1.3467
0.2270	1.2975
0.2792	1.3557
0.3246	1.2888
0.2564	1.3470
0.2270	1.3132
0.2789	1.3642
0.3246	1.2648
0.2564	1.3537
0.2269	1.3248
0.2789	1.3437
0.3250	1.2408
0.2564	1.3262
0.2268	1.3163
0.2790	1.4067
0.3252	1.2240
0.2564	1.3228
0.2268	1.3230
0.2790	1.4670
0.3251	1.2013
0.3246	1.1910
0.2572	1.3072
0.2271	1.3453
0.2781	1.4873
0.3236	1.1943
0.2567	1.2873
0.2275	1.3745
0.2786	1.5273
0.3230	1.1958
0.2565	1.2885
0.2278	1.3997
0.2788	1.5773
0.3226	1.2143
0.2555	1.2782
0.2281	1.4150
0.2800	1.6318
0.3220	1.2318
0.2544	1.2733
0.2283	1.4055
0.2813	1.6677
0.3214	1.2370
0.2539	1.2548
0.2286	1.3515
0.2820	1.7338
0.3209	1.2530
0.2533	1.2567
0.2289	1.2895
0.2827	1.7755
0.3207	1.2677
0.2527	1.2975
0.2290	1.2415
0.2835	1.8057
0.3210	1.2817
0.2518	1.3172
0.2289	1.2057
0.2846	1.8080
0.3214	1.2975
0.2513	1.3307
0.2286	1.1655
0.2853	1.7710
0.3222	1.2917
0.2510	1.3160
0.2282	1.1120
0.2857	1.7605
0.3229	1.2927
0.2500	1.3105
0.2279	1.0730
0.2869	1.8262
0.3236	1.2960
0.2500	1.2875
0.2275	1.0575
0.2870	1.8547
0.3242	1.2960
0.2492	1.2595
0.2273	1.0688
0.2880	1.8592
0.3247	1.2995
0.2488	1.2435
0.2270	1.1017
0.2885	1.9538
0.3252	1.3092
0.2483	1.2143
0.2268	1.1590
0.2892	1.9595
0.3255	1.3257
0.2468	1.2362
0.2266	1.2250
0.2912	2.0023
0.3257	1.3417
0.2456	1.1980
0.2265	1.2867
0.2929	1.9993
0.3257	1.3567
0.2444	1.2000
0.2265	1.3415
0.2947	1.9825
0.3256	1.3652
0.2426	1.2055
0.2266	1.3860
0.2973	1.9963
0.3253	1.3818
0.2419	1.2402
0.2267	1.4233
0.2984	1.9985
0.3250	1.3878
0.2408	1.2797
0.2269	1.4165
0.3001	1.9185
0.3248	1.3840
0.2403	1.3205
0.2270	1.4047
0.3008	1.9205
0.3245	1.3810
0.2399	1.3633
0.2271	1.3742
0.3015	1.9322
0.3243	1.3732
0.2394	1.4020
0.2272	1.3247
0.3023	1.9337
0.3243	1.3658
0.2393	1.4238
0.2272	1.2775
0.3025	1.9503
0.3249	1.3593
0.2393	1.4022
0.2269	1.2308
0.3025	1.9747
0.3253	1.3493
0.2386	1.3870
0.2267	1.1970
0.3036	2.0277
0.3259	1.3428
0.2378	1.3797
0.2264	1.1695
0.3049	2.0320
0.3266	1.3443
0.2365	1.3325
0.2261	1.1528
0.3070	2.0340
0.3272	1.3470
0.2359	1.2810
0.2258	1.1518
0.3081	2.0427
0.3277	1.3548
0.2343	1.2482
0.2255	1.1647
0.3108	2.0227
0.3280	1.3610
0.2332	1.2188
0.2254	1.1635
0.3129	1.9837
0.3282	1.3683
0.2326	1.2155
0.2253	1.1657
0.3139	1.9530
0.3284	1.3808
0.2316	1.2275
0.2252	1.1810
0.3157	1.8713
0.3285	1.3865
0.2309	1.2187
0.2252	1.1813
0.3171	1.8657
0.3289	1.3893
0.2307	1.2553
0.2250	1.1820
0.3173	1.7722
0.3295	1.3887
0.2302	1.2817
0.2247	1.1740
0.3184	1.7212
0.3302	1.3760
0.2297	1.2912
0.2244	1.1583
0.3193	1.7727
0.3309	1.3517
0.2295	1.3152
0.2241	1.1465
0.3197	1.7445
0.3317	1.3192
0.2289	1.3505
0.2237	1.1285
0.3208	1.7045
0.3322	1.2893
0.2288	1.3585
0.2235	1.1375
0.3211	1.7670
0.3327	1.2613
0.2285	1.3007
0.2233	1.4040
0.3217	1.7360
0.3329	1.2262
0.2275	1.2730
0.2231	1.4383
0.3237	1.7225
0.3329	1.1947
0.2271	1.2328
0.2232	1.4688
0.3245	1.6760
0.3326	1.1677
0.2271	1.2258
0.2233	1.5077
0.3244	1.6340
0.3322	1.1400
0.2265	1.2200
0.2235	1.5442
0.3258	1.5990
0.3264	1.1247
0.2257	1.2197
0.2262	1.5800
0.3275	1.6150
0.3257	1.1160
0.2251	1.2245
0.2265	1.6167
0.3287	1.5583
0.3250	1.1165
0.2249	1.2640
0.2268	1.6348
0.3290	1.6152
0.3244	1.1200
0.2247	1.2912
0.2272	1.6435
0.3295	1.6445
0.3236	1.1162
0.2249	1.3092
0.2276	1.6255
0.3291	1.6748
0.3229	1.1222
0.2244	1.3987
0.2279	1.3673
0.3301	1.6793
0.3222	1.1320
0.2241	1.4230
0.2282	1.3448
0.3308	1.7055
0.3218	1.1390
0.2236	1.4605
0.2285	1.3227
0.3320	1.7417
0.3214	1.1523
0.2236	1.4485
0.2286	1.2955
0.3320	1.6740
0.3214	1.1675
0.2228	1.4078
0.2287	1.2645
0.3337	1.6780
0.3213	1.1798
0.2229	1.3940
0.2287	1.2303
0.3336	1.5855
0.3212	1.2023
0.2223	1.3805
0.2287	1.1890
0.3349	1.5310
0.3212	1.2245
0.2221	1.3665
0.2287	1.1567
0.3352	1.4692
0.3214	1.2523
0.2225	1.3353
0.2287	1.1293
0.3344	1.4495
0.3215	1.2785
0.2222	1.2890
0.2286	1.1068
0.3351	1.3575
0.3219	1.3050
0.2225	1.2710
0.2284	1.0938
0.3343	1.3475
0.3225	1.3282
0.2226	1.2783
0.2281	1.0582
0.3341	1.2805
0.3232	1.3417
0.2225	1.2520
0.2278	1.0297
0.3343	1.2435
0.3240	1.3350
0.2224	1.3203
0.2273	1.0018
0.3346	1.3105
0.3249	1.3322
0.2221	1.3437
0.2269	0.9770
0.3353	1.2825
0.3257	1.3187
0.2221	1.3843
0.2265	0.9583
0.3353	1.2860
0.3269	1.2938
0.2222	1.4087
0.2259	0.9875
0.3350	1.2597
0.3350	1.1910
0.3278	1.2770
0.2222	1.3383
0.2255	1.0400
0.3342	1.1685
0.3284	1.2598
0.2226	1.2960
0.2252	1.0918
0.3337	1.1335
0.3291	1.2382
0.2228	1.3035
0.2249	1.1702
0.3322	1.1145
0.3295	1.2192
0.2235	1.2478
0.2247	1.2382
0.3309	1.1135
0.3290	1.1983
0.2241	1.2560
0.2250	1.5362
0.3310	1.1100
0.3282	1.1825
0.2240	1.2282
0.2253	1.6195
0.3317	1.1090
0.3276	1.1850
0.2237	1.1972
0.2256	1.6958
0.3315	1.1192
0.3264	1.1780
0.2238	1.2230
0.2262	1.7570
0.3323	1.1718
0.3253	1.1738
0.2234	1.1713
0.2267	1.8162
0.3318	1.2472
0.3198	1.1787
0.2237	1.1665
0.2294	1.8225
0.3324	1.3082
0.3186	1.1612
0.2234	1.2447
0.2301	1.8083
0.3323	1.3217
0.3177	1.1475
0.2234	1.3092
0.2305	1.7983
0.3314	1.3433
0.3170	1.1398
0.2238	1.3465
0.2309	1.7963
0.3322	1.3440
0.3161	1.1272
0.2235	1.3823
0.2314	1.8068
0.3326	1.3653
0.3156	1.1177
0.2233	1.3960
0.2317	1.6170
0.3324	1.3707
0.3148	1.1277
0.2234	1.4320
0.2321	1.6355
0.3320	1.3292
0.3142	1.1380
0.2236	1.4250
0.2325	1.6575
0.3314	1.3478
0.3130	1.1515
0.2238	1.3720
0.2331	1.7017
0.3315	1.3170
0.3116	1.1760
0.2238	1.3980
0.2339	1.7402
0.3311	1.2863
0.3099	1.1908
0.2240	1.3782
0.2348	1.7997
0.3310	1.2960
0.3087	1.2163
0.2240	1.3650
0.2356	1.8427
0.3302	1.3017
0.3076	1.2308
0.2244	1.3197
0.2362	1.8765
0.3309	1.3482
0.3063	1.2500
0.2241	1.3025
0.2370	1.8710
0.3304	1.3537
0.3052	1.2613
0.2243	1.3072
0.2376	1.8402
0.3306	1.3520
0.3039	1.2690
0.2242	1.2932
0.2384	1.8018
0.3309	1.3917
0.3029	1.2670
0.2241	1.2795
0.2390	1.7797
0.3316	1.3862
0.3019	1.2583
0.2237	1.2757
0.2396	1.7845
0.3324	1.3545
0.3013	1.2555
0.2234	1.2900
0.2401	1.8012
0.3325	1.3677
0.3007	1.2465
0.2233	1.2860
0.2404	1.8473
0.3324	1.3257
0.3000	1.2462
0.2234	1.2570
0.2409	1.8798
0.3335	1.2778
0.2992	1.2515
0.2229	1.2265
0.2414	1.9378
0.3326	1.2595
0.2979	1.2647
0.2233	1.1993
0.2422	2.0008
0.3323	1.2395
0.2964	1.2730
0.2234	1.1672
0.2432	2.0485
0.3322	1.2383
0.2944	1.2890
0.2235	1.1705
0.2446	2.1155
0.3321	1.2258
0.2926	1.3055
0.2235	1.1997
0.2458	2.1882
0.3321	1.2220
0.2908	1.3167
0.2235	1.1885
0.2471	2.2307
0.3329	1.2650
0.2891	1.3215
0.2231	1.1690
0.2484	2.2380
0.3340	1.3195
0.2878	1.3270
0.2227	1.2082
0.2493	2.2242
0.3340	1.3060
0.2865	1.3237
0.2227	1.2105
0.2504	2.1835
0.3330	1.3438
0.2849	1.3267
0.2231	1.2227
0.2516	2.1595
0.3343	1.3662
0.2837	1.3290
0.2226	1.2512
0.2525	2.1287
0.3347	1.3195
0.2825	1.3353
0.2223	1.3027
0.2535	2.1040
0.3348	1.2900
0.2814	1.3472
0.2223	1.3587
0.2544	2.1030
0.3343	1.2752
0.2802	1.3635
0.2225	1.3588
0.2553	2.0810
0.3348	1.2677
0.2790	1.3905
0.2223	1.3263
0.2563	2.0388
0.3346	1.2492
0.2779	1.4133
0.2224	1.3415
0.2573	2.0083
0.3333	1.2443
0.2768	1.4480
0.2230	1.3702
0.2583	1.9823
0.3325	1.2243
0.2758	1.4643
0.2233	1.2855
0.2591	1.9607
0.3322	1.2835
0.2752	1.4880
0.2235	1.3135
0.2597	1.9385
0.3317	1.2657
0.2748	1.5013
0.2237	1.3342
0.2600	1.9350
0.3322	1.2910
0.2744	1.5118
0.2235	1.2622
0.2604	1.9143
0.3319	1.3638
0.2742	1.5190
0.2236	1.2840
0.2605	1.8930
0.3334	1.3693
0.2738	1.5155
0.2229	1.2835
0.2609	1.8588
0.3336	1.3920
0.2733	1.5095
0.2228	1.2830
0.2613	1.8297
0.3333	1.3660
0.2724	1.4962
0.2230	1.2187
0.2622	1.8118
0.3353	1.3323
0.2718	1.4865
0.2221	1.2250
0.2628	1.7870
0.3351	1.3120
0.2712	1.4717
0.2222	1.2515
0.2634	1.7687
0.3344	1.2782
0.2707	1.4730
0.2225	1.3185
0.2638	1.7473
0.3346	1.2275
0.2704	1.4770
0.2224	1.2385
0.2641	1.7245
0.3350	1.2597
0.2701	1.4805
0.2222	1.2430
0.2644	1.6590
0.3346	1.2552
0.2700	1.4868
0.2224	1.3050
0.2645	1.6167
0.3333	1.2820
0.2698	1.4930
0.2230	1.2695
0.2646	1.5675
0.3325	1.3082
0.2697	1.4930
0.2233	1.2772
0.2647	1.5377
0.3334	1.3455
0.2697	1.4807
0.2229	1.2045
0.2648	1.5225
0.3337	1.3712
0.2698	1.4698
0.2228	1.2660
0.2646	1.5053
0.3341	1.3950
0.2699	1.4685
0.2226	1.2300
0.2646	1.5008
0.3354	1.4213
0.2701	1.4605
0.2221	1.1745
0.2644	1.5068
0.3351	1.4100
0.2700	1.4505
0.2222	1.1647
0.2644	1.5053
0.3378	1.3682
0.2698	1.3125
0.2210	1.2155
0.2647	1.4980
0.3373	1.3462
0.2696	1.1770
0.2212	1.2457
0.2649	1.4993
0.3383	1.2972
0.2695	1.1740
0.2208	1.2672
0.2650	1.4778
0.3388	1.2487
0.2692	1.1580
0.2206	1.2938
0.2653	1.4355
0.3380	1.2667
0.2689	1.1485
0.2209	1.2918
0.2655	1.3995
0.3368	1.2465
0.2670	1.1522
0.2214	1.3990
0.2674	1.3550
0.3359	1.2467
0.2652	1.1550
0.2218	1.4372
0.2692	1.3082
0.2689	1.2717
0.3348	1.2518
0.2655	1.1472
0.2223	1.4577
0.2683	1.0318
0.3344	1.2630
0.2661	1.1385
0.2225	1.5005
0.2680	1.0008
0.3345	1.3272
0.2664	1.1233
0.2224	1.5428
0.2675	0.9840
0.3343	1.3850
0.2669	1.2370
0.2225	1.5325
0.2670	0.9813
0.3331	1.4128
0.2674	1.3433
0.2231	1.4990
0.2667	0.9960
0.3337	1.3738
0.2677	1.3030
0.2228	1.4158
0.2638	1.0375
0.3335	1.3410
0.2707	1.2735
0.2229	1.4415
0.2638	1.0652
0.3332	1.3010
0.2707	1.2563
0.2230	1.3948
0.2638	1.0882
0.3335	1.2562
0.2707	1.2403
0.2229	1.4203
0.2641	1.1170
0.3340	1.2590
0.2704	1.2230
0.2227	1.3880
0.2645	1.1247
0.3339	1.2185
0.2699	1.2130
0.2227	1.4245
0.2650	1.3232
0.3321	1.1588
0.2695	1.2152
0.2235	1.4132
0.2653	1.3153
0.3325	1.2005
0.2692	1.2300
0.2234	1.4495
0.2654	1.3122
0.3307	1.2205
0.2690	1.2378
0.2242	1.4972
0.2655	1.2980
0.3302	1.2315
0.2689	1.2518
0.2244	1.5630
0.2655	1.2890
0.3292	1.3282
0.2690	1.2765
0.2249	1.7180
0.2653	1.2878
0.3279	1.3660
0.2692	1.4972
0.2255	1.7260
0.2650	1.3020
0.3277	1.4312
0.2695	1.5120
0.2255	1.8003
0.2649	1.3255
0.3275	1.4180
0.2696	1.5227
0.2257	1.8067
0.2647	1.3488
0.3267	1.3797
0.2697	1.5298
0.2260	1.7710
0.2647	1.3720
0.3254	1.4085
0.2698	1.5247
0.2267	1.8675
0.2621	1.3892
0.3244	1.4348
0.2725	1.5168
0.2272	1.9298
0.2623	1.4075
0.3245	1.2952
0.2722	1.5045
0.2271	1.9590
0.2626	1.4100
0.3224	1.2970
0.2719	1.5007
0.2281	2.0240
0.2630	1.4000
0.3219	1.3015
0.2715	1.4993
0.2284	2.0508
0.2633	1.3740
0.3195	1.2753
0.2712	1.5020
0.2296	2.1350
0.2635	1.3397
0.3176	1.3025
0.2710	1.3165
0.2306	2.1707
0.2636	1.2988
0.3141	1.1375
0.2709	1.3273
0.2325	2.2237
0.2636	1.2497
0.3126	1.3455
0.2709	1.3330
0.2333	2.2120
0.2633	1.2087
0.3115	1.3918
0.2712	1.3393
0.2339	2.3172
0.2629	1.1817
0.3082	1.4220
0.2716	1.3445
0.2359	2.2027
0.2624	1.1678
0.3071	1.4427
0.2722	1.3460
0.2365	2.1660
0.2619	1.1538
0.3031	1.5185
0.2727	1.3483
0.2389	2.1033
0.2615	1.1538
0.3053	1.4203
0.2732	1.3325
0.2375	2.0917
0.2612	1.1728
0.3038	1.3930
0.2735	1.3100
0.2385	2.0250
0.2611	1.1900
0.3043	1.4200
0.2736	1.2798
0.2382	1.9200
0.2610	1.2085
0.3037	1.3690
0.2737	1.2407
0.2386	1.8483
0.2609	1.2167
0.3029	1.5253
0.2738	1.2100
0.2390	1.8525
0.2611	1.2357
0.3000	1.3002
0.2736	1.1727
0.2409	1.8490
0.2614	1.2490
0.2997	1.3205
0.2732	1.1475
0.2411	1.8215
0.2617	1.2568
0.2989	1.3395
0.2730	1.1595
0.2415	1.8525
0.2619	1.2625
0.2983	1.3877
0.2727	1.1928
0.2420	1.8690
0.2620	1.2720
0.2972	1.3908
0.2726	1.2320
0.2427	1.8015
0.2624	1.2855
0.2954	1.4790
0.2722	1.2865
0.2439	1.7188
0.2626	1.2875
0.2948	1.4955
0.2720	1.3598
0.2443	1.7073
0.2624	1.3065
0.2951	1.4755
0.2722	1.4410
0.2441	1.7102
0.2620	1.3192
0.2950	1.4960
0.2726	1.5035
0.2442	1.7365
0.2615	1.3413
0.2956	1.4268
0.2732	1.5528
0.2438	1.6770
0.2611	1.3443
0.2957	1.4878
0.2736	1.6063
0.2437	1.6358
0.2605	1.3422
0.2959	1.5035
0.2743	1.6542
0.2436	1.6403
0.2599	1.3343
0.2948	1.4562
0.2750	1.6945
0.2443	1.6407
0.2594	1.3130
0.2941	1.4160
0.2754	1.7387
0.2448	1.6633
0.2592	1.2938
0.2929	1.4255
0.2757	1.7928
0.2457	1.7240
0.2588	1.2592
0.2929	1.4313
0.2762	1.8475
0.2457	1.7607
0.2584	1.2365
0.2925	1.3505
0.2767	1.8907
0.2459	1.7388
0.2576	1.2087
0.2919	1.4275
0.2776	1.9220
0.2463	1.7040
0.2563	1.1950
0.2908	1.4002
0.2791	1.9665
0.2472	1.6768
0.2548	1.1822
0.2905	1.4777
0.2808	2.0080
0.2474	1.6455
0.2533	1.1792
0.2901	1.4345
0.2827	2.0593
0.2477	1.6540
0.2519	1.1875
0.2893	1.4032
0.2845	2.0985
0.2483	1.5970
0.2506	1.1985
0.2901	1.3870
0.2862	2.0883
0.2477	1.5745
0.2495	1.2240
0.2894	1.3765
0.2877	2.0665
0.2482	1.5365
0.2485	1.2367
0.2900	1.3643
0.2889	2.0195
0.2477	1.5445
0.2475	1.2533
0.2892	1.3265
0.2903	1.9592
0.2483	1.5338
0.2468	1.2557
0.2892	1.3738
0.2913	1.8990
0.2483	1.5935
0.2463	1.2560
0.2888	1.2945
0.2920	1.8598
0.2486	1.5950
0.2457	1.2472
0.2881	1.3330
0.2929	1.8298
0.2491	1.6107
0.2451	1.2348
0.2874	1.2745
0.2937	1.8265
0.2496	1.5968
0.2446	1.2250
0.2866	1.3190
0.2944	1.8190
0.2502	1.5857
0.2440	1.2135
0.2856	1.3170
0.2953	1.8180
0.2510	1.5740
0.2432	1.2060
0.2851	1.3767
0.2965	1.8330
0.2514	1.5273
0.2424	1.1955
0.2848	1.3765
0.2976	1.8385
0.2517	1.4785
0.2414	1.2038
0.2847	1.3820
0.2991	1.8355
0.2517	1.4240
0.2405	1.2213
0.2848	1.3825
0.3006	1.8435
0.2517	1.3683
0.2396	1.2420
0.2850	1.3727
0.3020	1.8487
0.2515	1.2995
0.2389	1.2628
0.2863	1.3600
0.3031	1.8260
0.2505	1.2710
0.2504	1.2468
0.2381	1.2750
0.2864	1.3237
0.3043	1.8162
0.2501	1.2763
0.2377	1.2860
0.2868	1.3257
0.3051	1.7825
0.2501	1.2728
0.2374	1.2883
0.2869	1.3125
0.3056	1.7580
0.2501	1.2835
0.2370	1.2805
0.2868	1.3133
0.3063	1.7508
0.2503	1.3445
0.2367	1.2670
0.2866	1.2748
0.3067	1.7508
0.2507	1.3505
0.2362	1.2520
0.2861	1.2867
0.3076	1.7610
0.2511	1.3315
0.2358	1.2332
0.2855	1.2633
0.3083	1.7785
0.2512	1.3522
0.2351	1.2160
0.2854	1.2740
0.3094	1.7885
0.2511	1.3710
0.2343	1.2103
0.2854	1.3075
0.3108	1.7980
0.2514	1.3395
0.2335	1.2150
0.2851	1.3255
0.3123	1.8147
0.2512	1.3522
0.2325	1.2312
0.2854	1.3398
0.3141	1.8145
0.2510	1.3060
0.2317	1.2515
0.2856	1.3388
0.3156	1.8155
0.2510	1.3225
0.2311	1.2780
0.2856	1.3298
0.3167	1.8098
0.2509	1.3350
0.2305	1.3033
0.2858	1.3025
0.3177	1.7687
0.2505	1.3135
0.2302	1.3413
0.2863	1.2723
0.3184	1.7277
0.2508	1.3460
0.2299	1.3665
0.2858	1.2562
0.3190	1.6805
0.2507	1.4020
0.2297	1.3818
0.2860	1.2515
0.3194	1.6440
0.2511	1.4015
0.2294	1.3823
0.2855	1.2383
0.3199	1.6150
0.2516	1.3935
0.2293	1.3815
0.2849	1.2240
0.3201	1.5925
0.2519	1.4232
0.2294	1.3662
0.2845	1.2207
0.3200	1.5740
0.2523	1.4050
0.2292	1.3523
0.2839	1.2390
0.3204	1.5572
0.2529	1.3902
0.2289	1.3472
0.2832	1.2605
0.3209	1.5483
0.2531	1.3822
0.2286	1.3518
0.2830	1.2443
0.3215	1.5220
0.2530	1.3377
0.2283	1.3637
0.2831	1.2550
0.3221	1.5168
0.2530	1.3462
0.2280	1.3847
0.2831	1.2732
0.3227	1.5035
0.2529	1.2900
0.2277	1.4148
0.2832	1.2557
0.3232	1.4745
0.2523	1.2905
0.2276	1.4580
0.2839	1.2462
0.3236	1.4492
0.2528	1.2900
0.2276	1.4938
0.2833	1.2507
0.3234	1.4253
0.2526	1.3240
0.2277	1.5170
0.2836	1.2387
0.3232	1.3892
0.2528	1.3402
0.2281	1.5395
0.2833	1.2100
0.3225	1.3702
0.2528	1.3483
0.2285	1.5473
0.2834	1.1810
0.3216	1.3490
0.2535	1.3917
0.2290	1.5292
0.2825	1.2015
0.3207	1.3298
0.2536	1.4230
0.2293	1.5082
0.2823	1.2562
0.3200	1.3160
0.2541	1.4587
0.2297	1.4863
0.2817	1.3112
0.3194	1.3085
0.2547	1.4527
0.2298	1.4540
0.2810	1.4125
0.3192	1.2997
0.2551	1.4830
0.2298	1.4380
0.2805	1.4590
0.3191	1.2965
0.2548	1.4313
0.2297	1.4142
0.2809	1.5340
0.3194	1.2887
0.2550	1.4330
0.2296	1.4043
0.2807	1.5808
0.3195	1.2805
0.2545	1.3965
0.2296	1.4088
0.2812	1.6040
0.3196	1.2798
0.2534	1.3640
0.2297	1.4177
0.2826	1.6113
0.3193	1.2650
0.2531	1.3662
0.2300	1.4352
0.2830	1.6712
0.3187	1.2538
0.2522	1.3478
0.2303	1.4595
0.2841	1.6222
0.3181	1.2397
0.2517	1.3160
0.2306	1.4847
0.2847	1.6168
0.3175	1.2350
0.2515	1.3293
0.2310	1.4983
0.2850	1.5825
0.3168	1.2215
0.2515	1.3362
0.2314	1.5020
0.2849	1.5270
0.3161	1.2115
0.2512	1.3435
0.2317	1.4995
0.2854	1.5245
0.3155	1.2010
0.2513	1.3615
0.2320	1.4975
0.2853	1.5773
0.3150	1.1898
0.3144	1.1733
0.2511	1.3580
0.2323	1.4907
0.2855	1.5710
0.3140	1.1545
0.2513	1.3728
0.2325	1.4882
0.2853	1.6405
0.3135	1.1385
0.2509	1.3510
0.2328	1.4863
0.2857	1.6870
0.3128	1.1190
0.2508	1.3148
0.2332	1.4905
0.2859	1.7157
0.3120	1.0908
0.2495	1.2882
0.2336	1.5002
0.2877	1.7575
0.3113	1.0730
0.2491	1.2665
0.2341	1.5033
0.2882	1.7672
0.3103	1.0553
0.2481	1.2357
0.2346	1.5237
0.2895	1.8450
0.3093	1.0592
0.2474	1.1855
0.2352	1.5410
0.2905	1.8277
0.3083	1.0610
0.2462	1.1913
0.2358	1.5555
0.2921	1.8297
0.3071	1.0762
0.2455	1.1895
0.2365	1.5658
0.2931	1.7335
0.3062	1.0910
0.2450	1.2185
0.2370	1.5790
0.2939	1.7860
0.3050	1.1165
0.2438	1.2285
0.2377	1.5717
0.2956	1.7507
0.3043	1.1318
0.2431	1.2845
0.2382	1.5748
0.2966	1.7908
0.3034	1.1510
0.2430	1.3155
0.2387	1.5702
0.2968	1.8400
0.3028	1.1770
0.2429	1.3577
0.2391	1.5468
0.2970	1.8708
0.3021	1.1930
0.2422	1.3952
0.2395	1.5220
0.2979	1.9148
0.3017	1.2105
0.2419	1.3795
0.2398	1.4918
0.2985	1.8942
0.3011	1.2137
0.2413	1.3970
0.2402	1.4685
0.2993	1.8700
0.3005	1.2240
0.2400	1.3760
0.2406	1.4390
0.3013	1.9435
0.3003	1.2278
0.2394	1.3475
0.2407	1.4125
0.3022	1.9772
0.3001	1.2360
0.2389	1.3160
0.2408	1.3885
0.3031	1.9112
0.2999	1.2418
0.2378	1.3495
0.2409	1.3808
0.3048	1.9443
0.2996	1.2495
0.2376	1.2850
0.2411	1.3600
0.3052	1.9155
0.2995	1.2572
0.2365	1.3018
0.2412	1.3450
0.3071	1.8660
0.2994	1.2720
0.2357	1.2710
0.2412	1.3445
0.3085	1.8530
0.2993	1.2785
0.2354	1.2943
0.2413	1.3555
0.3089	1.8412
0.2992	1.2890
0.2351	1.2922
0.2414	1.3600
0.3095	1.8665
0.2991	1.2988
0.2342	1.3343
0.2415	1.3698
0.3110	1.9218
0.2989	1.3030
0.2337	1.3465
0.2416	1.3777
0.3119	1.9040
0.2990	1.2965
0.2330	1.3840
0.2415	1.3855
0.3133	1.9017
0.2987	1.2920
0.2328	1.3615
0.2417	1.3820
0.3135	1.8805
0.2986	1.2762
0.2315	1.3030
0.2418	1.3710
0.3159	1.8142
0.2984	1.2765
0.2312	1.2988
0.2419	1.3568
0.3165	1.8098
0.2981	1.2657
0.2304	1.2735
0.2421	1.3448
0.3180	1.7932
0.2978	1.2490
0.2300	1.2750
0.2423	1.3400
0.3187	1.7940
0.2977	1.2488
0.2298	1.2092
0.2424	1.3310
0.3191	1.7438
0.2975	1.2473
0.2296	1.2740
0.2425	1.3255
0.3196	1.7275
0.2976	1.2492
0.2287	1.2710
0.2424	1.3195
0.3213	1.6920
0.2975	1.2613
0.2282	1.2862
0.2425	1.3185
0.3224	1.6625
0.2973	1.2777
0.2275	1.3040
0.2426	1.3203
0.3238	1.7128
0.2973	1.2937
0.2271	1.3920
0.2427	1.3343
0.3244	1.7522
0.2972	1.3085
0.2267	1.4332
0.2427	1.3440
0.3252	1.7690
0.2971	1.3218
0.2268	1.5082
0.2428	1.3532
0.3252	1.7592
0.2971	1.3275
0.2265	1.5222
0.2428	1.3572
0.3258	1.7273
0.2971	1.3390
0.2258	1.5577
0.2428	1.3525
0.3272	1.6657
0.2970	1.3373
0.2261	1.5445
0.2428	1.3342
0.3266	1.6342
0.2969	1.3435
0.2261	1.5360
0.2429	1.3220
0.3266	1.5797
0.2971	1.3478
0.2261	1.4780
0.2428	1.3013
0.3265	1.5845
0.2970	1.3480
0.2260	1.4703
0.2429	1.2893
0.3267	1.5700
0.2971	1.3523
0.2263	1.4288
0.2428	1.2787
0.3261	1.5595
0.2973	1.3505
0.2262	1.3925
0.2426	1.2657
0.3263	1.5388
0.2976	1.3505
0.2263	1.3888
0.2424	1.2580
0.3261	1.5565
0.2979	1.3438
0.2257	1.3825
0.2422	1.2637
0.3275	1.6058
0.2982	1.3500
0.2255	1.4093
0.2421	1.2690
0.3279	1.6312
0.2984	1.3518
0.2245	1.3837
0.2419	1.2828
0.3300	1.6750
0.2985	1.3540
0.2246	1.4677
0.2418	1.3035
0.3298	1.7088
0.2985	1.3458
0.2244	1.4567
0.2418	1.3118
0.3302	1.6887
0.2985	1.3477
0.2239	1.5120
0.2418	1.3460
0.3314	1.6178
0.2984	1.3445
0.2238	1.4905
0.2419	1.3785
0.3315	1.5730
0.2983	1.3277
0.2234	1.5053
0.2420	1.4033
0.3324	1.4807
0.2982	1.3133
0.2238	1.4815
0.2420	1.4288
0.3315	1.4255
0.2982	1.3010
0.2239	1.4220
0.2420	1.4548
0.3312	1.3603
0.2980	1.2897
0.2246	1.3948
0.2422	1.4845
0.3298	1.2685
0.2976	1.2748
0.2246	1.3445
0.2425	1.5193
0.3297	1.2135
0.3295	1.1983
0.2970	1.2690
0.2247	1.3708
0.2428	1.5600
0.3286	1.1655
0.2965	1.2682
0.2251	1.3185
0.2432	1.6110
0.3289	1.1758
0.2958	1.2785
0.2250	1.3262
0.2436	1.6772
0.3286	1.2085
0.2951	1.2677
0.2251	1.3200
0.2441	1.7235
0.3286	1.2215
0.2941	1.2685
0.2251	1.3633
0.2448	1.7658
0.3286	1.2085
0.2932	1.2792
0.2251	1.3825
0.2454	1.8055
0.3282	1.2192
0.2922	1.2923
0.2253	1.3985
0.2461	1.8280
0.3279	1.2235
0.2913	1.2930
0.2255	1.4580
0.2468	1.8510
0.3273	1.1850
0.2901	1.2898
0.2257	1.4440
0.2477	1.8558
0.3266	1.1852
0.2890	1.2928
0.2261	1.4585
0.2485	1.8382
0.3258	1.1707
0.2880	1.2855
0.2265	1.4310
0.2492	1.8263
0.3248	1.1983
0.2873	1.2783
0.2270	1.4207
0.2497	1.8020
0.3239	1.1875
0.2864	1.2632
0.2274	1.3862
0.2504	1.7627
0.3231	1.2090
0.2855	1.2472
0.2278	1.3550
0.2511	1.7497
0.3228	1.2305
0.2850	1.2292
0.2279	1.3225
0.2515	1.7267
0.3231	1.2620
0.2842	1.2110
0.2278	1.3033
0.2521	1.7258
0.3235	1.3195
0.2836	1.1910
0.2276	1.2857
0.2526	1.7550
0.3237	1.3693
0.2830	1.1882
0.2275	1.2187
0.2530	1.7780
0.3242	1.3820
0.2819	1.1842
0.2272	1.2573
0.2540	1.8142
0.3247	1.3773
0.2809	1.1813
0.2270	1.2577
0.2548	1.8505
0.3249	1.3525
0.2797	1.1777
0.2269	1.2858
0.2557	1.8613
0.3255	1.3302
0.2783	1.1805
0.2266	1.2862
0.2569	1.8662
0.3271	1.2902
0.2770	1.1693
0.2259	1.3100
0.2581	1.8585
0.3257	1.2977
0.2756	1.1750
0.2265	1.2965
0.2593	1.8145
0.3253	1.2530
0.2745	1.1713
0.2267	1.3045
0.2603	1.8003
0.3245	1.2665
0.2736	1.1753
0.2271	1.2750
0.2611	1.7647
0.3244	1.2290
0.2729	1.1793
0.2272	1.2377
0.2617	1.7197
0.3233	1.2062
0.2724	1.2003
0.2277	1.2678
0.2622	1.6840
0.3243	1.2902
0.2721	1.2275
0.2272	1.2708
0.2625	1.6317
0.3236	1.2980
0.2713	1.2447
0.2275	1.2470
0.2632	1.6180
0.3247	1.3343
0.2708	1.2730
0.2270	1.1922
0.2637	1.6097
0.3253	1.3312
0.2702	1.2830
0.2267	1.2245
0.2643	1.6118
0.3257	1.3483
0.2698	1.3067
0.2265	1.1895
0.2647	1.6230
0.3261	1.3307
0.2696	1.3255
0.2263	1.2197
0.2648	1.6325
0.3264	1.3300
0.2690	1.3440
0.2262	1.2105
0.2654	1.6185
0.3275	1.2887
0.2686	1.3457
0.2257	1.2707
0.2658	1.6007
0.3266	1.2795
0.2681	1.3497
0.2261	1.3243
0.2663	1.5685
0.3266	1.2590
0.2678	1.3312
0.2261	1.3498
0.2666	1.5385
0.3266	1.2285
0.2676	1.3117
0.2261	1.3175
0.2668	1.5210
0.3261	1.2428
0.2674	1.2965
0.2263	1.3585
0.2671	1.4987
0.3251	1.1997
0.2671	1.2632
0.2268	1.3995
0.2673	1.4735
0.3243	1.2347
0.2670	1.2675
0.2272	1.3690
0.2674	1.4498
0.3238	1.2470
0.2668	1.2630
0.2274	1.3837
0.2676	1.4473
0.3243	1.2835
0.2666	1.2633
0.2272	1.3420
0.2678	1.4507
0.3240	1.2943
0.2661	1.2753
0.2274	1.3055
0.2683	1.4545
0.3233	1.3103
0.2656	1.2987
0.2277	1.3165
0.2688	1.4662
0.3238	1.3050
0.2655	1.3130
0.2274	1.2385
0.2689	1.4863
0.3237	1.2728
0.2652	1.3265
0.2275	1.2072
0.2692	1.4980
0.3254	1.2720
0.2649	1.3308
0.2267	1.2252
0.2695	1.4975
0.3259	1.2508
0.2648	1.3345
0.2264	1.2015
0.2696	1.4927
0.3250	1.2685
0.2647	1.3445
0.2269	1.1760
0.2697	1.4905
0.3257	1.2800
0.2646	1.3200
0.2265	1.1650
0.2699	1.4870
0.3252	1.2815
0.2644	1.3077
0.2268	1.2122
0.2701	1.4910
0.3253	1.2635
0.2642	1.2952
0.2267	1.2197
0.2702	1.4965
0.3250	1.2640
0.2639	1.2835
0.2268	1.2633
0.2706	1.5010
0.3252	1.2785
0.2636	1.2790
0.2267	1.1903
0.2709	1.4983
0.3262	1.3653
0.2632	1.2817
0.2263	1.2312
0.2713	1.4922
0.3252	1.4038
0.2626	1.2962
0.2268	1.2380
0.2719	1.4892
0.3263	1.4158
0.2621	1.3180
0.2262	1.1975
0.2725	1.4870
0.3259	1.4137
0.2618	1.3390
0.2264	1.2320
0.2728	1.4728
0.3268	1.3815
0.2617	1.3643
0.2260	1.2645
0.2729	1.4688
0.3286	1.3255
0.2617	1.3865
0.2251	1.1872
0.2730	1.4560
0.3288	1.3327
0.2617	1.4040
0.2251	1.1762
0.2729	1.4395
0.3299	1.2895
0.2619	1.4090
0.2245	1.2003
0.2727	1.4215
0.3289	1.3230
0.2620	1.3977
0.2250	1.2012
0.2726	1.4135
0.3277	1.3448
0.2622	1.3670
0.2256	1.2575
0.2724	1.4138
0.3292	1.2987
0.2622	1.3385
0.2249	1.3017
0.2723	1.4167
0.3285	1.3170
0.2621	1.2963
0.2252	1.3072
0.2725	1.4217
0.3282	1.3172
0.2620	1.2570
0.2253	1.3647
0.2726	1.4228
0.3285	1.3565
0.2616	1.2315
0.2252	1.3768
0.2731	1.4203
0.3287	1.3855
0.2611	1.2057
0.2251	1.4118
0.2736	1.4085
0.3285	1.3828
0.2606	1.2060
0.2252	1.4827
0.2742	1.3925
0.3290	1.3533
0.2600	1.2062
0.2250	1.5015
0.2748	1.3702
0.3289	1.3267
0.2597	1.2260
0.2250	1.5168
0.2752	1.3457
0.3285	1.2915
0.2595	1.2510
0.2252	1.5265
0.2754	1.3177
0.3272	1.2460
0.2594	1.2810
0.2258	1.4932
0.2755	1.3010
0.3271	1.2083
0.2597	1.3157
0.2259	1.5515
0.2751	1.2755
0.3254	1.1640
0.2599	1.3772
0.2267	1.5287
0.2749	1.2653
0.3242	1.1583
0.2603	1.4045
0.2273	1.5340
0.2744	1.2748
0.3235	1.1578
0.2607	1.4020
0.2276	1.4918
0.2741	1.2900
0.2739	1.3133
0.3234	1.1487
0.2608	1.3955
0.2276	1.5310
0.2735	1.3563
0.3213	1.1957
0.2611	1.3788
0.2287	1.5802
0.2731	1.3768
0.3213	1.2085
0.2615	1.3573
0.2287	1.6433
0.2732	1.3938
0.3210	1.3083
0.2614	1.3300
0.2289	1.6613
0.2737	1.3950
0.3214	1.3068
0.2610	1.3048
0.2286	1.7270
0.2742	1.3837
0.3192	1.2545
0.2605	1.2878
0.2298	1.7925
0.2748	1.3862
0.3190	1.2385
0.2600	1.2735
0.2299	1.7182
0.2752	1.3640
0.3164	1.2500
0.2596	1.2407
0.2312	1.7768
0.2754	1.3442
0.3169	1.1977
0.2595	1.2410
0.2310	1.7853
0.2754	1.3292
0.3150	1.1633
0.2595	1.2635
0.2320	1.8470
0.2754	1.3148
0.3126	1.1723
0.2595	1.2837
0.2333	1.8330
0.2752	1.2988
0.3117	1.1535
0.2596	1.2890
0.2338	1.8653
0.2750	1.3000
0.3107	1.1867
0.2599	1.2923
0.2344	1.8457
0.2748	1.3130
0.3093	1.1610
0.2600	1.2858
0.2352	1.8975
0.2747	1.3415
0.3079	1.1922
0.2601	1.2858
0.2360	1.9263
0.2747	1.3770
0.3063	1.2885
0.2601	1.2757
0.2370	1.9188
0.2749	1.3912
0.3052	1.3427
0.2599	1.2580
0.2376	1.9828
0.2753	1.4092
0.3037	1.3600
0.2595	1.4690
0.2385	2.0405
0.2758	1.4108
0.3028	1.3675
0.2591	1.4590
0.2391	1.9942
0.2763	1.3975
0.3010	1.4142
0.2587	1.4500
0.2402	2.1055
0.2769	1.3855
0.3007	1.4192
0.2581	1.4438
0.2404	2.0728
0.2773	1.3698
0.2997	1.4020
0.2578	1.4493
0.2410	2.0355
0.2741	1.3490
0.2981	1.3892
0.2607	1.4617
0.2421	1.9698
0.2741	1.3332
0.2978	1.3605
0.2607	1.4785
0.2423	1.8993
0.2739	1.3148
0.2953	1.3608
0.2608	1.4932
0.2440	1.8158
0.2738	1.2935
0.2945	1.3237
0.2609	1.5163
0.2446	1.8115
0.2738	1.2872
0.2938	1.3268
0.2610	1.5362
0.2450	1.8275
0.2736	1.2945
0.2934	1.3710
0.2611	1.3210
0.2453	1.8045
0.2736	1.3052
0.2932	1.4470
0.2611	1.3155
0.2454	1.8178
0.2736	1.3320
0.2930	1.5070
0.2611	1.3080
0.2456	1.7295
0.2735	1.3510
0.2921	1.5603
0.2611	1.2993
0.2462	1.7707
0.2735	1.3662
0.2910	1.5932
0.2612	1.2838
0.2470	1.8105
0.2737	1.3817
0.2906	1.6023
0.2610	1.2695
0.2473	1.7765
0.2739	1.3798
0.2913	1.6118
0.2608	1.2610
0.2468	1.8015
0.2743	1.3765
0.2915	1.5740
0.2605	1.2608
0.2467	1.8352
0.2746	1.3650
0.2909	1.4995
0.2602	1.2588
0.2471	1.7992
0.2750	1.3617
0.2901	1.5565
0.2598	1.2677
0.2476	1.7495
0.2753	1.3533
0.2904	1.4325
0.2596	1.2785
0.2474	1.7722
