#rho	velocity
0.2654	0.9685
0.2732	1.0095
0.2690	1.1575
0.2615	1.3505
0.2648	0.9447
0.2726	0.9757
0.2696	1.1273
0.2620	1.3513
0.2647	0.9602
0.2718	0.9552
0.2698	1.0993
0.2627	1.3445
0.2647	0.9442
0.2706	0.9612
0.2698	1.0710
0.2639	1.3365
0.2643	1.0105
0.2702	0.8825
0.2702	1.0445
0.2643	1.3270
0.2648	1.0195
0.2693	0.8800
0.2696	1.0257
0.2652	1.3042
0.2644	1.0728
0.2686	0.9085
0.2701	1.0190
0.2658	1.2755
0.2648	1.0785
0.2680	0.9272
0.2697	1.0160
0.2664	1.2407
0.2649	1.0663
0.2679	0.9723
0.2695	1.0250
0.2665	1.1852
0.2652	1.1187
0.2672	0.9740
0.2692	1.0400
0.2672	1.1323
0.2653	1.0722
0.2670	1.0128
0.2691	1.0537
0.2674	1.1055
0.2656	1.1002
0.2672	1.0157
0.2688	1.0708
0.2672	1.0637
0.2656	1.0585
0.2673	1.0140
0.2689	1.0795
0.2671	1.0408
0.2653	1.0615
0.2675	0.9830
0.2692	1.0908
0.2669	1.0355
0.2654	1.0537
0.2679	1.0013
0.2691	1.1008
0.2665	1.0380
0.2651	1.0280
0.2679	0.9820
0.2693	1.1008
0.2665	1.0673
0.2648	1.0170
0.2679	0.9365
0.2696	1.0962
0.2665	1.0997
0.2645	1.0037
0.2676	0.9190
0.2700	1.0907
0.2668	1.1223
0.2645	1.0310
0.2671	0.8947
0.2700	1.0800
0.2673	1.1490
0.2646	1.0230
0.2667	0.8745
0.2699	1.0587
0.2677	1.1603
0.2643	1.0603
0.2658	0.8557
0.2701	1.0445
0.2686	1.1650
0.2645	1.0722
0.2649	0.8900
0.2700	1.0292
0.2695	1.1720
0.2643	1.1077
0.2644	0.8718
0.2701	1.0280
0.2701	1.1722
0.2646	1.1002
0.2639	0.9173
0.2699	1.0330
0.2706	1.1480
0.2649	1.1253
0.2638	0.9322
0.2696	1.0360
0.2706	1.1265
0.2653	1.1323
0.2636	0.9660
0.2691	1.0478
0.2709	1.0915
0.2654	1.1265
0.2639	0.9965
0.2690	1.0555
0.2706	1.0570
0.2656	1.1318
0.2634	1.0142
0.2688	1.0593
0.2711	1.0328
0.2654	1.1042
0.2639	1.0260
0.2690	1.0625
0.2706	1.0193
0.2658	1.0853
0.2640	1.0060
0.2686	1.0703
0.2705	1.0255
0.2655	1.0397
0.2640	1.0215
0.2689	1.0815
0.2704	1.0282
0.2655	1.0220
0.2641	1.0005
0.2689	1.0740
0.2704	1.0423
0.2654	1.0040
0.2641	1.0192
0.2691	1.0650
0.2703	1.0680
0.2652	1.0080
0.2640	1.0007
0.2693	1.0458
0.2705	1.1030
0.2651	0.9737
0.2636	0.9840
0.2694	1.0250
0.2709	1.1472
0.2647	0.9750
0.2635	0.9930
0.2697	0.9957
0.2710	1.1690
0.2647	0.9670
0.2633	0.9888
0.2698	0.9757
0.2712	1.2078
0.2647	0.9772
0.2627	0.9955
0.2697	0.9600
0.2718	1.2320
0.2649	0.9837
0.2624	1.0095
0.2695	0.9505
0.2721	1.2340
0.2651	0.9930
0.2617	1.0590
0.2693	0.9445
0.2729	1.2277
0.2652	0.9992
0.2616	1.0747
0.2692	0.9388
0.2730	1.2190
0.2654	1.0175
0.2611	1.0888
0.2691	0.9810
0.2736	1.2110
0.2656	1.0142
0.2609	1.1275
0.2688	1.0202
0.2738	1.1820
0.2656	0.9808
0.2609	1.1393
0.2688	1.0590
0.2738	1.1525
0.2657	0.9708
0.2613	1.1652
0.2687	1.1008
0.2734	1.1160
0.2656	0.9718
0.2615	1.1347
0.2688	1.1465
0.2732	1.0803
0.2652	0.9425
0.2616	1.1492
0.2692	1.1858
0.2730	1.0608
0.2646	0.8900
0.2620	1.1490
0.2698	1.4620
0.2727	1.0405
0.2638	0.8613
0.2623	1.1085
0.2707	1.4878
0.2723	1.0340
0.2633	0.8358
0.2624	1.0615
0.2712	1.4950
0.2722	1.0467
0.2628	0.8288
0.2624	1.0740
0.2718	1.4915
0.2722	1.0577
0.2620	0.7927
0.2623	1.0652
0.2726	1.4615
0.2723	1.0765
0.2578	0.7828
0.2624	0.9937
0.2774	1.4290
0.2722	1.1102
0.2571	0.7893
0.2619	1.0058
0.2782	1.4007
0.2727	1.1425
0.2568	0.7778
0.2615	0.9145
0.2785	1.3755
0.2732	1.1543
0.2565	0.7878
0.2617	0.9247
0.2788	1.3672
0.2729	1.1707
0.2561	0.8025
0.2615	0.9613
0.2793	1.3700
0.2732	1.1482
0.2559	0.8367
0.2604	0.9315
0.2796	1.1477
0.2744	1.1380
0.2556	0.8498
0.2604	0.9918
0.2799	1.1868
0.2744	1.1230
0.2553	0.8442
0.2591	1.0390
0.2803	1.2462
0.2758	1.0963
0.2550	0.8410
0.2590	0.9570
0.2806	1.2855
0.2759	1.0818
0.2544	0.8635
0.2597	0.9990
0.2813	1.3415
0.2751	1.0455
0.2537	0.8507
0.2596	1.0593
0.2822	1.3830
0.2753	1.0095
0.2527	0.8520
0.2601	1.0367
0.2835	1.4215
0.2747	0.9793
0.2516	0.8603
0.2607	1.1352
0.2849	1.4602
0.2741	0.9690
0.2508	0.8372
0.2600	1.1173
0.2859	1.4708
0.2748	0.9740
0.2500	0.8347
0.2609	1.1155
0.2869	1.4585
0.2739	0.9865
0.2491	0.8388
0.2610	1.1265
0.2881	1.4455
0.2737	1.0207
0.2483	0.8398
0.2612	1.1078
0.2892	1.4015
0.2735	1.0543
0.2477	0.8960
0.2614	1.0783
0.2901	1.3698
0.2733	1.0872
0.2470	0.9198
0.2609	1.1203
0.2910	1.3678
0.2738	1.1037
0.2466	0.9293
0.2615	1.1345
0.2916	1.3518
0.2732	1.1273
0.2461	0.9518
0.2610	1.1240
0.2922	1.3710
0.2737	1.1373
0.2457	0.9657
0.2608	1.2330
0.2928	1.4103
0.2739	1.1342
0.2457	0.9777
0.2606	1.1693
0.2928	1.4440
0.2742	1.1235
0.2453	0.9830
0.2602	1.2112
0.2934	1.4878
0.2745	1.1028
0.2448	0.9803
0.2610	1.1682
0.2941	1.5318
0.2738	1.0800
0.2440	1.0040
0.2609	1.2180
0.2953	1.5587
0.2738	1.0435
0.2430	0.9775
0.2625	1.2085
0.2968	1.5968
0.2720	1.0145
0.2421	0.9242
0.2620	1.1970
0.2981	1.6090
0.2726	0.9925
0.2410	0.8975
0.2624	1.2002
0.2998	1.6277
0.2721	0.9853
0.2401	0.9040
0.2627	1.1362
0.3013	1.6197
0.2719	0.9905
0.2396	0.9115
0.2634	1.1448
0.3020	1.5795
0.2711	0.9950
0.2710	1.0148
0.2385	0.9030
0.2635	1.0290
0.3038	1.5272
0.2712	1.0523
0.2377	0.8978
0.2634	1.0675
0.3051	1.4630
0.2713	1.0718
0.2368	0.9060
0.2632	1.0425
0.3065	1.3965
0.2716	1.1063
0.2365	0.9172
0.2630	1.0713
0.3070	1.3492
0.2716	1.1458
0.2363	0.9120
0.2629	1.0482
0.3074	1.3145
0.2718	1.1667
0.2358	0.9390
0.2627	1.0610
0.3082	1.2800
0.2724	1.1732
0.2356	0.9535
0.2622	1.1003
0.3085	1.2620
0.2726	1.1763
0.2355	0.9502
0.2620	1.1128
0.3088	1.2450
0.2724	1.1715
0.2352	0.9365
0.2622	1.1208
0.3093	1.2423
0.2726	1.1647
0.2350	0.8963
0.2620	1.1447
0.3096	1.2323
0.2726	1.1438
0.2346	0.8835
0.2620	1.1350
0.3103	1.2248
0.2722	1.1127
0.2343	0.8790
0.2624	1.1350
0.3109	1.2308
0.2723	1.1048
0.2336	0.8682
0.2623	1.1360
0.3122	1.2615
0.2723	1.0793
0.2332	0.8725
0.2623	1.0990
0.3129	1.2595
0.2719	1.0558
0.2326	0.8527
0.2626	1.0720
0.3139	1.2520
0.2720	1.0482
0.2321	0.8513
0.2626	1.0803
0.3148	1.2648
0.2721	1.0475
0.2318	0.8560
0.2625	1.0593
0.3154	1.2580
0.2721	1.0487
0.2312	0.8618
0.2625	1.0407
0.3165	1.2275
0.2721	1.0570
0.2310	0.8655
0.2625	1.0553
0.3169	1.2213
0.2723	1.0753
0.2307	0.8925
0.2623	1.0247
0.3174	1.2378
0.2721	1.0995
0.2302	0.9235
0.2625	1.0690
0.3184	1.2323
0.2721	1.1240
0.2299	0.9332
0.2625	1.0990
0.3189	1.2348
0.2724	1.1402
0.2296	0.8983
0.2622	1.1185
0.3195	1.2140
0.2724	1.1477
0.2294	0.9170
0.2622	1.1457
0.3200	1.2243
0.2727	1.1550
0.2289	0.9240
0.2620	1.1817
0.3208	1.2330
0.2724	1.1442
0.2288	0.9042
0.2622	1.1662
0.3211	1.2060
0.2724	1.1370
0.2286	0.9025
0.2622	1.1680
0.3215	1.2047
0.2724	1.1170
0.2278	0.9058
0.2622	1.1940
0.3230	1.2165
0.2721	1.0842
0.2277	0.9130
0.2624	1.1730
0.3232	1.2120
0.2719	1.0547
0.2275	0.9185
0.2626	1.1753
0.3238	1.1963
0.2718	1.0348
0.2270	0.8952
0.2628	1.1123
0.3247	1.1992
0.2716	1.0132
0.2268	0.8908
0.2629	1.0983
0.3251	1.1887
0.2713	0.9947
0.2264	0.9775
0.2633	1.0675
0.3259	1.1843
0.2711	0.9855
0.2263	0.9640
0.2635	1.0440
0.3262	1.1832
0.2709	0.9790
0.2261	0.9575
0.2636	1.0272
0.3267	1.1903
0.2713	0.9887
0.2257	1.0157
0.2632	1.0202
0.3275	1.2023
0.2712	0.9940
0.2255	1.0305
0.2633	1.0190
0.3278	1.2193
0.2714	1.0085
0.2257	1.0487
0.2632	1.0095
0.3274	1.2315
0.2713	1.0368
0.2255	1.0213
0.2633	1.0600
0.3278	1.2375
0.2712	1.0528
0.2251	1.0488
0.2633	1.0090
0.3287	1.2460
0.2713	1.0667
0.2251	1.0633
0.2632	1.0697
0.3286	1.2465
0.2712	1.0710
0.2249	1.0545
0.2633	1.0640
0.3292	1.2478
0.2712	1.0685
0.2246	1.0262
0.2633	1.1060
0.3299	1.2395
0.2707	1.0755
0.2241	1.0060
0.2638	1.0835
0.3309	1.2215
0.2715	1.0565
0.2241	1.0322
0.2630	1.0545
0.3309	1.1870
0.2712	1.0483
0.2238	1.0177
0.2633	1.0495
0.3314	1.1667
0.2713	1.0270
0.2236	1.0122
0.2632	1.0425
0.3320	1.1255
0.2708	1.0175
0.2236	1.0050
0.2637	1.0182
0.3320	1.0973
0.2712	1.0038
0.2233	1.0472
0.2634	0.9698
0.3325	1.0750
0.2712	0.9970
0.2235	1.0583
0.2633	1.0425
0.3321	1.0628
0.2713	0.9825
0.2236	1.0638
0.2632	1.0013
0.3319	1.0470
0.2710	0.9835
0.2237	1.0848
0.2635	1.0300
0.3317	1.0410
0.2712	0.9993
0.2236	1.0858
0.2633	1.0263
0.3319	1.0410
0.2712	1.0067
0.2238	1.1197
0.2633	1.1098
0.3315	1.0337
0.2709	1.0410
0.2240	1.0975
0.2636	1.1755
0.3310	1.0292
0.2710	1.0535
0.2240	1.1160
0.2635	1.2335
0.3311	1.0240
0.2706	1.0918
0.2240	1.0965
0.2639	1.2505
0.3310	1.0197
0.2704	1.1157
0.2240	1.1130
0.2641	1.2688
0.3310	0.9980
0.2696	1.1355
0.2242	1.0950
0.2648	1.2793
0.3306	0.9797
0.2693	1.1615
0.2242	1.0783
0.2652	1.2777
0.3306	0.9610
0.2687	1.1705
0.2245	1.0960
0.2658	1.2892
0.3299	0.9440
0.2687	1.1605
0.2245	1.1193
0.2657	1.2740
0.3300	0.9255
0.2690	1.1438
0.2248	1.1512
0.2654	1.2482
0.3294	0.9038
0.2691	1.1278
0.2249	1.1562
0.2653	1.1782
0.3290	0.9013
0.3285	0.9020
0.2692	1.0940
0.2252	1.0935
0.2653	1.1620
0.3278	0.9080
0.2692	1.0640
0.2255	1.2262
0.2652	1.1395
0.3268	0.9188
0.2689	1.0260
0.2260	1.2898
0.2655	1.1575
0.3257	0.9388
0.2689	0.9808
0.2265	1.3030
0.2655	1.1905
0.3252	0.9673
0.2689	0.9542
0.2268	1.3453
0.2655	1.2182
0.3265	0.9928
0.2683	0.9113
0.2262	1.3365
0.2661	1.2568
0.3231	1.0168
0.2676	0.8935
0.2278	1.3775
0.2668	1.3175
0.3221	1.0377
0.2668	0.8930
0.2283	1.3357
0.2676	1.3623
0.3216	1.0660
0.2660	0.8970
0.2285	1.3453
0.2684	1.3902
0.3210	1.0712
0.2653	0.9080
0.2288	1.3160
0.2691	1.4595
0.3212	1.0825
0.2642	0.9198
0.2287	1.4480
0.2702	1.4265
0.3202	1.0762
0.2632	0.9482
0.2293	1.2452
0.2713	1.4528
0.3206	1.0725
0.2623	0.9672
0.2291	1.2047
0.2723	1.4433
0.3199	1.0612
0.2620	0.9930
0.2294	1.2275
0.2727	1.4158
0.3201	1.0482
0.2612	0.9932
0.2293	1.2180
0.2735	1.4495
0.3188	1.0268
0.2612	0.9945
0.2300	1.2845
0.2735	1.3990
0.3196	1.0162
0.2605	0.9953
0.2296	1.2393
0.2742	1.3752
0.3194	1.0142
0.2602	0.9825
0.2297	1.2897
0.2746	1.3465
0.3182	1.0048
0.2601	1.2085
0.2303	1.2857
0.2746	1.3950
0.3176	1.0110
0.2591	1.1843
0.2306	1.3245
0.2759	1.4210
0.3160	1.0145
0.2587	1.1700
0.2315	1.2892
0.2763	1.4878
0.3157	1.0355
0.2581	1.1435
0.2316	1.3522
0.2770	1.5387
0.3150	1.0497
0.2574	1.1293
0.2320	1.3690
0.2778	1.5482
0.3142	1.0660
0.2594	1.1185
0.2324	1.3305
0.2755	1.6127
0.3138	1.0825
0.2580	1.1215
0.2327	1.2722
0.2771	1.5970
0.3134	1.0905
0.2569	1.1272
0.2329	1.2213
0.2783	1.6035
0.3133	1.0998
0.2553	1.1365
0.2330	1.2405
0.2803	1.5865
0.3130	1.0890
0.2546	1.1562
0.2331	1.1850
0.2811	1.5775
0.3130	1.0847
0.2536	0.9390
0.2331	1.1993
0.2823	1.5385
0.3138	1.0680
0.2528	0.9600
0.2327	1.2217
0.2833	1.5040
0.3134	1.0537
0.2525	0.9892
0.2329	1.1767
0.2837	1.4162
0.3129	1.0325
0.2522	1.0170
0.2331	1.1595
0.2841	1.3305
0.3131	1.0160
0.2519	1.0380
0.2330	1.1292
0.2844	1.3138
0.3120	0.9992
0.2516	1.0520
0.2337	1.1725
0.2849	1.2970
0.3108	0.9828
0.2509	1.0580
0.2343	1.2007
0.2857	1.2887
0.3110	0.9815
0.2514	1.0575
0.2342	1.2672
0.2851	1.3800
0.3108	0.9802
0.2513	1.0487
0.2343	1.2312
0.2853	1.3800
0.3108	0.9930
0.2511	1.0403
0.2343	1.2327
0.2855	1.4352
0.3096	1.0035
0.2505	1.0195
0.2350	1.1885
0.2863	1.4607
0.3095	1.0235
0.2499	1.0047
0.2350	1.1645
0.2870	1.4455
0.3079	1.0430
0.2485	0.9763
0.2360	1.1763
0.2890	1.4855
0.3081	1.0608
0.2480	0.9513
0.2359	1.1965
0.2896	1.5130
0.3085	1.0762
0.2470	0.9235
0.2357	1.2173
0.2910	1.4587
0.3084	1.0920
0.2461	0.9038
0.2357	1.1747
0.2922	1.4613
0.3081	1.0995
0.2455	0.8930
0.2359	1.1875
0.2931	1.4470
0.3084	1.1015
0.2451	0.8900
0.2357	1.0887
0.2936	1.3485
0.3082	1.0905
0.2444	0.8960
0.2358	1.1468
0.2948	1.3345
0.3081	1.0750
0.2445	0.8980
0.2359	1.1623
0.2945	1.2555
0.3080	1.0597
0.2437	0.9072
0.2359	1.1607
0.2957	1.2495
0.3079	1.0523
0.2432	0.9255
0.2360	1.1585
0.2965	1.2250
0.3081	1.0335
0.2429	0.9397
0.2359	1.2415
0.2969	1.2492
0.3070	1.0140
0.2428	0.9567
0.2365	1.2125
0.2971	1.2590
0.3068	0.9965
0.2427	0.9700
0.2366	1.1717
0.2971	1.3418
0.3065	0.9852
0.2420	0.9832
0.2368	1.1630
0.2982	1.2947
0.3061	0.9700
0.2419	0.9923
0.2371	1.1572
0.2983	1.2972
0.3045	0.9645
0.2415	0.9970
0.2380	1.1817
0.2991	1.3020
0.3045	0.9673
0.2408	0.9937
0.2381	1.1462
0.3001	1.2717
0.3048	0.9778
0.2402	0.9870
0.2379	1.1303
0.3011	1.3330
0.3047	0.9820
0.2401	0.9793
0.2379	1.1298
0.3013	1.2798
0.3044	0.9825
0.2396	0.9717
0.2381	1.1348
0.3019	1.2538
0.3041	0.9895
0.2394	0.9648
0.2383	1.0735
0.3024	1.1945
0.3037	1.0008
0.2395	0.9625
0.2385	1.1048
0.3021	1.1850
0.3040	1.0035
0.2387	0.9600
0.2384	1.1728
0.3034	1.1427
0.3037	1.0008
0.2386	0.9678
0.2385	1.1902
0.3036	1.1225
0.3032	1.0050
0.2387	0.9647
0.2388	1.1892
0.3034	1.1280
0.3029	0.9978
0.2388	0.9778
0.2390	1.1540
0.3032	1.1267
0.3025	0.9877
0.2383	0.9868
0.2393	1.1553
0.3042	1.1523
0.3017	0.9740
0.2381	1.0035
0.2398	1.1820
0.3044	1.1363
0.3012	0.9682
0.2383	1.0213
0.2401	1.1733
0.3041	1.1595
0.3010	0.9548
0.2378	1.0378
0.2402	1.1330
0.3049	1.1833
0.3012	0.9500
0.2377	1.0540
0.2401	1.0522
0.3051	1.2475
0.3006	0.9490
0.2377	1.0520
0.2405	1.0552
0.3051	1.1550
0.3002	0.9625
0.2372	1.0583
0.2407	0.9635
0.3058	1.1545
0.3000	0.9765
0.2370	1.0425
0.2409	0.9432
0.3062	1.1390
0.3000	0.9900
0.2370	1.0403
0.2409	0.9638
0.3062	1.0853
0.3011	1.0130
0.2366	1.0240
0.2402	0.9638
0.3068	1.0625
0.3006	1.0342
0.2371	1.0050
0.2405	0.9152
0.3061	1.0800
0.3017	1.0575
0.2370	0.9872
0.2398	0.9825
0.3062	1.0042
0.3018	1.0680
0.2372	0.9657
0.2397	0.9395
0.3059	0.9938
0.3015	1.0797
0.2373	0.9400
0.2399	0.9832
0.3058	0.9910
0.3021	1.0758
0.2372	0.9198
0.2395	1.0078
0.3058	0.9563
0.3028	1.0718
0.2368	0.9065
0.2391	1.0375
0.3065	1.0395
0.3015	1.0508
0.2370	0.9062
0.2399	1.0602
0.3062	1.0243
0.3023	1.0320
0.2367	0.9085
0.2394	1.0943
0.3067	1.0230
0.3017	1.0097
0.2365	0.9118
0.2398	1.0628
0.3071	1.0518
0.3023	0.9915
0.2362	0.9235
0.2394	1.1155
0.3075	1.0502
0.3012	0.9683
0.2356	0.9460
0.2401	1.1282
0.3086	1.0183
0.3015	0.9537
0.2357	0.9690
0.2399	1.0512
0.3084	1.0112
0.3007	0.9545
0.2359	0.9918
0.2404	1.0807
0.3081	1.0023
0.3005	0.9558
0.2357	1.0135
0.2405	1.0853
0.3084	0.9562
0.2998	0.9627
0.2358	1.0375
0.2410	1.1465
0.3082	0.9165
0.2999	0.9715
0.2360	1.0485
0.2409	1.1338
0.3079	0.8745
0.2998	0.9828
0.2366	1.0375
0.2410	1.1870
0.3070	0.8465
0.3001	0.9945
0.2366	1.0295
0.2408	1.2450
0.3069	0.9100
0.2994	1.0050
0.2371	1.0155
0.2413	1.3005
0.3060	0.8740
0.3053	0.8685
0.2990	0.9985
0.2376	1.0040
0.2415	1.3483
0.3053	0.8925
0.2983	0.9993
0.2375	0.9875
0.2420	1.4050
0.3049	0.9533
0.2978	0.9790
0.2378	0.9640
0.2423	1.4718
0.3058	0.9298
0.2962	0.9540
0.2373	0.9520
0.2434	1.4980
0.3058	0.9780
0.2953	0.9315
0.2373	0.9413
0.2440	1.5227
0.3057	1.0333
0.2937	0.9045
0.2373	0.9315
0.2451	1.5492
0.3061	1.0292
0.2928	0.8750
0.2371	0.9415
0.2457	1.5120
0.3068	1.0582
0.2912	0.8522
0.2367	0.9650
0.2469	1.5267
0.3065	1.0182
0.2906	0.8272
0.2368	1.0025
0.2473	1.4567
0.3067	0.9885
0.2892	0.8130
0.2367	1.0397
0.2483	1.4460
0.3072	1.0323
0.2879	0.8115
0.2364	1.0772
0.2493	1.4145
0.3070	1.0092
0.2874	0.8007
0.2366	1.1260
0.2497	1.4545
0.3066	1.0205
0.2863	0.8140
0.2368	1.1692
0.2505	1.4367
0.3061	1.0200
0.2856	0.8265
0.2371	1.2005
0.2510	1.4593
0.3048	1.0307
0.2846	0.8433
0.2379	1.2252
0.2518	1.5013
0.3048	1.0272
0.2836	0.8620
0.2378	1.2415
0.2526	1.5082
0.3039	1.0382
0.2820	0.8800
0.2384	1.2373
0.2539	1.5615
0.3040	1.0238
0.2810	0.8903
0.2384	1.2270
0.2547	1.5585
0.3031	1.0900
0.2803	0.9032
0.2389	1.2038
0.2553	1.5843
0.3031	1.1568
0.2786	0.9027
0.2389	1.1800
0.2567	1.5987
0.3032	1.1475
0.2776	0.8997
0.2389	1.1470
0.2576	1.5848
0.3033	1.1618
0.2766	0.8947
0.2388	1.1087
0.2585	1.5400
0.3028	1.1345
0.2758	0.8718
0.2391	1.0713
0.2592	1.5265
0.3040	1.1572
0.2749	0.8693
0.2384	1.0420
0.2599	1.5307
0.3044	1.1435
0.2738	0.8520
0.2381	1.0265
0.2609	1.4847
0.3048	1.1145
0.2730	0.8373
0.2378	1.0150
0.2616	1.4847
0.3049	1.1002
0.2721	0.8215
0.2378	1.0285
0.2625	1.5187
0.3052	1.1392
0.2710	0.8177
0.2376	1.0438
0.2635	1.5123
0.3053	1.0300
0.2702	0.8157
0.2376	1.0720
0.2642	1.4965
0.3053	1.0277
0.2691	0.8208
0.2376	1.1010
0.2653	1.5333
0.3050	1.0292
0.2679	0.8295
0.2377	1.1393
0.2665	1.5145
0.3046	1.0125
0.2663	0.8527
0.2380	1.1668
0.2681	1.5130
0.3046	1.0557
0.2656	0.8805
0.2380	1.1910
0.2688	1.5265
0.3032	1.0830
0.2650	0.8860
0.2388	1.2030
0.2695	1.4760
0.3030	1.0680
0.2635	0.9047
0.2390	1.2013
0.2710	1.4518
0.3028	1.0742
0.2632	0.9203
0.2391	1.1973
0.2713	1.4395
0.3021	1.1068
0.2626	0.9345
0.2395	1.1817
0.2719	1.3835
0.3027	1.1260
0.2618	0.9340
0.2392	1.1707
0.2728	1.4085
0.3031	1.1795
0.2619	0.9360
0.2389	1.1510
0.2727	1.3940
0.3028	1.1387
0.2614	0.9340
0.2391	1.1280
0.2733	1.3412
0.3027	1.1360
0.2607	0.9262
0.2391	1.1042
0.2741	1.4147
0.3032	1.1270
0.2601	0.9178
0.2388	1.0965
0.2747	1.4215
0.3038	1.1042
0.2591	0.9032
0.2385	1.0925
0.2759	1.4220
0.3037	1.0742
0.2587	0.9000
0.2385	1.0835
0.2763	1.4515
0.3032	1.0592
0.2580	0.8973
0.2388	1.1023
0.2771	1.4775
0.3034	1.1087
0.2566	0.9037
0.2387	1.1207
0.2787	1.4688
0.3026	1.0868
0.2559	0.9147
0.2392	1.1490
0.2796	1.4690
0.3029	1.0675
0.2549	0.9343
0.2390	1.1765
0.2807	1.4320
0.3029	1.0720
0.2545	0.9495
0.2390	1.2065
0.2812	1.4633
0.3020	1.1023
0.2537	0.9680
0.2396	1.2280
0.2822	1.4348
0.3025	1.1010
0.2532	0.9908
0.2393	1.2458
0.2828	1.4010
0.3021	1.1288
0.2528	0.9990
0.2396	1.2515
0.2834	1.4035
0.3018	1.1073
0.2526	1.0218
0.2397	1.2500
0.2837	1.4007
0.3013	1.1098
0.2520	1.0240
0.2401	1.2610
0.2844	1.3955
0.3009	1.0957
0.2519	1.0238
0.2403	1.2335
0.2845	1.3680
0.3007	1.0708
0.2513	1.0200
0.2404	1.2027
0.2853	1.3265
0.3004	1.0347
0.2507	1.0122
0.2406	1.1698
0.2861	1.3385
0.3003	1.0170
0.2501	1.0050
0.2407	1.1262
0.2868	1.3920
0.3001	0.9670
0.2498	0.9983
0.2408	1.0810
0.2872	1.3267
0.2995	0.9325
0.2493	0.9955
0.2412	1.0475
0.2878	1.3373
0.3001	0.9277
0.2494	0.9887
0.2408	1.0135
0.2878	1.2908
0.2996	0.9105
0.2487	1.0023
0.2411	0.9828
0.2887	1.2538
0.2998	0.9032
0.2477	1.0137
0.2410	0.9678
0.2900	1.2398
0.2992	0.9022
0.2479	1.0357
0.2414	0.9585
0.2898	1.2162
0.2989	0.9783
0.2476	1.0390
0.2416	0.9640
0.2901	1.1933
0.2992	0.9637
0.2475	1.0560
0.2414	0.9762
0.2903	1.1967
0.2991	0.9883
0.2475	1.0745
0.2414	0.9837
0.2902	1.1565
0.2991	1.0045
0.2473	1.2620
0.2414	0.9885
0.2906	1.1097
0.2991	1.0610
0.2476	1.2855
0.2414	0.9948
0.2902	1.1652
0.2998	1.1205
0.2474	1.3005
0.2410	1.0067
0.2904	1.1167
0.2999	1.1275
0.2476	1.3183
0.2409	1.0340
0.2902	1.1357
0.2997	1.1262
0.2477	1.3258
0.2411	1.0572
0.2901	1.1302
0.3001	1.1045
0.2496	1.3260
0.2408	1.0763
0.2875	1.1287
0.3004	1.0995
0.2494	1.3310
0.2406	1.0942
0.2878	1.1500
0.3009	1.0647
0.2499	1.3492
0.2403	1.1155
0.2871	1.1150
0.3009	1.0535
0.2498	1.3555
0.2403	1.1350
0.2872	1.1218
0.3004	1.0615
0.2500	1.3583
0.2406	1.1530
0.2870	1.0953
0.2996	1.0375
0.2497	1.1950
0.2411	1.1852
0.2873	1.0618
0.2992	1.0090
0.2498	1.1885
0.2414	1.2242
0.2872	1.0383
0.2989	1.0000
0.2503	1.1930
0.2416	1.2553
0.2865	1.0420
0.2863	1.0368
0.2984	0.9785
0.2505	1.1940
0.2419	1.2918
0.2857	1.0425
0.2981	1.0023
0.2509	1.1982
0.2421	1.3295
0.2853	1.0168
0.2974	1.0360
0.2513	1.2023
0.2425	1.3850
0.2853	1.0160
0.2966	1.0400
0.2513	1.2052
0.2431	1.4443
0.2846	1.0655
0.2963	1.0198
0.2518	1.2090
0.2433	1.4860
0.2846	1.0815
0.2953	1.0030
0.2518	1.2050
0.2440	1.5125
0.2844	1.1212
0.2946	0.9880
0.2519	1.1947
0.2445	1.5405
0.2843	1.1380
0.2935	0.9763
0.2521	1.1848
0.2452	1.5500
0.2841	1.1385
0.2922	0.9437
0.2522	1.1720
0.2462	1.5380
0.2842	1.1680
0.2908	0.8890
0.2521	1.1528
0.2472	1.5177
0.2843	1.1528
0.2896	0.8720
0.2521	1.1380
0.2480	1.4770
0.2845	1.1185
0.2886	0.8852
0.2519	1.1143
0.2488	1.4260
0.2845	1.1207
0.2876	0.8498
0.2519	1.0955
0.2495	1.3575
0.2848	1.1142
0.2865	0.8503
0.2517	1.0678
0.2504	1.2815
0.2849	1.0823
0.2857	0.8885
0.2516	1.0398
0.2510	1.2257
0.2849	1.0860
0.2851	0.9170
0.2516	1.0215
0.2514	1.1920
0.2845	1.0705
0.2855	0.9327
0.2519	1.0140
0.2511	1.1637
0.2847	1.0865
0.2850	0.9582
0.2517	0.9997
0.2515	1.1547
0.2848	1.0725
0.2850	1.0000
0.2516	1.0045
0.2515	1.1725
0.2849	1.0660
0.2852	0.9970
0.2516	1.0118
0.2514	1.2108
0.2853	1.0987
0.2851	1.0337
0.2513	1.0062
0.2514	1.2595
0.2854	1.1315
0.2848	0.9557
0.2512	1.0115
0.2517	1.3253
0.2860	1.1262
0.2844	0.9898
0.2508	1.0120
0.2520	1.3945
0.2859	1.1320
0.2837	0.9652
0.2508	1.0193
0.2525	1.4522
0.2857	1.1395
0.2823	0.8913
0.2509	1.0310
0.2537	1.4968
0.2864	1.1015
0.2815	0.9195
0.2504	1.0347
0.2543	1.5250
0.2865	1.0830
0.2796	0.9232
0.2504	1.0368
0.2559	1.5443
0.2865	1.0673
0.2786	0.9042
0.2503	1.0380
0.2567	1.5497
0.2867	1.0695
0.2773	0.9233
0.2502	1.0355
0.2578	1.5363
0.2866	1.0542
0.2757	0.9693
0.2502	1.0170
0.2592	1.5165
0.2864	1.0065
0.2756	0.9800
0.2504	1.0193
0.2593	1.4737
0.2862	0.9978
0.2750	1.0140
0.2506	1.0190
0.2598	1.4352
0.2864	1.0045
0.2743	1.0125
0.2504	1.0275
0.2604	1.3890
0.2864	0.9845
0.2741	1.0590
0.2504	1.0425
0.2606	1.3575
0.2863	0.9863
0.2738	1.1250
0.2505	1.0605
0.2609	1.3445
0.2862	0.9818
0.2739	1.0520
0.2506	1.0833
0.2608	1.3415
0.2861	1.0150
0.2731	1.0175
0.2506	1.0945
0.2615	1.3610
0.2862	0.9990
0.2728	1.0335
0.2506	1.1173
0.2618	1.3835
0.2857	1.0007
0.2728	1.0962
0.2509	1.1270
0.2619	1.4247
0.2854	0.9985
0.2724	0.9672
0.2512	1.1545
0.2622	1.4505
0.2847	1.0030
0.2712	1.0560
0.2517	1.1647
0.2633	1.4833
0.2849	0.9958
0.2699	1.0740
0.2516	1.1715
0.2645	1.4970
0.2845	0.9780
0.2692	0.8855
0.2519	1.1710
0.2653	1.5072
0.2844	0.9657
0.2693	1.0475
0.2520	1.1503
0.2652	1.4975
0.2838	0.9600
0.2667	0.8532
0.2524	1.1313
0.2677	1.4725
0.2836	0.9585
0.2676	1.0667
0.2526	1.1080
0.2668	1.4427
0.2833	0.9338
0.2670	1.1285
0.2529	1.0835
0.2674	1.3928
0.2830	0.9400
0.2639	1.1308
0.2530	1.0600
0.2706	1.3408
0.2828	0.9265
0.2662	1.0680
0.2533	1.0438
0.2682	1.2773
0.2826	0.9480
0.2635	1.2027
0.2534	1.0305
0.2710	1.2248
0.2823	0.9493
0.2658	1.0737
0.2536	1.0252
0.2686	1.1802
0.2825	0.9548
0.2661	1.1007
0.2535	1.0240
0.2683	1.1530
0.2826	0.9620
0.2662	1.2880
0.2534	1.0253
0.2683	1.1440
0.2825	0.9680
0.2663	1.1013
0.2535	1.0417
0.2681	1.1578
0.2825	0.9840
0.2664	1.2845
0.2535	1.0485
0.2680	1.1912
0.2823	0.9785
0.2661	1.0955
0.2536	1.0648
0.2683	1.2345
0.2822	0.9870
0.2662	1.0852
0.2537	1.0927
0.2682	1.2895
0.2820	0.9742
0.2659	1.1105
0.2539	1.1088
0.2685	1.3457
0.2816	0.9695
0.2654	1.0815
0.2542	1.1143
0.2690	1.4012
0.2816	0.9577
0.2648	1.0767
0.2542	1.1093
0.2697	1.4475
0.2810	0.9340
0.2639	1.1098
0.2547	1.1050
0.2706	1.4810
0.2808	0.9302
0.2633	1.0787
0.2549	1.0980
0.2713	1.4912
0.2804	0.9108
0.2629	1.1220
0.2552	1.0830
0.2717	1.4893
0.2802	0.9103
0.2618	1.1217
0.2554	1.0652
0.2728	1.4845
0.2801	0.8710
0.2613	1.1515
0.2554	1.0560
0.2734	1.4588
0.2796	0.9185
0.2610	1.0695
0.2558	1.0403
0.2738	1.4360
0.2795	0.8983
0.2605	1.1675
0.2559	1.0423
0.2743	1.3987
0.2793	0.9047
0.2608	1.1435
0.2561	1.0555
0.2739	1.3745
0.2791	0.9310
0.2604	1.1553
0.2562	1.0952
0.2743	1.3512
0.2787	0.9340
0.2605	1.1205
0.2566	1.1260
0.2742	1.3383
0.2791	0.9607
0.2589	1.1080
0.2563	1.1638
0.2761	1.3233
0.2786	0.9488
0.2601	1.0483
0.2567	1.1978
0.2747	1.3360
0.2781	0.9653
0.2597	0.9937
0.2571	1.2398
0.2751	1.3500
0.2776	0.9555
0.2592	1.0007
0.2575	1.2798
0.2758	1.3545
0.2771	0.9745
0.2583	0.9488
0.2580	1.3057
0.2767	1.3662
0.2765	0.8877
0.2581	1.0375
0.2585	1.3455
0.2770	1.3630
0.2757	0.8990
0.2567	0.9278
0.2592	1.3545
0.2786	1.3612
0.2751	0.8870
0.2561	0.9232
0.2597	1.3472
0.2794	1.3300
0.2742	0.8580
0.2557	0.9288
0.2606	1.3228
0.2798	1.2818
0.2737	0.8595
0.2550	0.9623
0.2610	1.3022
0.2806	1.2227
0.2721	0.8510
0.2546	0.9665
0.2625	1.2732
0.2811	1.1813
0.2717	0.8742
0.2544	1.0728
0.2629	1.2557
0.2814	1.1105
0.2711	0.8730
0.2543	1.0945
0.2634	1.2452
0.2814	1.0470
0.2707	0.8903
0.2545	1.0955
0.2638	1.2435
0.2812	0.9928
0.2705	0.9093
0.2549	1.1185
0.2640	1.2622
0.2808	0.9327
0.2702	0.9525
0.2552	1.1295
0.2643	1.2825
0.2804	0.8842
0.2700	0.9308
0.2562	1.1440
0.2645	1.2982
0.2792	0.8425
0.2696	0.9740
0.2567	1.1167
0.2649	1.3417
0.2786	0.8273
0.2690	0.9685
0.2571	1.1062
0.2655	1.3812
0.2782	0.8440
0.2685	0.9767
0.2574	1.1355
0.2659	1.4343
0.2777	0.8630
0.2673	0.9900
0.2578	1.1028
0.2671	1.4875
0.2773	0.8810
0.2663	0.9653
0.2583	1.0955
0.2681	1.5107
0.2767	0.9155
0.2658	0.9718
0.2581	1.0920
0.2686	1.5097
0.2769	0.9478
0.2771	0.9778
0.2647	0.9922
0.2580	1.0575
0.2697	1.5070
0.2765	1.0150
0.2639	0.9680
0.2585	1.0465
0.2705	1.4752
0.2769	1.0473
0.2631	0.9993
0.2581	1.0780
0.2714	1.4443
0.2765	1.0590
0.2623	1.0590
0.2585	1.0375
0.2723	1.4090
0.2764	1.0550
0.2620	1.0425
0.2586	1.0692
0.2726	1.3570
0.2770	1.0272
0.2617	1.0890
0.2581	1.1005
0.2729	1.3400
0.2773	1.0032
0.2614	1.1068
0.2578	1.0510
0.2733	1.3100
0.2768	0.9760
0.2611	1.0953
0.2582	1.0555
0.2736	1.2845
0.2770	0.9482
0.2615	1.1080
0.2580	1.0170
0.2732	1.2960
0.2767	0.9250
0.2615	1.1073
0.2583	1.0020
0.2732	1.3035
0.2760	0.8983
0.2613	1.0987
0.2589	1.0252
0.2734	1.3065
0.2758	0.8760
0.2611	1.0890
0.2591	1.0455
0.2735	1.3268
0.2757	0.8597
0.2605	1.0823
0.2592	1.0122
0.2742	1.3215
0.2754	0.8670
0.2597	1.0455
0.2595	0.9920
0.2751	1.3327
0.2752	0.8880
0.2593	1.0045
0.2596	0.9448
0.2756	1.3488
0.2750	0.9205
0.2589	0.9925
0.2598	0.9397
0.2760	1.3260
0.2747	0.9592
0.2582	0.9400
0.2601	0.9377
0.2769	1.2995
0.2745	1.0007
0.2579	0.9592
0.2603	0.9578
0.2772	1.2827
0.2751	1.0455
0.2576	0.9925
0.2597	0.9792
0.2775	1.2302
0.2758	1.0762
0.2569	0.9815
0.2591	0.9815
0.2784	1.2118
0.2757	1.1092
0.2568	0.9648
0.2592	1.0143
0.2785	1.1790
0.2761	1.1278
0.2563	0.9848
0.2588	1.0088
0.2790	1.1660
0.2764	1.1357
0.2562	0.9667
0.2586	1.0047
0.2792	1.1563
0.2764	1.1355
0.2565	0.9463
0.2586	1.0403
0.2788	1.1670
0.2767	1.1182
0.2563	0.9617
0.2584	1.1012
0.2791	1.1690
0.2765	1.1033
0.2561	0.9008
0.2585	1.0683
0.2793	1.2007
0.2765	1.0805
0.2558	0.9413
0.2585	1.0635
0.2797	1.2260
0.2765	1.0487
0.2554	0.9050
0.2585	1.0412
0.2802	1.2300
0.2766	1.0232
0.2547	0.8900
0.2584	1.0175
0.2810	1.2508
0.2761	1.0012
0.2541	0.8475
0.2589	1.0003
0.2817	1.2535
0.2763	0.9828
0.2529	0.8397
0.2587	0.9670
0.2832	1.2728
0.2764	0.9717
0.2526	0.8427
0.2586	0.9590
0.2835	1.2740
0.2765	0.9755
0.2520	0.8510
0.2585	0.9520
0.2843	1.2787
0.2765	0.9813
0.2519	0.8702
0.2585	0.9615
0.2845	1.2650
0.2767	1.0015
0.2510	0.8855
0.2583	0.9593
0.2856	1.2513
0.2767	1.0205
0.2505	0.9525
0.2583	0.9870
0.2863	1.2062
0.2767	1.0453
0.2502	0.9283
0.2584	1.0313
0.2866	1.1985
0.2769	1.0720
0.2499	0.9508
0.2582	1.0765
0.2871	1.1798
0.2769	1.0815
0.2497	0.9345
0.2582	1.0925
0.2874	1.1890
0.2767	1.0942
0.2495	0.9658
0.2583	1.1070
0.2876	1.1840
0.2768	1.0973
0.2497	1.0053
0.2583	1.1005
0.2874	1.1960
0.2766	1.0995
0.2492	0.9980
0.2584	1.1055
0.2880	1.2082
0.2764	1.0923
0.2491	0.9888
0.2586	1.1160
0.2881	1.2262
0.2763	1.0810
0.2487	0.9682
0.2586	1.0860
0.2887	1.2375
0.2765	1.0687
0.2483	0.9565
0.2585	1.0447
0.2892	1.2485
0.2767	1.0533
0.2481	0.9330
0.2584	1.0142
0.2894	1.2545
0.2766	1.0432
0.2476	0.9597
0.2584	0.9725
0.2901	1.2398
0.2765	1.0220
0.2470	0.9553
0.2585	0.9248
0.2910	1.2450
0.2768	1.0263
0.2464	0.9432
0.2582	0.9197
0.2919	1.2252
0.2771	1.0290
0.2459	0.9700
0.2580	0.9040
0.2925	1.2265
0.2774	1.0435
0.2457	0.9430
0.2578	0.9215
0.2928	1.2065
0.2777	1.0337
0.2458	0.9258
0.2575	0.8957
0.2927	1.1613
0.2779	1.0240
0.2456	0.9180
0.2573	0.8705
0.2930	1.1135
0.2780	1.0453
0.2453	0.9365
0.2572	0.8955
0.2935	1.1068
0.2784	1.0755
0.2452	0.9403
0.2569	0.9097
0.2936	1.0975
0.2785	1.1042
0.2449	0.9490
0.2568	0.9393
0.2939	1.0988
0.2787	1.1235
0.2448	0.9025
0.2566	0.9282
0.2941	1.1088
0.2789	1.1470
0.2446	0.8850
0.2565	0.9430
0.2944	1.1097
0.2791	1.1397
0.2443	0.9170
0.2563	0.9330
0.2948	1.1102
0.2797	1.1303
0.2440	0.8878
0.2558	0.9268
0.2952	1.1068
0.2799	1.1152
0.2439	0.8883
0.2556	0.9310
0.2954	1.0965
0.2807	1.1155
0.2433	0.8892
0.2549	0.9567
0.2963	1.1137
0.2811	1.1103
0.2429	0.9197
0.2546	0.9645
0.2969	1.1227
0.2812	1.0837
0.2430	0.9300
0.2545	0.9505
0.2968	1.1015
0.2816	1.0482
0.2426	0.9445
0.2542	0.9723
0.2974	1.0875
0.2814	1.0130
0.2425	0.9377
0.2543	0.9765
0.2976	1.0743
0.2812	0.9787
0.2421	0.9662
0.2545	1.0195
0.2981	1.0525
0.2812	0.9608
0.2422	1.0025
0.2546	1.0557
0.2979	1.0398
0.2812	0.9568
0.2423	0.9868
0.2545	1.1328
0.2978	1.0335
0.2809	0.9590
0.2423	1.0050
0.2548	1.1983
0.2977	1.0320
0.2805	0.9765
0.2423	1.0150
0.2551	1.2128
0.2978	1.0412
0.2801	0.9965
0.2423	1.0310
0.2554	1.2630
0.2978	1.0505
0.2796	1.0282
0.2425	1.0413
0.2559	1.2960
0.2976	1.0625
0.2785	1.0533
0.2424	0.9923
0.2568	1.3015
0.2977	1.0745
0.2779	1.0695
0.2423	0.9842
0.2573	1.2918
0.2979	1.0785
0.2777	1.0725
0.2422	0.9515
0.2574	1.2933
0.2980	1.0822
0.2771	1.0680
0.2419	0.9580
0.2580	1.2968
0.2984	1.0875
0.2983	1.0833
0.2770	1.0502
0.2420	0.8963
0.2581	1.2648
0.2993	1.0780
0.2773	1.0397
0.2413	0.8918
0.2578	1.1842
0.2994	1.0622
0.2774	0.8983
0.2412	0.8767
0.2577	1.1822
0.3001	1.0435
0.2771	0.8677
0.2408	0.8327
0.2580	1.1547
0.3001	1.0257
0.2765	0.8442
0.2408	0.8480
0.2585	1.1000
0.3009	1.0100
0.2763	0.8147
0.2403	0.8353
0.2587	1.0990
0.3010	0.9942
0.2762	0.7850
0.2402	0.8940
0.2587	1.1580
