#rho	velocity
0.2509	1.1530
0.2186	0.9530
0.2857	1.0985
0.3437	1.3262
0.2510	1.1807
0.2182	0.9598
0.2857	1.1180
0.3447	1.3020
0.2512	1.1787
0.2177	0.9455
0.2854	1.1282
0.3457	1.2737
0.2507	1.1462
0.2174	0.9268
0.2860	1.1410
0.3467	1.2465
0.2508	1.1380
0.2170	0.9090
0.2860	1.1445
0.3476	1.2120
0.2508	1.0860
0.2167	0.8990
0.2859	1.1500
0.3483	1.3060
0.2507	1.0760
0.2165	0.9042
0.2860	1.1597
0.3488	1.2648
0.2508	1.0730
0.2163	0.9068
0.2859	1.1598
0.3493	1.2185
0.2507	1.1047
0.2162	0.9163
0.2860	1.1615
0.3498	1.2035
0.2504	1.0892
0.2160	0.9462
0.2864	1.1353
0.3503	1.1885
0.2501	1.0847
0.2147	0.9720
0.2868	1.1195
0.3536	1.1723
0.2499	1.0668
0.2148	1.0105
0.2871	1.1002
0.3534	1.1748
0.2501	1.0627
0.2148	1.0373
0.2869	1.0855
0.3533	1.1900
0.2500	1.0652
0.2147	1.0580
0.2869	1.0655
0.3537	1.1972
0.2502	1.0810
0.2148	1.0597
0.2867	1.0633
0.3535	1.2010
0.2503	1.1110
0.2149	1.3075
0.2865	1.0613
0.3532	1.0918
0.2503	1.1208
0.2150	1.2882
0.2865	1.0683
0.3528	1.1015
0.2505	1.0978
0.2149	1.2720
0.2863	1.0887
0.3531	1.1290
0.2507	1.0922
0.2149	1.2550
0.2861	1.1200
0.3532	1.1265
0.2507	1.0257
0.2147	1.1813
0.2861	1.0800
0.3538	1.0738
0.2508	0.9542
0.2167	1.1143
0.2860	1.0425
0.3483	1.0300
0.2506	0.9400
0.2165	1.0655
0.2862	1.0410
0.3488	1.0200
0.2502	0.9193
0.2162	1.0322
0.2867	1.0472
0.3498	0.9978
0.2497	0.8908
0.2159	1.0065
0.2874	1.0602
0.3505	0.9795
0.2495	0.8703
0.2158	1.0005
0.2876	1.0648
0.3509	0.9625
0.2492	0.8522
0.2156	0.7777
0.2880	1.1040
0.3511	0.9800
0.2491	0.8903
0.2154	0.8133
0.2882	1.1322
0.3517	0.9888
0.2489	0.9057
0.2152	0.8550
0.2884	1.1540
0.3522	0.9770
0.2486	0.9358
0.2151	0.8983
0.2889	1.1468
0.3525	0.9835
0.2482	1.0198
0.2150	0.9767
0.2893	1.2375
0.3528	1.0430
0.3532	1.1005
0.2476	1.0947
0.2149	1.0387
0.2901	1.3212
0.3532	1.1288
0.2476	1.0998
0.2149	1.0752
0.2902	1.3512
0.3528	1.1480
0.2471	1.1098
0.2150	1.1025
0.2908	1.3853
0.3526	1.1720
0.2471	1.1242
0.2151	1.1257
0.2909	1.4265
0.3525	1.1948
0.2468	1.1720
0.2151	1.1433
0.2913	1.4692
0.3527	1.1672
0.2464	1.1442
0.2151	1.1238
0.2918	1.4872
0.3530	1.1675
0.2460	1.1255
0.2149	1.1040
0.2924	1.5198
0.3534	1.1707
0.2455	1.0903
0.2148	1.0743
0.2931	1.5565
0.3537	1.1670
0.2449	1.0742
0.2147	1.0502
0.2940	1.6085
0.3541	1.1770
0.2446	1.0557
0.2146	1.0325
0.2944	1.6330
0.3543	1.1787
0.2435	1.0558
0.2145	1.0205
0.2960	1.6638
0.3548	1.1758
0.2428	1.0523
0.2143	1.0175
0.2970	1.7008
0.3552	1.1780
0.2415	1.0865
0.2141	1.0180
0.2990	1.7275
0.3556	1.1807
0.2407	1.1125
0.2140	1.0135
0.3002	1.7340
0.3561	1.1787
0.2400	1.0755
0.2138	1.0103
0.3014	1.7367
0.3567	1.1915
0.2393	1.1050
0.2136	1.0047
0.3025	1.7183
0.3570	1.1855
0.2384	1.0637
0.2135	0.9895
0.3039	1.6748
0.3574	1.1738
0.2380	1.0857
0.2133	0.9737
0.3045	1.6330
0.3579	1.1670
0.2377	1.0733
0.2132	0.9535
0.3051	1.5760
0.3584	1.1545
0.2370	1.0903
0.2130	0.9355
0.3063	1.5380
0.3591	1.1502
0.2364	1.0335
0.2128	0.9235
0.3072	1.5010
0.3598	1.1407
0.2358	1.0402
0.2125	0.9005
0.3082	1.4893
0.3603	1.1333
0.2353	1.0005
0.2123	0.8865
0.3091	1.5027
0.3610	1.1293
0.2350	0.9965
0.2121	0.8828
0.3096	1.5360
0.3618	1.1325
0.2349	1.0085
0.2118	0.8888
0.3097	1.5702
0.3625	1.1202
0.2340	1.0225
0.2116	0.9030
0.3113	1.6030
0.3633	1.1070
0.2334	1.0570
0.2113	0.9308
0.3125	1.6265
0.3638	1.0900
0.2325	1.0490
0.2111	0.9652
0.3141	1.6378
0.3644	1.0702
0.2317	1.0577
0.2110	1.0025
0.3155	1.6507
0.3647	1.0518
0.2308	1.0242
0.2108	1.0330
0.3172	1.6560
0.3648	1.0340
0.2301	1.0747
0.2108	1.0680
0.3185	1.6493
0.3644	1.0277
0.2297	1.0615
0.2109	1.1030
0.3194	1.6157
0.3636	1.0290
0.2290	1.0362
0.2112	1.1242
0.3207	1.5468
0.3628	1.0228
0.2287	0.9980
0.2115	1.1377
0.3214	1.4778
0.3623	1.0152
0.2282	1.0077
0.2117	1.1423
0.3224	1.3995
0.3616	1.0168
0.2279	0.9560
0.2119	1.1335
0.3229	1.3382
0.3613	1.0260
0.2275	0.9010
0.2120	1.1252
0.3237	1.2977
0.3613	1.0495
0.2271	0.9065
0.2120	1.2427
0.3245	1.2490
0.3613	1.0710
0.2267	0.8940
0.2120	1.2213
0.3254	1.2305
0.3614	1.0892
0.2267	0.8820
0.2120	1.2052
0.3253	1.2032
0.3617	1.1065
0.2261	0.8703
0.2119	1.1885
0.3265	1.1917
0.3618	1.1157
0.2256	0.8955
0.2118	1.1730
0.3277	1.1838
0.3586	1.1145
0.2254	0.9135
0.2129	1.1660
0.3279	1.2120
0.3589	1.1220
0.2252	0.9272
0.2128	1.1590
0.3285	1.2147
0.3592	1.1260
0.2249	0.9158
0.2127	1.1552
0.3292	1.2030
0.3595	1.1387
0.2246	0.9457
0.2126	1.1565
0.3297	1.1967
0.3598	1.1458
0.2246	0.9683
0.2125	1.1472
0.3298	1.1892
0.3600	1.1447
0.2241	0.9458
0.2124	1.0050
0.3309	1.2053
0.3604	1.1465
0.2238	0.9325
0.2123	1.0030
0.3316	1.2007
0.3606	1.1465
0.2238	0.9322
0.2122	1.0008
0.3315	1.1898
0.3612	1.1423
0.2236	0.9327
0.2120	0.9957
0.3319	1.1678
0.3617	1.1418
0.2233	0.9365
0.2118	0.9965
0.3325	1.1700
0.3622	1.1447
0.2228	0.9350
0.2117	0.9967
0.3336	1.1368
0.3626	1.1377
0.2225	0.9327
0.2115	0.9993
0.3344	1.1285
0.3630	1.1255
0.2223	0.9365
0.2114	1.0023
0.3349	1.1500
0.3633	1.0998
0.2223	0.9728
0.2113	1.0112
0.3349	1.1595
0.3636	1.0795
0.2222	0.9910
0.2112	1.0338
0.3350	1.1753
0.3639	1.0550
0.2220	1.0087
0.2111	1.0645
0.3354	1.1945
0.3640	1.0295
0.2218	1.0618
0.2111	1.0955
0.3359	1.3903
0.3639	1.0040
0.2217	1.0662
0.2111	1.1207
0.3362	1.4200
0.3636	0.9852
0.2217	1.0542
0.2112	1.1428
0.3361	1.4412
0.3629	0.9635
0.2215	1.0362
0.2114	1.1562
0.3367	1.4280
0.3620	0.9368
0.2210	1.0487
0.2118	1.1723
0.3378	1.4222
0.3609	0.9210
0.2193	1.0875
0.2121	1.1837
0.3419	1.4073
0.3600	0.9132
0.2188	1.0620
0.2124	1.1940
0.3430	1.3738
0.3592	0.9185
0.2185	1.0010
0.2127	1.1978
0.3438	1.3385
0.3586	0.9252
0.2184	1.0013
0.2129	1.4310
0.3440	1.2940
0.3577	0.9485
0.2184	1.0008
0.2132	1.4177
0.3440	1.2365
0.3572	0.9668
0.2187	0.9590
0.2134	1.3952
0.3433	1.0065
0.3566	0.9862
0.2187	0.9605
0.2136	1.3763
0.3434	0.9557
0.3563	1.0020
0.2185	0.9775
0.2137	1.3508
0.3439	0.9260
0.3501	1.0105
0.2187	0.9900
0.2161	1.3420
0.3434	0.9143
0.3501	1.0240
0.2187	1.0228
0.2161	1.3385
0.3433	0.9015
0.3501	1.0257
0.2188	0.9903
0.2160	1.3477
0.3430	0.8942
0.3502	1.0310
0.2189	0.9900
0.2160	1.3550
0.3429	0.8920
0.3504	1.0182
0.2190	1.0098
0.2159	1.3535
0.3426	0.8955
0.3502	1.0132
0.2191	1.0137
0.2160	1.1190
0.3422	0.8890
0.3499	0.9982
0.2196	1.0237
0.2161	1.1345
0.3412	0.8775
0.3491	0.9985
0.2196	1.0023
0.2164	1.1357
0.3411	0.8560
0.3485	0.9923
0.2196	1.0345
0.2166	1.1437
0.3412	0.8365
0.3412	0.8268
0.3480	0.9958
0.2196	1.0240
0.2168	1.1503
0.3405	0.8223
0.3475	1.0000
0.2199	1.0212
0.2170	1.1450
0.3399	0.8285
0.3468	1.0113
0.2201	1.0070
0.2173	1.1218
0.3396	0.8320
0.3468	1.0232
0.2203	1.0122
0.2173	1.0845
0.3383	0.8468
0.3465	1.0247
0.2208	1.0658
0.2174	1.0522
0.3380	0.8567
0.3467	1.0268
0.2209	1.1237
0.2174	1.0340
0.3376	0.8790
0.3467	1.0213
0.2211	1.1090
0.2174	1.0232
0.3371	0.9153
0.3472	1.0143
0.2213	1.1200
0.2172	1.0055
0.3369	0.9627
0.3477	0.9952
0.2214	1.1530
0.2170	1.0130
0.3361	1.0105
0.3479	0.9875
0.2217	1.1555
0.2169	1.0420
0.3351	1.0455
0.3478	0.9575
0.2222	1.1738
0.2169	1.0827
0.3353	1.0750
0.3475	0.9472
0.2221	1.1793
0.2171	1.1187
0.3352	1.1027
0.3470	0.9332
0.2221	1.1655
0.2173	1.1725
0.3353	1.1205
0.3463	0.9327
0.2221	1.1795
0.2175	1.2230
0.3350	1.1235
0.3452	0.9410
0.2222	1.1498
0.2180	1.2785
0.3351	1.1225
0.3437	0.9610
0.2222	1.1130
0.2186	1.3273
0.3353	1.1128
0.3426	0.9840
0.2221	1.1260
0.2190	1.3522
0.3357	1.0947
0.3415	1.0200
0.2219	1.1477
0.2194	1.3710
0.3356	1.0767
0.3408	1.0463
0.2220	1.1465
0.2198	1.3825
0.3355	1.0553
0.3399	1.0725
0.2220	1.1350
0.2201	1.3647
0.3353	1.0347
0.3392	1.1105
0.2221	1.1407
0.2204	1.3693
0.3350	1.0108
0.3388	1.1220
0.2222	1.1450
0.2206	1.3960
0.3340	0.9805
0.3387	1.1322
0.2227	1.1888
0.2206	1.4215
0.3337	0.9637
0.3384	1.1367
0.2228	1.1890
0.2207	1.4447
0.3332	0.9557
0.3383	1.1357
0.2230	1.2010
0.2208	1.4653
0.3328	0.9552
0.3377	1.1305
0.2232	1.2085
0.2211	1.4942
0.3323	0.9657
0.3363	1.1242
0.2234	1.2088
0.2216	1.5235
0.3310	0.9775
0.3349	1.1088
0.2240	1.1865
0.2223	1.5445
0.3306	0.9952
0.3338	1.1082
0.2242	1.1990
0.2228	1.5578
0.3301	1.0137
0.3324	1.1068
0.2244	1.2080
0.2234	1.5740
0.3297	1.0260
0.3310	1.1068
0.2246	1.2160
0.2240	1.5487
0.3296	1.0455
0.3299	1.1150
0.2247	1.1730
0.2245	1.5128
0.3294	1.0577
0.3290	1.1235
0.2248	1.1590
0.2249	1.4617
0.3292	1.0630
0.3285	1.1203
0.2248	1.1375
0.2252	1.4343
0.3290	1.0708
0.3280	1.1150
0.2250	1.1423
0.2254	1.4167
0.3286	1.0740
0.3279	1.1047
0.2251	1.1425
0.2255	1.4317
0.3295	1.0737
0.3276	1.0875
0.2247	1.1353
0.2256	1.4745
0.3288	1.0780
0.3275	1.0647
0.2250	1.0895
0.2257	1.5302
0.3290	1.0670
0.3269	1.0435
0.2250	1.1065
0.2259	1.5833
0.3286	1.0518
0.3259	1.0110
0.2252	1.1155
0.2264	1.6150
0.3282	1.0458
0.3240	0.9792
0.2253	1.0855
0.2273	1.6615
0.3283	1.0297
0.3216	0.9510
0.2253	1.1292
0.2285	1.6922
0.3292	1.0272
0.3192	0.9227
0.2249	1.0820
0.2298	1.7358
0.3284	1.0272
0.3172	0.9010
0.2252	1.0940
0.2308	1.7575
0.3276	1.0275
0.3155	0.8980
0.2256	1.0715
0.2317	1.7573
0.3277	1.0315
0.3139	0.9015
0.2255	1.0607
0.2326	1.7200
0.3274	1.0452
0.3124	0.9095
0.2257	1.0785
0.2334	1.6485
0.3276	1.0500
0.3109	0.9210
0.2256	1.1240
0.2343	1.5767
0.3275	1.0522
0.3096	0.9335
0.2256	1.1000
0.2350	1.5235
0.3276	1.0628
0.3086	0.9570
0.2256	1.0815
0.2356	1.4820
0.3276	1.0527
0.3077	0.9708
0.2256	1.0757
0.2361	1.4748
0.3275	1.0467
0.3070	0.9815
0.2256	1.0595
0.2365	1.4888
0.3276	1.0355
0.3064	0.9993
0.2256	1.0545
0.2369	1.4918
0.3273	1.0137
0.3058	1.0098
0.2257	1.0600
0.2373	1.5000
0.3272	1.0000
0.3054	1.0068
0.2258	1.0703
0.2375	1.5062
0.3272	0.9742
0.3042	0.9998
0.2258	1.0943
0.2382	1.5105
0.3271	0.9408
0.3028	0.9973
0.2259	1.0615
0.2391	1.5112
0.3272	0.9178
0.3017	0.9957
0.2258	1.0647
0.2398	1.5213
0.3265	0.9000
0.3005	0.9947
0.2261	1.0813
0.2406	1.5128
0.3261	0.8898
0.2994	0.9877
0.2263	1.0655
0.2413	1.5183
0.3250	0.8918
0.2983	0.9918
0.2268	1.1058
0.2420	1.4867
0.3250	0.8985
0.2977	0.9965
0.2269	1.1005
0.2424	1.4380
0.3244	0.9123
0.2968	0.9910
0.2271	1.1285
0.2429	1.3985
0.3235	0.9293
0.2964	0.9975
0.2276	1.1285
0.2433	1.3715
0.3235	0.9315
0.2958	1.0040
0.2276	1.1845
0.2437	1.3545
0.3227	0.9337
0.2953	1.0052
0.2280	1.1185
0.2440	1.3408
0.3228	0.9310
0.2949	1.0105
0.2279	1.1760
0.2442	1.3643
0.3227	0.9208
0.2944	1.0110
0.2280	1.1840
0.2446	1.3775
0.3224	0.9182
0.2939	1.0030
0.2282	1.1880
0.2450	1.3797
0.3208	0.9057
0.2932	0.9903
0.2289	1.2070
0.2454	1.3872
0.3212	0.8942
0.2925	0.9820
0.2287	1.1957
0.2460	1.4035
0.3199	0.8827
0.2915	0.9820
0.2294	1.2328
0.2466	1.4010
0.3190	0.8695
0.2905	0.9840
0.2299	1.2375
0.2473	1.4027
0.3179	0.8618
0.2899	0.9900
0.2304	1.2502
0.2478	1.4118
0.3173	0.8552
0.2890	0.9977
0.2308	1.2037
0.2485	1.3955
0.3166	0.8593
0.2882	1.1550
0.2312	1.2355
0.2491	1.3985
0.3157	0.8670
0.2878	1.1655
0.2316	1.1830
0.2494	1.3583
0.3152	0.8767
0.2874	1.1838
0.2319	1.1980
0.2497	1.3300
0.3145	0.8870
0.2867	1.2023
0.2323	1.1430
0.2502	1.3158
0.3138	0.9035
0.2865	1.2338
0.2327	1.1388
0.2503	1.2880
0.3136	0.9188
0.2884	1.2577
0.2328	1.1268
0.2489	1.2568
0.3135	0.9345
0.2883	1.2682
0.2328	1.0805
0.2490	1.2553
0.3126	0.9455
0.2881	1.2777
0.2333	1.0940
0.2491	1.2380
0.3129	0.9575
0.2880	1.2777
0.2332	1.1565
0.2492	1.1998
0.3126	0.9693
0.2881	1.2792
0.2333	1.0993
0.2491	1.1947
0.3125	0.9742
0.2882	1.1387
0.2334	1.1490
0.2491	1.1700
0.3128	0.9805
0.2880	1.1352
0.2332	1.2758
0.2492	1.1740
0.3123	0.9795
0.2880	1.1325
0.2335	1.2173
0.2492	1.1625
0.3106	0.9835
0.2880	1.1357
0.2345	1.3045
0.2492	1.1658
0.3113	0.9710
0.2879	1.1322
0.2341	1.3220
0.2492	1.1673
0.3102	0.9662
0.2878	1.1315
0.2347	1.3623
0.2493	1.1785
0.3078	0.9530
0.2876	1.1310
0.2360	1.4272
0.2495	1.1903
0.3080	0.9450
0.2876	1.1420
0.2359	1.4770
0.2495	1.1937
0.3067	0.9350
0.2875	1.1528
0.2367	1.4480
0.2496	1.2173
0.3059	0.9340
0.2875	1.1615
0.2372	1.4668
0.2496	1.2285
0.3049	0.9387
0.2874	1.1675
0.2378	1.5090
0.2497	1.2435
0.3038	0.9410
0.2870	1.1735
0.2385	1.4962
0.2499	1.2405
0.3022	0.9550
0.2872	1.1787
0.2395	1.5500
0.2498	1.2385
0.3010	0.9572
0.2870	1.1730
0.2402	1.5490
0.2500	1.2142
0.3013	0.9702
0.2868	1.1725
0.2401	1.5660
0.2501	1.1970
0.2996	0.9757
0.2866	1.1728
0.2411	1.6077
0.2503	1.1625
0.2977	0.9752
0.2865	1.1808
0.2424	1.6047
0.2503	1.1245
0.2971	0.9658
0.2866	1.1700
0.2428	1.6040
0.2503	1.1070
0.2960	0.9557
0.2868	1.1625
0.2435	1.5850
0.2501	1.0743
0.2951	0.9390
0.2871	1.1512
0.2441	1.6268
0.2499	1.0450
0.2936	0.9205
0.2876	1.1465
0.2452	1.5777
0.2495	1.0197
0.2926	0.9085
0.2880	1.1450
0.2459	1.5198
0.2492	1.0098
0.2491	1.0050
0.2910	0.8877
0.2882	1.1577
0.2470	1.5140
0.2489	1.0143
0.2900	0.8710
0.2884	1.1767
0.2477	1.5217
0.2488	1.0203
0.2893	0.8488
0.2886	1.1982
0.2483	1.5298
0.2487	1.0348
0.2883	0.8315
0.2887	1.2095
0.2490	1.5443
0.2486	1.0488
0.2872	0.8240
0.2888	1.2173
0.2498	1.5692
0.2484	1.0245
0.2865	0.8247
0.2891	1.2333
0.2504	1.5745
0.2481	1.0325
0.2850	0.8288
0.2895	1.2495
0.2515	1.6013
0.2477	1.0415
0.2837	0.8387
0.2901	1.2630
0.2525	1.6590
0.2474	1.0357
0.2818	0.8470
0.2905	1.2717
0.2540	1.6567
0.2472	1.0290
0.2804	0.8535
0.2908	1.2767
0.2552	1.6525
0.2465	1.0368
0.2788	0.8615
0.2917	1.2563
0.2565	1.6710
0.2462	1.0335
0.2776	0.8658
0.2921	1.2328
0.2576	1.6385
0.2461	1.0448
0.2762	0.8693
0.2923	1.2015
0.2588	1.6335
0.2458	1.0570
0.2754	0.8642
0.2927	1.1852
0.2595	1.5825
0.2456	1.0690
0.2746	0.8515
0.2930	1.1762
0.2602	1.5738
0.2457	1.1178
0.2738	0.8463
0.2928	1.1605
0.2609	1.5587
0.2456	1.1305
0.2730	1.0337
0.2929	1.1495
0.2617	1.5033
0.2458	1.1405
0.2719	1.0238
0.2927	1.1335
0.2626	1.5015
0.2458	1.1550
0.2708	1.0207
0.2927	1.1215
0.2637	1.5795
0.2458	1.1692
0.2695	1.0083
0.2926	1.1110
0.2650	1.6317
0.2460	1.1582
0.2682	1.0052
0.2924	1.1035
0.2662	1.6880
0.2460	1.1638
0.2705	1.0110
0.2924	1.0982
0.2640	1.7190
0.2461	1.1492
0.2691	1.0252
0.2922	1.0912
0.2654	1.7350
0.2462	1.1350
0.2672	1.0415
0.2921	1.0715
0.2672	1.7908
0.2463	1.1190
0.2655	1.0752
0.2920	1.0537
0.2689	1.7565
0.2464	1.1123
0.2639	1.0960
0.2919	1.0407
0.2706	1.7148
0.2464	1.1107
0.2628	0.9350
0.2918	1.0195
0.2718	1.7545
0.2465	1.1105
0.2618	0.9600
0.2917	1.0075
0.2728	1.6840
0.2466	1.1157
0.2603	0.9923
0.2916	1.0023
0.2745	1.6080
0.2466	1.1230
0.2599	1.0267
0.2915	0.9920
0.2749	1.5478
0.2468	1.1365
0.2596	1.0457
0.2912	1.0007
0.2753	1.4700
0.2471	1.1465
0.2590	1.0545
0.2909	1.0082
0.2759	1.4213
0.2474	1.1608
0.2590	1.0555
0.2905	1.0245
0.2760	1.4280
0.2476	1.1707
0.2587	1.0593
0.2902	1.0408
0.2763	1.4127
0.2479	1.1685
0.2584	1.0640
0.2897	1.0692
0.2767	1.4223
0.2480	1.1650
0.2581	1.0743
0.2896	1.1065
0.2769	1.3920
0.2481	1.1545
0.2578	1.0673
0.2895	1.1393
0.2773	1.4013
0.2481	1.1413
0.2568	1.0715
0.2894	1.1750
0.2785	1.4330
0.2482	1.1270
0.2556	1.0560
0.2894	1.1868
0.2799	1.4235
0.2479	1.1120
0.2552	1.0523
0.2898	1.2015
0.2804	1.4272
0.2476	1.1005
0.2553	1.0535
0.2902	1.1952
0.2802	1.4253
0.2473	1.0837
0.2546	1.0587
0.2906	1.2013
0.2811	1.4073
0.2470	1.0725
0.2542	1.0710
0.2910	1.1980
0.2816	1.3400
0.2469	1.0662
0.2538	1.0795
0.2912	1.2142
0.2820	1.2692
0.2468	1.0708
0.2535	1.0922
0.2913	1.2228
0.2825	1.2512
0.2469	1.0687
0.2533	1.1005
0.2912	1.2297
0.2828	1.2753
0.2467	1.0793
0.2533	1.1145
0.2914	1.2430
0.2827	1.2195
0.2466	1.0887
0.2533	1.1197
0.2916	1.2540
0.2827	1.2385
0.2464	1.0963
0.2531	1.1250
0.2919	1.2730
0.2829	1.2098
0.2460	1.1020
0.2531	1.1227
0.2924	1.3020
0.2830	1.1712
0.2456	1.1063
0.2531	1.1330
0.2930	1.3520
0.2830	1.1643
0.2453	1.1135
0.2533	1.1365
0.2934	1.3848
0.2827	1.1517
0.2450	1.1220
0.2527	1.1455
0.2939	1.4220
0.2835	1.1657
0.2447	1.1293
0.2528	1.1563
0.2942	1.4272
0.2834	1.1465
0.2444	1.1352
0.2528	1.1603
0.2947	1.4237
0.2833	1.1253
0.2439	1.1423
0.2529	1.1633
0.2954	1.4147
0.2833	1.1052
0.2434	1.1450
0.2531	1.1573
0.2961	1.4090
0.2830	1.1232
0.2430	1.1413
0.2531	1.1488
0.2967	1.4150
0.2830	1.0213
0.2428	1.1418
0.2532	1.1595
0.2971	1.4465
0.2828	1.0177
0.2426	1.1460
0.2536	1.1670
0.2974	1.4835
0.2824	1.0075
0.2424	1.1485
0.2538	1.1693
0.2977	1.5252
0.2821	1.0038
0.2422	1.1525
0.2537	1.1820
0.2980	1.5860
0.2822	1.0378
0.2417	1.1585
0.2543	1.1852
0.2987	1.6242
0.2814	1.0255
0.2411	1.1465
0.2546	1.1877
0.2996	1.6605
0.2811	1.0458
0.2404	1.1475
0.2549	1.1815
0.3007	1.7137
0.2808	1.0625
0.2395	1.1328
0.2550	1.1738
0.3022	1.7647
0.2806	1.0587
0.2384	1.1162
0.2549	1.1718
0.3039	1.7907
0.2807	1.0478
0.2376	1.1035
0.2551	1.1780
0.3052	1.7948
0.2805	1.0913
0.2369	1.0887
0.2551	1.1762
0.3064	1.7715
0.2805	1.0663
0.2361	1.0730
0.2551	1.1705
0.3078	1.7373
0.2805	1.0700
0.2352	1.0657
0.2553	1.1647
0.3094	1.6910
0.2802	1.0450
0.2345	1.0585
0.2553	1.1525
0.3105	1.6320
0.2802	1.0105
0.2801	0.9810
0.2339	1.0505
0.2555	1.1462
0.3115	1.5960
0.2794	0.9590
0.2335	1.0617
0.2560	1.1360
0.3124	1.5963
0.2792	0.9408
0.2330	1.0585
0.2562	1.1225
0.3132	1.5920
0.2788	0.9660
0.2325	1.0737
0.2566	1.1097
0.3140	1.5898
0.2785	0.9470
0.2321	1.0905
0.2568	1.0947
0.3149	1.5930
0.2779	0.9068
0.2316	1.0472
0.2573	1.0298
0.3157	1.5207
0.2778	0.8937
0.2310	1.0035
0.2574	0.9653
0.3168	1.4558
0.2777	0.8732
0.2303	0.9740
0.2575	0.9337
0.3182	1.4160
0.2780	0.8610
0.2296	0.9413
0.2572	0.8985
0.3196	1.3710
0.2779	0.8475
0.2291	0.9052
0.2573	0.8708
0.3205	1.3183
0.2782	0.8485
0.2288	0.8670
0.2571	0.8390
0.3210	1.2652
0.2783	0.8420
0.2286	0.8453
0.2570	0.8495
0.3214	1.2328
0.2782	0.8345
0.2283	0.8320
0.2570	0.8552
0.3221	1.1795
0.2782	0.8192
0.2280	0.8147
0.2571	0.8665
0.3227	1.1258
0.2781	0.8213
0.2277	0.8057
0.2571	0.8747
0.3233	1.0882
0.2780	0.8640
0.2274	0.8615
0.2572	0.9363
0.3238	1.1422
0.2777	0.9017
0.2270	0.9165
0.2575	0.9905
0.3248	1.2005
0.2774	0.9108
0.2266	0.9523
0.2578	1.0225
0.3254	1.2262
0.2773	0.9290
0.2263	0.9945
0.2578	1.0463
0.3261	1.2595
0.2771	0.9558
0.2262	1.0307
0.2580	1.0620
0.3264	1.3060
0.2770	0.9932
0.2259	1.0670
0.2580	1.0833
0.3269	1.3537
0.2769	1.0000
0.2257	1.0827
0.2581	1.0715
0.3274	1.3577
0.2765	1.0328
0.2255	1.0863
0.2585	1.0665
0.3279	1.3682
0.2764	1.0680
0.2253	1.0760
0.2586	1.0578
0.3284	1.3790
0.2765	1.0577
0.2249	1.0555
0.2585	1.0565
0.3292	1.3885
0.2767	1.0487
0.2245	1.0317
0.2584	1.0432
0.3300	1.4053
0.2766	1.0653
0.2242	1.0122
0.2584	1.0340
0.3307	1.3945
0.2768	1.1072
0.2238	0.9882
0.2582	1.0273
0.3315	1.4053
0.2774	1.1180
0.2233	0.9580
0.2577	1.0355
0.3326	1.3892
0.2771	1.0773
0.2228	0.9435
0.2580	1.0478
0.3337	1.3755
0.2771	1.0825
0.2222	0.9242
0.2580	1.0535
0.3351	1.3518
0.2774	1.0893
0.2219	0.9042
0.2577	1.0500
0.3358	1.3378
0.2778	1.0740
0.2213	0.8950
0.2574	1.0447
0.3371	1.3298
0.2776	1.0425
0.2210	0.9010
0.2575	1.0395
0.3379	1.3153
0.2769	1.0980
0.2206	0.9132
0.2581	1.0352
0.3388	1.3085
0.2771	1.1142
0.2203	0.9245
0.2580	1.0380
0.3395	1.2825
0.2772	1.1242
0.2199	0.9343
0.2579	1.0387
0.3404	1.2670
0.2773	1.0915
0.2195	0.9513
0.2578	1.0335
0.3414	1.2275
0.2775	1.1057
0.2192	0.9652
0.2577	1.0145
0.3420	1.2108
0.2781	1.1950
0.2190	0.9712
0.2571	1.0000
0.3427	1.1768
0.2783	1.1917
0.2187	0.9815
0.2570	0.9782
0.3433	1.1503
0.2787	1.1515
0.2186	1.0060
0.2566	0.9682
0.3435	1.1157
0.2786	1.1363
0.2186	1.0275
0.2567	0.9633
0.3435	1.0745
0.2791	1.1828
0.2186	1.0472
0.2563	0.9655
0.3436	1.0427
0.2800	1.0852
0.2186	1.0625
0.2556	0.9755
0.3436	1.0185
0.2804	1.1040
0.2186	1.0835
0.2552	0.9813
0.3435	0.9950
0.2800	1.0663
0.2188	1.0997
0.2555	0.9800
0.3430	0.9903
0.2800	1.0925
0.2191	1.1150
0.2555	0.9863
0.3425	0.9972
0.2809	1.0555
0.2193	1.1350
0.2548	0.9945
0.3419	0.9977
0.2798	1.0277
0.2194	1.1555
0.2557	1.0040
0.3417	1.0082
0.2802	1.0035
0.2196	1.1787
0.2553	1.0195
0.3412	1.0217
0.2801	1.0477
0.2197	1.1898
0.2555	1.0305
0.3409	1.0332
0.2803	1.0590
0.2198	1.1917
0.2553	1.0382
0.3407	1.0485
0.2800	1.0022
0.2199	1.1922
0.2555	1.0375
0.3404	1.0640
0.2803	1.0312
0.2200	1.1750
0.2552	1.0300
0.3401	1.0665
0.2802	1.0220
0.2202	1.1573
0.2554	1.0252
0.3398	1.0777
0.2803	1.0132
0.2204	1.1357
0.2553	1.0215
0.3394	1.0743
0.2803	1.0005
0.2204	1.1085
0.2553	1.0130
0.3391	1.0800
0.2803	1.0005
0.2205	1.0885
0.2553	1.0155
0.3390	1.0820
0.2798	0.9777
0.2204	1.0767
0.2557	1.0030
0.3391	1.0965
0.2802	0.9780
0.2203	1.0597
0.2554	1.0010
0.3394	1.1025
0.2800	0.9355
0.2203	1.0458
0.2556	1.0223
0.3395	1.1125
0.2801	0.9488
0.2200	1.0405
0.2554	1.0645
0.3401	1.1258
0.2798	0.9618
0.2200	1.0470
0.2557	1.1173
0.3403	1.1235
0.2799	0.9980
0.2198	1.0718
0.2556	1.1607
0.3406	1.1195
0.2798	0.9747
0.2197	1.1012
0.2557	1.2140
0.3408	1.1115
0.3409	1.1140
0.2789	1.0182
0.2197	1.1225
0.2564	1.2525
0.3411	1.1025
0.2785	1.0170
0.2196	1.1472
0.2568	1.2925
0.3407	1.0975
0.2779	1.0490
0.2198	1.1633
0.2573	1.3288
0.3403	1.0692
0.2773	1.0693
0.2200	1.1728
0.2578	1.3705
0.3396	1.0623
0.2765	1.0545
0.2202	1.1753
0.2585	1.3970
0.3393	1.0440
0.2763	1.0903
0.2204	1.1782
0.2587	1.3937
0.3391	1.0345
0.2759	1.0580
0.2205	1.1888
0.2591	1.3678
0.3387	1.0337
0.2755	1.0095
0.2206	1.1888
0.2594	1.3280
0.3382	1.0325
0.2753	0.9788
0.2208	1.1865
0.2596	1.2907
0.3382	1.0433
0.2746	0.9790
0.2208	1.1838
0.2602	1.2540
0.3378	1.0460
0.2743	0.9460
0.2210	1.1920
0.2605	1.2370
0.3376	1.0445
0.2738	0.9295
0.2211	1.2017
0.2609	1.2290
0.3372	1.0393
0.2730	0.9022
0.2213	1.2092
0.2616	1.2432
0.3367	1.0445
0.2726	0.8880
0.2215	1.2205
0.2620	1.2700
0.3364	1.0272
0.2723	0.9035
0.2216	1.2425
0.2623	1.3352
0.3360	1.0250
0.2720	0.9100
0.2218	1.2583
0.2626	1.3627
0.3355	1.0057
0.2714	0.9227
0.2220	1.2635
0.2632	1.4078
0.3349	1.0005
0.2704	0.9465
0.2223	1.2677
0.2641	1.4553
0.3342	0.9942
0.2696	0.9765
0.2226	1.2708
0.2648	1.5148
0.3334	0.9895
0.2682	0.9685
0.2230	1.2698
0.2662	1.5705
0.3326	0.9867
0.2676	0.9518
0.2233	1.2658
0.2668	1.6138
0.3318	1.0000
0.2667	0.9672
0.2237	1.2585
0.2677	1.6415
0.3312	1.0165
0.2657	0.9720
0.2239	1.2508
0.2688	1.6338
0.3306	1.0275
0.2648	0.9432
0.2242	1.2377
0.2696	1.6055
0.3302	1.0518
0.2637	0.9395
0.2244	1.2195
0.2708	1.5555
0.3298	1.0772
0.2625	0.9045
0.2246	1.1983
0.2721	1.5480
0.3298	1.1000
0.2618	0.9022
0.2246	1.1938
0.2728	1.5232
0.3297	1.1082
0.2610	0.9223
0.2246	1.1800
0.2737	1.5112
0.3296	1.1117
0.2603	0.9295
0.2247	1.1710
0.2745	1.4913
0.3297	1.0982
0.2596	0.9200
0.2246	1.1610
0.2752	1.4710
0.3299	1.0760
0.2587	0.9625
0.2245	1.1557
0.2763	1.4853
0.3297	1.0475
0.2581	0.9553
0.2246	1.1545
0.2769	1.5080
0.3296	1.0210
0.2576	0.9935
0.2246	1.1550
0.2775	1.5427
0.3293	1.0042
0.2572	1.0180
0.2248	1.1400
0.2781	1.5698
0.3288	0.9797
0.2562	1.0000
0.2250	1.1272
0.2792	1.5797
0.3281	0.9535
0.2555	1.0120
0.2254	1.1167
0.2800	1.6002
0.3274	0.9407
0.2544	1.0092
0.2257	1.0910
0.2813	1.6032
0.3268	0.9255
0.2538	0.9760
0.2260	1.0617
0.2821	1.6065
0.3267	0.9308
0.2531	0.9280
0.2260	1.0423
0.2830	1.6012
0.3265	0.9363
0.2520	0.9643
0.2261	1.0275
0.2843	1.5915
0.3264	0.9550
0.2511	0.9393
0.2262	1.0105
0.2855	1.5535
0.3265	0.9680
0.2505	0.9375
0.2261	0.9898
0.2863	1.5143
0.3267	0.9823
0.2495	0.8942
0.2260	0.9842
0.2876	1.4668
0.3269	0.9850
0.2486	0.9183
0.2260	0.9880
0.2889	1.4347
0.3269	0.9945
0.2482	0.9205
0.2260	1.0005
0.2893	1.4235
0.3269	1.0103
0.2477	0.9373
0.2259	1.0273
0.2900	1.4062
0.3270	1.0155
0.2472	0.9305
0.2259	1.0363
0.2908	1.4290
0.3268	1.0323
0.2466	0.9722
0.2260	1.0728
0.2916	1.4498
0.3266	1.0328
0.2466	0.9885
0.2261	1.0830
0.2915	1.4908
0.3264	1.0405
0.2458	0.9735
0.2262	1.0880
0.2927	1.4993
0.3260	1.0462
0.2453	0.9840
0.2264	1.0905
0.2934	1.5200
0.3261	1.0473
0.2444	0.9585
0.2263	1.0995
0.2948	1.5220
0.3258	1.0403
0.2437	0.9870
0.2264	1.0925
0.2957	1.5243
0.3258	1.0325
0.2425	0.9255
0.2265	1.0948
0.2975	1.5295
0.3259	1.0283
0.2419	0.9292
0.2264	1.0863
0.2984	1.5163
0.3259	1.0108
0.2413	0.9122
0.2264	1.0640
0.2993	1.4928
0.3259	1.0037
0.2405	0.9173
0.2264	1.0630
0.3006	1.4503
0.3257	0.9882
0.2402	0.9347
0.2265	1.0550
0.3010	1.3943
0.3253	0.9657
0.2395	0.9485
0.2267	1.0575
0.3022	1.3380
0.3251	0.9480
0.2389	0.9533
0.2268	1.0665
0.3031	1.3110
0.3249	0.9285
0.2385	0.9565
0.2269	1.0855
0.3037	1.2872
0.3248	0.9190
0.2382	1.0120
0.2270	1.1015
0.3043	1.2752
0.3244	0.9197
0.2384	1.0153
0.2271	1.1110
0.3040	1.2682
0.3239	0.9190
0.2380	1.0477
0.2274	1.1105
0.3046	1.2695
0.3234	0.9175
0.2378	1.1015
0.2277	1.1110
0.3049	1.2725
0.3226	0.9177
0.2375	1.1198
0.2280	1.1103
0.3054	1.2702
0.3220	0.9172
0.2375	1.1055
0.2283	1.1003
0.3054	1.2700
0.3217	0.9223
0.2373	1.0783
0.2285	1.0915
0.3056	1.2577
0.3213	0.9403
0.2370	1.0890
0.2287	1.0830
0.3063	1.2300
0.3211	0.9477
0.2370	1.0590
0.2288	1.0610
0.3063	1.2150
0.3209	0.9693
0.2368	1.0652
0.2289	1.0332
0.3065	1.2000
0.3210	0.9840
0.2363	1.0292
0.2289	1.0060
0.3074	1.1750
0.3209	0.9838
0.2363	1.0282
0.2289	0.9960
0.3073	1.1655
0.3209	0.9965
0.2364	1.0285
0.2289	0.9922
0.3072	1.1353
0.3210	0.9977
0.2361	1.0255
0.2288	0.9952
0.3078	1.1153
0.3213	0.9940
0.2360	1.0240
0.2287	1.0062
0.3079	1.1138
0.3216	0.9973
0.2358	1.0357
0.2286	1.0220
0.3082	1.0965
0.3214	0.9965
0.2358	1.0335
0.2286	1.0343
0.3082	1.1008
0.3214	0.9867
0.2358	1.0515
0.2287	1.0285
0.3083	1.1260
0.3211	0.9850
0.2360	1.1110
0.2288	1.0330
0.3080	1.1443
0.3206	0.9815
0.2358	1.0660
0.2290	1.0392
0.3082	1.1520
0.3205	0.9780
0.2356	1.1175
0.2291	1.0395
0.3086	1.1857
0.3201	0.9842
0.2356	1.1015
0.2293	1.0323
0.3086	1.2020
0.3200	0.9908
0.2356	1.1000
0.2293	1.0265
0.3086	1.2067
0.3200	0.9968
0.2357	1.0813
0.2293	1.0197
0.3084	1.2160
0.3201	1.0147
0.2351	1.0808
0.2293	1.0152
0.3095	1.1977
0.3203	1.0195
0.2351	1.1183
0.2292	1.0183
0.3095	1.1920
0.3204	1.0140
0.2347	1.1260
0.2291	1.0260
0.3101	1.1852
0.3206	1.0145
0.2346	1.1075
0.2290	1.0713
0.3104	1.1718
0.3207	1.0000
0.2345	1.0702
0.2290	1.1325
0.3105	1.1413
0.3206	0.9848
0.2345	1.1282
0.2290	1.2000
0.3105	1.1205
0.3205	0.9652
0.2348	1.0935
0.2291	1.2685
0.3100	1.0830
0.3199	0.9513
0.2349	1.1423
0.2294	1.3290
0.3098	1.0368
0.3189	0.9265
0.2349	1.1425
0.2299	1.3932
0.3098	1.0190
0.3173	0.9050
0.2349	1.1590
0.2307	1.4548
0.3098	0.9923
0.3094	0.9940
0.3158	0.8815
0.2351	1.1593
0.2316	1.4913
0.3093	1.0008
0.3142	0.8657
0.2352	1.1365
0.2324	1.5322
0.3081	0.9988
0.3129	0.8550
0.2359	1.1593
0.2332	1.5445
0.3080	0.9885
0.3113	0.8670
0.2360	1.1582
0.2340	1.5435
0.3074	0.9978
0.3097	0.8770
0.2363	1.1540
0.2349	1.5060
0.3073	0.9900
0.3086	0.8827
0.2363	1.1375
0.2356	1.4675
0.3074	0.9815
0.3074	0.8935
0.2363	1.1363
0.2363	1.4365
0.3067	0.9815
0.3064	0.8945
0.2367	1.0975
0.2369	1.4183
0.3066	0.9755
0.3057	0.8992
0.2368	1.1013
0.2373	1.4173
0.3068	0.9725
0.3051	0.9000
0.2366	1.0795
0.2376	1.4265
0.3066	0.9655
0.3045	0.9010
0.2368	1.1007
0.2380	1.4650
0.3064	0.9530
0.3038	0.8990
0.2369	1.1132
0.2384	1.4843
0.3059	0.9562
0.3029	0.9113
0.2372	1.0672
0.2390	1.5185
0.3056	0.9493
0.3016	0.9030
0.2374	1.0238
0.2398	1.5290
0.3054	0.9497
0.3000	0.9118
0.2375	1.1088
0.2409	1.5605
0.3048	0.9592
0.2982	0.9100
0.2379	1.1060
0.2421	1.5698
0.3044	0.9825
0.2967	0.9145
0.2381	1.1020
0.2430	1.5710
0.3046	1.0070
0.2954	0.9270
0.2380	1.0890
0.2439	1.5535
0.3052	1.0382
0.2944	0.9448
0.2376	1.0830
0.2446	1.5152
0.3038	1.0585
0.2935	0.9692
0.2384	0.9820
0.2452	1.4565
0.3039	1.0775
0.2928	0.9915
0.2384	1.0385
0.2457	1.3857
0.3041	1.0985
0.2922	1.0080
0.2383	1.0252
0.2462	1.3232
0.3044	1.0975
0.2918	1.0165
0.2381	1.0545
0.2464	1.2865
0.3048	1.1073
0.2916	1.0242
0.2379	1.1042
0.2466	1.2765
0.3068	1.0907
0.2914	1.0108
0.2367	1.0328
0.2467	1.2815
0.3055	1.0895
0.2913	1.0130
0.2374	1.0185
0.2468	1.2990
0.3057	1.0685
0.2912	1.0062
0.2373	1.0508
0.2468	1.3225
0.3054	1.0580
0.2907	0.9865
0.2375	1.0485
0.2472	1.3457
0.3053	1.0348
0.2901	0.9542
0.2376	1.0743
0.2476	1.3613
0.3049	1.0185
0.2889	0.9278
0.2378	1.1587
0.2485	1.3827
0.3052	0.9932
0.2879	0.9065
0.2376	1.0932
0.2492	1.4007
0.3045	0.9812
0.2869	0.8832
0.2381	1.0875
0.2500	1.4190
0.3046	0.9797
0.2859	0.8800
0.2380	1.0668
0.2508	1.4055
0.3041	0.9700
0.2848	0.8775
0.2383	1.1165
0.2516	1.3655
0.3042	0.9913
0.2839	0.9020
0.2382	1.1150
0.2523	1.3120
0.3037	0.9990
0.2832	0.9187
0.2386	1.1267
0.2529	1.2602
0.3038	1.0065
0.2824	0.9420
0.2385	1.0380
0.2535	1.2080
0.3038	1.0180
0.2821	0.9680
0.2385	1.0898
0.2538	1.1780
0.3026	1.0340
0.2821	1.0095
0.2392	1.1140
0.2538	1.1730
0.3026	1.0447
0.2822	1.0430
0.2392	1.1170
0.2537	1.1810
0.3028	1.0490
0.2824	1.0655
0.2391	1.0875
0.2536	1.1763
0.3039	1.0448
0.2826	1.0910
0.2384	1.1043
0.2534	1.1837
0.3033	1.0500
0.2825	1.0905
0.2388	1.1190
0.2535	1.1857
0.3026	1.0585
0.2822	1.0868
0.2392	1.0608
0.2537	1.2067
0.3028	1.0503
0.2817	1.0535
0.2391	1.1230
0.2541	1.2160
0.3029	1.0470
0.2814	1.0478
0.2390	1.0793
0.2544	1.2193
0.3027	1.0498
0.2810	1.0330
0.2392	1.2260
0.2547	1.2228
0.3025	1.0387
0.2806	1.0342
0.2392	1.1632
0.2550	1.2125
0.3025	1.0322
0.2802	1.0333
0.2393	1.1255
0.2553	1.1760
0.3013	1.0337
0.2797	1.0382
0.2400	1.0513
0.2558	1.1315
0.3022	1.0427
0.2797	1.0428
0.2395	1.1535
0.2558	1.1223
0.3007	1.0480
0.2796	1.0580
0.2404	1.1310
0.2559	1.0852
0.3010	1.0462
0.2796	1.0757
0.2402	1.1433
0.2558	1.0810
0.3009	1.0503
0.2799	1.0915
0.2403	1.0752
0.2556	1.0945
0.3025	1.0530
0.2802	1.1275
0.2393	1.0500
0.2553	1.1247
0.3009	1.0493
0.2802	1.1315
0.2403	1.1147
0.2554	1.1518
0.3012	1.0577
0.2805	1.1330
0.2401	1.0515
0.2551	1.1738
0.3008	1.0547
0.2805	1.1180
0.2404	1.0747
0.2551	1.1992
0.3021	1.0565
0.2802	1.0995
0.2395	1.0447
0.2554	1.2248
0.3014	1.0460
0.2797	1.0765
0.2400	1.1190
0.2558	1.2360
0.3010	1.0433
0.2794	1.0642
0.2402	1.0488
0.2561	1.2300
0.3008	1.0377
0.2789	1.0475
0.2404	1.1163
0.2564	1.2528
0.3006	1.0393
0.2784	1.0430
0.2405	1.0292
0.2569	1.2548
0.3011	1.0350
0.2780	1.0458
0.2402	1.1367
0.2572	1.2522
0.3012	1.0295
0.2778	1.0550
0.2401	1.0818
0.2574	1.2260
0.3008	1.0342
0.2776	1.0735
0.2403	1.0288
0.2576	1.2150
0.2997	1.0313
0.2773	1.1052
0.2410	0.9892
0.2578	1.2185
0.3010	1.0452
0.2772	1.1417
0.2402	0.9642
0.2579	1.2102
0.3002	1.0500
0.2770	1.1697
0.2407	0.9625
0.2581	1.2153
0.3004	1.0662
0.2771	1.1918
0.2406	1.0128
0.2580	1.2375
0.3011	1.0810
0.2772	1.2062
0.2401	0.9512
0.2579	1.2495
0.3015	1.0965
0.2772	1.2078
0.2399	0.8880
0.2579	1.2462
0.3021	1.1005
0.2773	1.1965
0.2395	0.9888
0.2578	1.2417
0.3027	1.1098
0.2773	1.1870
0.2392	0.8613
0.2578	1.2225
0.3022	1.1047
0.2770	1.3318
0.2395	1.0250
0.2580	1.2082
0.3032	1.0982
0.2769	1.3173
0.2388	1.0887
0.2581	1.1965
0.3035	1.0785
0.2767	1.3013
0.2386	1.1340
0.2583	1.1722
0.3030	1.0513
0.2765	1.2912
0.2390	1.1795
0.2585	1.1613
0.3048	1.0375
0.2764	1.2848
0.2379	1.2237
0.2586	1.1442
0.3019	1.0115
0.2790	1.2935
0.2397	1.2040
0.2564	1.1260
0.3013	0.9940
0.2790	1.3055
0.2400	1.2695
0.2563	1.1165
0.3005	0.9730
0.2792	1.3267
0.2405	1.3105
0.2562	1.1068
0.2998	0.9582
0.2793	1.3515
0.2410	1.3057
0.2561	1.1083
0.2993	0.9475
0.2794	1.3552
0.2413	1.4365
0.2560	1.1132
0.2987	0.9573
0.2796	1.1967
0.2417	1.3455
0.2558	1.1070
0.2982	0.9545
0.2798	1.1862
0.2420	1.3820
0.2556	1.0920
0.2974	0.9780
0.2802	1.1700
0.2425	1.4328
0.2554	1.0783
0.2968	1.0095
0.2803	1.1462
0.2430	1.4845
0.2553	1.0593
0.2959	1.0335
0.2802	1.1298
0.2435	1.5322
0.2554	1.0420
0.2950	1.0693
0.2804	1.1082
0.2442	1.6038
0.2552	1.0167
0.2937	1.0933
0.2805	1.0830
0.2451	1.6617
0.2551	1.0035
0.2925	1.1073
0.2806	1.0550
0.2459	1.7195
0.2550	1.0000
0.2915	1.1052
0.2807	1.0230
0.2467	1.7878
0.2549	0.9815
0.2906	1.0955
0.2808	1.0120
0.2473	1.8138
0.2548	0.9603
0.2894	1.0833
0.2811	1.0030
0.2481	1.8085
0.2546	0.9617
0.2884	1.0763
0.2811	1.0050
0.2489	1.7992
0.2546	0.9650
0.2547	0.9738
0.2870	1.0430
0.2810	1.0208
0.2500	1.7705
0.2547	0.9883
0.2852	1.0177
0.2810	1.0397
0.2513	1.7258
0.2547	1.0028
0.2839	0.9832
0.2810	1.0520
0.2524	1.6960
0.2547	1.0218
0.2829	0.9390
0.2810	1.0500
0.2532	1.6565
0.2546	1.0288
0.2818	0.9085
0.2811	1.0463
0.2541	1.6398
0.2544	1.0270
0.2806	0.8985
0.2814	1.0423
0.2550	1.6250
0.2543	1.0272
0.2799	0.9018
0.2815	1.0452
0.2556	1.5940
0.2542	1.0340
0.2791	0.9105
0.2816	1.0393
0.2563	1.6003
0.2543	1.0407
0.2779	0.9197
0.2815	1.0322
0.2573	1.6203
0.2544	1.0465
0.2768	0.9325
0.2814	1.0235
0.2583	1.6145
0.2545	1.0495
0.2755	0.9550
0.2813	1.0098
0.2594	1.6067
0.2545	1.0550
0.2744	0.9563
0.2813	0.9960
0.2604	1.6202
0.2546	1.0633
0.2732	0.9588
0.2811	0.9913
0.2615	1.6200
0.2548	1.0700
0.2721	0.9647
0.2809	1.0003
0.2625	1.5883
0.2549	1.0762
0.2713	0.9508
0.2808	1.0112
0.2632	1.5495
0.2549	1.0895
0.2707	0.9348
0.2807	1.0250
0.2638	1.4865
0.2550	1.1082
0.2699	0.9288
0.2806	1.0368
0.2646	1.4393
0.2551	1.1222
0.2691	0.9153
0.2805	1.0530
0.2653	1.3768
0.2552	1.1310
0.2686	0.9010
0.2804	1.0660
0.2658	1.3190
0.2552	1.1385
0.2679	0.8825
0.2803	1.0738
0.2665	1.2907
0.2553	1.1335
0.2674	0.8770
0.2802	1.0730
0.2670	1.2683
0.2554	1.1227
0.2669	0.8835
0.2801	1.0730
0.2675	1.2473
0.2555	1.1020
0.2665	0.8895
0.2800	1.0640
0.2679	1.2370
0.2556	1.0430
0.2660	0.8583
0.2799	1.0035
0.2684	1.1912
0.2557	0.9822
0.2655	0.8298
0.2798	0.9458
0.2690	1.1255
0.2557	0.9152
0.2651	0.8037
0.2798	0.8838
0.2694	1.0758
0.2557	0.8490
0.2647	0.7700
0.2798	0.8232
0.2698	1.0190
0.2556	0.8053
0.2642	0.7662
0.2799	0.7840
0.2703	1.0065
0.2557	0.7660
0.2639	0.7632
0.2798	0.7482
0.2706	0.9915
0.2557	0.7520
0.2637	0.7960
0.2798	0.7405
0.2708	1.0023
0.2557	0.7553
0.2635	0.8203
0.2798	0.7345
0.2710	0.9972
0.2558	0.7513
0.2634	0.8403
0.2797	0.7388
0.2711	0.9820
0.2558	0.7593
0.2631	0.8588
0.2797	0.7550
0.2714	0.9575
0.2559	0.8130
0.2628	0.9010
0.2796	0.8177
0.2717	0.9950
0.2559	0.8720
0.2626	0.9553
0.2796	1.1322
0.2720	1.0365
0.2560	0.9348
0.2626	0.9933
0.2795	1.2005
0.2720	1.0847
0.2558	0.9887
0.2627	1.0290
0.2796	1.2682
0.2718	1.1530
0.2557	1.0205
0.2628	1.0283
0.2798	1.3157
0.2717	1.1955
0.2556	1.0425
0.2626	1.0282
0.2799	1.3585
0.2720	1.2387
0.2524	1.0425
0.2626	0.9983
0.2839	1.3705
0.2720	1.2420
0.2523	1.0358
0.2623	0.9692
0.2840	1.3738
0.2723	1.2525
0.2521	1.0407
0.2617	0.9370
0.2842	1.3645
0.2730	1.2660
0.2520	1.0382
0.2608	0.9295
0.2844	1.3572
0.2739	1.2830
0.2518	1.0285
0.2600	0.9342
0.2846	1.3497
0.2749	1.2890
0.2516	1.0145
0.2593	0.9405
0.2848	1.0987
0.2756	1.2920
0.2516	1.0010
0.2588	0.9583
0.2848	1.0930
0.2762	1.2905
0.2517	0.9952
0.2583	0.9810
0.2848	1.0977
0.2768	1.2692
0.2516	0.9875
0.2580	1.0142
0.2849	1.1045
0.2770	1.2367
0.2515	1.0032
0.2578	1.0470
0.2850	1.1088
0.2773	1.2075
0.2513	1.0163
0.2578	1.0720
0.2853	1.1187
0.2773	1.1892
0.2511	1.0355
0.2578	1.0910
0.2855	1.1460
0.2773	1.1753
0.2508	1.0498
0.2578	1.1092
0.2858	1.1707
0.2773	1.1698
0.2505	1.0537
0.2578	1.1058
0.2863	1.1880
0.2773	1.1682
0.2505	1.0557
0.2578	1.1090
0.2864	1.1987
0.2773	1.1545
0.2504	1.0620
0.2577	1.1072
0.2865	1.2028
0.2774	1.2147
0.2502	1.0658
0.2576	1.1052
0.2866	1.2100
0.2775	1.2088
0.2502	1.0683
0.2575	1.0998
0.2867	1.1985
0.2777	1.2070
0.2499	1.0737
0.2572	1.0890
0.2871	1.1817
0.2780	1.1993
0.2497	1.0657
0.2572	1.0798
0.2873	1.1623
0.2780	1.1908
0.2495	1.0580
0.2564	1.0713
0.2876	1.1437
0.2790	1.1623
0.2493	1.0452
0.2564	1.0658
0.2878	1.1193
0.2789	1.1477
0.2492	1.0317
0.2564	1.0655
0.2880	1.1088
0.2790	1.1230
0.2492	1.0330
0.2564	1.0755
0.2880	1.1145
0.2790	1.1040
0.2492	1.0375
0.2563	1.0880
0.2879	1.1265
0.2790	1.1050
0.2493	1.0428
0.2565	1.0973
0.2879	1.1530
0.2788	1.0438
0.2493	1.0497
0.2566	1.1020
0.2879	1.1790
0.2788	1.0430
0.2492	1.0503
0.2567	1.1105
0.2880	1.2085
0.2786	1.0505
0.2489	1.0423
0.2568	1.1270
0.2884	1.2562
0.2784	1.0607
0.2486	1.0315
0.2569	1.1285
0.2888	1.2970
0.2783	1.0650
0.2482	1.0352
0.2571	1.1375
0.2894	1.3275
0.2781	1.0842
0.2477	1.0220
0.2572	1.1423
0.2900	1.3508
0.2780	1.0793
0.2473	1.0310
0.2572	1.1458
0.2906	1.3850
0.2781	1.0743
0.2465	1.0218
0.2572	1.1447
0.2916	1.3750
0.2780	1.0670
0.2460	1.0248
0.2572	1.1403
0.2924	1.3850
0.2780	1.0488
0.2457	1.0255
0.2572	1.1340
0.2928	1.3698
0.2780	1.0375
0.2453	1.0260
0.2574	1.1298
0.2934	1.3770
0.2778	1.0228
0.2449	1.0252
0.2576	1.1205
0.2940	1.3970
0.2775	1.0015
0.2446	1.0415
0.2579	1.1130
0.2944	1.4290
0.2772	0.9983
0.2442	1.0560
0.2582	1.1167
0.2950	1.4587
0.2769	0.9963
0.2440	1.0473
0.2584	1.1170
0.2953	1.4852
0.2766	0.9963
0.2435	1.0560
0.2586	1.1205
0.2960	1.5060
0.2764	1.0173
0.2428	1.0335
0.2587	1.1245
0.2970	1.4970
0.2762	1.0447
0.2762	1.0680
0.2419	1.0268
0.2588	1.1282
0.2984	1.5148
0.2762	1.0975
0.2412	1.0005
0.2588	1.1215
0.2995	1.4962
0.2762	1.1178
0.2405	0.9847
0.2588	1.1190
0.3005	1.4945
0.2762	1.1400
0.2400	0.9708
0.2588	1.1153
0.3014	1.4590
0.2763	1.1550
0.2394	0.9675
0.2587	1.1110
0.3022	1.4102
0.2763	1.1560
0.2389	0.9530
0.2587	1.1025
0.3031	1.3325
0.2765	1.1572
0.2384	0.9425
0.2585	1.0967
0.3038	1.2810
0.2766	1.1587
0.2381	0.9477
0.2584	1.0880
0.3045	1.2363
0.2768	1.1475
0.2378	0.9498
0.2583	1.0803
0.3048	1.2107
0.2769	1.1332
0.2377	0.9620
0.2582	1.0693
0.3051	1.2055
0.2770	1.1182
0.2376	0.9842
0.2580	1.0603
0.3053	1.1933
0.2771	1.1012
0.2373	0.9980
0.2580	1.0560
0.3057	1.2155
0.2772	1.0973
0.2372	1.0112
0.2579	1.0498
0.3058	1.2300
0.2772	1.0970
0.2370	1.0153
0.2579	1.0465
0.3062	1.2370
0.2773	1.1010
0.2367	1.0165
0.2579	1.0420
0.3068	1.2530
0.2772	1.1082
0.2365	1.0148
0.2579	1.0413
0.3070	1.2713
0.2772	1.1122
0.2360	1.0190
0.2579	1.0328
0.3079	1.2795
0.2774	1.1103
0.2356	1.0077
0.2578	1.0305
0.3086	1.2942
0.2775	1.1132
0.2354	0.9955
0.2576	1.0308
0.3090	1.2918
0.2778	1.1233
0.2351	0.9952
0.2574	1.0377
0.3095	1.2733
0.2781	1.1312
0.2347	0.9795
0.2571	1.0435
0.3102	1.2633
0.2783	1.1380
0.2344	0.9810
0.2569	1.0528
0.3106	1.2373
0.2785	1.1385
0.2341	0.9770
0.2568	1.0573
0.3113	1.2160
0.2785	1.1375
0.2337	0.9787
0.2568	1.0585
0.3119	1.2175
0.2786	1.1350
0.2336	0.9780
0.2567	1.0580
0.3121	1.2275
0.2786	1.1338
0.2334	0.9890
0.2567	1.0542
0.3125	1.2302
0.2785	1.1382
0.2332	0.9905
0.2567	1.0522
0.3129	1.2358
0.2786	1.1480
0.2330	1.0048
0.2567	1.0423
0.3132	1.2493
0.2788	1.1623
0.2327	1.0167
0.2566	1.0290
0.3136	1.2520
0.2790	1.1725
0.2323	1.0175
0.2564	1.0147
0.3144	1.2582
0.2793	1.1830
0.2321	1.0123
0.2561	0.9998
0.3149	1.2490
0.2797	1.1930
0.2318	1.0085
0.2558	0.9880
0.3154	1.2348
0.2801	1.1865
0.2314	0.9932
0.2554	0.9797
0.3161	1.2102
0.2806	1.1808
0.2312	0.9842
0.2550	0.9775
0.3165	1.1880
0.2810	1.1683
0.2310	0.9832
0.2547	0.9817
0.3168	1.1475
0.2814	1.1533
0.2308	0.9750
0.2543	0.9890
0.3172	1.1215
0.2818	1.1260
0.2307	0.9783
0.2541	1.0025
0.3173	1.0950
0.2819	1.1025
0.2307	0.9793
0.2540	1.0173
0.3175	1.0690
0.2819	1.0785
0.2306	0.9797
0.2539	1.0418
0.3177	1.0723
0.2819	1.0582
0.2306	0.9840
0.2539	1.0668
0.3177	1.0735
0.2819	1.0327
0.2305	1.0037
0.2540	1.0805
0.3178	1.1005
0.2816	1.0100
0.2305	1.0135
0.2542	1.0845
0.3178	1.1265
0.2815	1.0067
0.2304	1.0270
0.2543	1.0835
0.3179	1.1550
0.2812	0.9987
0.2302	1.0322
0.2545	1.0775
0.3184	1.1660
0.2809	0.9897
0.2301	1.0295
0.2548	1.0657
0.3186	1.1872
0.2807	0.9785
0.2298	1.0335
0.2550	1.0523
0.3191	1.2110
0.2806	0.9728
0.2295	1.0262
0.2550	1.0345
0.3196	1.2395
0.2806	0.9700
0.2293	1.0182
0.2550	1.0192
0.3201	1.2562
0.2807	0.9695
0.2291	1.0158
0.2549	0.9880
0.3204	1.2582
0.2807	0.9608
0.2289	1.0088
0.2549	0.9527
0.3209	1.2700
0.2807	0.9593
0.2286	1.0003
0.2549	0.9280
0.3214	1.2682
0.2807	0.9630
0.2283	1.0020
0.2550	0.9110
0.3221	1.2682
0.2807	0.9725
0.2279	1.0080
0.2549	0.9010
0.3228	1.2775
0.2809	0.9837
0.2277	1.0298
0.2548	0.8970
0.3234	1.2925
0.2810	1.0052
0.2273	1.0593
0.2547	0.9050
0.3240	1.3068
0.2812	1.0333
0.2270	1.0865
0.2546	0.9137
0.3247	1.2977
0.2814	1.0668
0.2268	1.1210
0.2544	1.1100
0.3252	1.2820
0.2818	1.0903
0.2265	1.1470
0.2541	1.1357
0.3257	1.2575
0.2821	1.1223
0.2264	1.1738
0.2538	1.1590
0.3259	1.2303
0.2823	1.1547
0.2263	1.1920
0.2536	1.1900
0.3261	1.1928
0.2826	1.1813
0.2264	1.2035
0.2534	1.2225
0.3258	1.1492
0.2800	1.1990
0.2266	1.2102
0.2555	1.2582
0.3255	1.1105
0.2800	1.2175
0.2268	1.2072
0.2555	1.2912
0.3251	1.0613
0.2803	1.2282
0.2271	1.1993
0.2553	1.3232
0.3245	1.0103
0.2805	1.2280
0.2273	1.1795
0.2551	1.3445
0.3241	0.9655
0.2805	1.2245
0.2276	1.1585
0.2551	1.3627
0.3235	0.9303
0.2805	1.2232
0.2278	1.1397
0.2551	1.1965
0.3231	0.9098
0.2806	1.2228
0.2280	1.1285
0.2550	1.1933
0.3227	0.8978
0.2806	1.2123
0.2284	1.1212
0.2550	1.2060
0.3219	0.8935
0.2805	1.2082
0.2286	1.1190
0.2551	1.2160
0.3216	0.8940
0.2804	1.2230
0.2288	1.1252
0.2552	1.2277
0.3211	0.9113
0.3207	0.9170
0.2804	1.2240
0.2290	1.1288
0.2552	1.2507
0.3203	0.9298
0.2804	1.2202
0.2292	1.1373
0.2552	1.2820
0.3198	0.9577
0.2804	1.2195
0.2295	1.1308
0.2552	1.3090
0.3194	0.9658
0.2804	1.2198
0.2297	1.1255
0.2552	1.3360
0.3191	0.9957
0.2804	1.2075
0.2298	1.1165
0.2551	1.3623
0.3187	1.0082
0.2800	1.1835
0.2300	1.0960
0.2555	1.3762
0.3184	1.0217
0.2796	1.1528
0.2302	1.0830
0.2558	1.4105
0.3184	1.0425
0.2792	1.1225
0.2302	1.0603
0.2562	1.4285
0.3183	1.0682
0.2787	1.0923
0.2302	1.0448
0.2567	1.4420
0.3186	1.0812
0.2780	1.0425
0.2301	1.0220
0.2572	1.4510
0.3189	1.1047
0.2774	1.0182
0.2299	1.0037
0.2577	1.4275
0.3191	1.1390
0.2764	0.9913
0.2298	0.9940
0.2586	1.4067
0.3194	1.1545
0.2757	0.9773
0.2296	0.9940
0.2592	1.3820
0.3199	1.1807
0.2750	0.9680
0.2294	1.0058
0.2599	1.3560
0.3203	1.1862
0.2742	0.9678
0.2292	1.0265
0.2606	1.3445
0.3208	1.1883
0.2738	0.9808
0.2290	1.0535
0.2609	1.3373
0.3214	1.1815
0.2733	1.0040
0.2287	1.0797
0.2614	1.3252
0.3217	1.1755
0.2730	1.0147
0.2285	1.1060
0.2616	1.3400
0.3219	1.1653
0.2728	1.0267
0.2284	1.1302
0.2619	1.3557
0.3219	1.1510
0.2723	1.0547
0.2284	1.1563
0.2623	1.4013
0.3217	1.1370
0.2720	1.0582
0.2285	1.1803
0.2626	1.4358
0.3211	1.1160
0.2716	1.0500
0.2288	1.1950
0.2629	1.4565
0.3209	1.0980
0.2708	1.0422
0.2289	1.1983
0.2637	1.4835
0.3206	1.0797
0.2701	1.0157
0.2291	1.1977
0.2644	1.4992
0.3202	1.0707
0.2691	1.0013
0.2292	1.1710
0.2654	1.5008
0.3199	1.0675
0.2682	0.9747
0.2294	1.1563
0.2662	1.5105
0.3197	1.0740
0.2673	0.9610
0.2295	1.1322
0.2671	1.5045
0.3196	1.0797
0.2666	0.9540
0.2296	1.1058
0.2678	1.4803
0.3195	1.0892
0.2657	0.9485
0.2296	1.0810
0.2687	1.4495
0.3198	1.1030
0.2651	0.9360
0.2295	1.0455
0.2693	1.3940
0.3198	1.1158
0.2643	0.9430
0.2294	1.0335
0.2702	1.3567
0.3199	1.1182
0.2638	0.9555
0.2294	1.0242
0.2707	1.3350
0.3203	1.1225
0.2633	0.9685
0.2292	1.0285
0.2712	1.3010
0.3208	1.1315
0.2630	0.9852
0.2290	1.0245
0.2716	1.3010
0.3214	1.1247
0.2626	0.9928
0.2286	1.0383
0.2720	1.2840
0.3216	1.1192
0.2624	1.0110
0.2285	1.0420
0.2722	1.2950
0.3217	1.1142
0.2620	1.0147
0.2285	1.0445
0.2726	1.3040
0.3216	1.1010
0.2619	1.0130
0.2286	1.0530
0.2727	1.3123
0.3217	1.0820
0.2614	1.0055
0.2285	1.0580
0.2733	1.3097
0.3216	1.0692
0.2611	0.9847
0.2285	1.0718
0.2736	1.3085
0.3214	1.0540
0.2604	0.9703
0.2286	1.0627
0.2744	1.3120
0.3214	1.0545
0.2599	0.9590
0.2287	1.0537
0.2750	1.3135
0.3213	1.0573
0.2592	0.9460
0.2287	1.0345
0.2757	1.3280
0.3213	1.0525
0.2588	0.9510
0.2287	1.0297
0.2761	1.3098
0.3214	1.0498
0.2582	0.9590
0.2287	1.0260
0.2769	1.3145
0.3214	1.0453
0.2578	0.9858
0.2286	1.0193
0.2773	1.2890
0.3217	1.0365
0.2572	1.0032
0.2285	1.0263
0.2780	1.2688
0.3220	1.0215
0.2568	1.2917
0.2283	1.0380
0.2785	1.2547
0.3221	1.0120
0.2566	1.3243
0.2283	1.0537
0.2788	1.2560
0.3221	0.9955
0.2563	1.3635
0.2283	1.0622
0.2791	1.2542
0.3220	0.9850
0.2564	1.3820
0.2284	1.0790
0.2790	1.2688
0.3216	0.9623
0.2563	1.3955
0.2286	1.0910
0.2790	1.2820
0.3210	0.9372
0.2597	1.3928
0.2289	1.1077
0.2751	1.2952
0.3204	0.9155
0.2597	1.3840
0.2292	1.1147
0.2751	1.3327
0.3200	0.9085
0.2597	1.3710
0.2294	1.1130
0.2752	1.3520
0.3195	0.8977
0.2593	1.3307
0.2296	1.1123
0.2756	1.3685
0.3191	0.8980
0.2588	1.3145
0.2298	1.1020
0.2762	1.3793
0.3185	0.9030
0.2581	1.0355
0.2301	1.0823
0.2770	1.3810
0.3181	0.9130
0.2572	1.0197
0.2304	1.0627
0.2780	1.3840
0.3179	0.9247
0.2566	1.0168
0.2304	1.0520
0.2788	1.3813
0.3176	0.9350
0.2559	1.0290
0.2306	1.0425
0.2796	1.3603
0.3174	0.9465
0.2555	1.0423
0.2307	1.0478
0.2801	1.3345
0.3173	0.9637
0.2551	1.0680
0.2307	1.0578
0.2804	1.3058
0.3174	0.9850
0.2549	1.0980
0.2307	1.0635
0.2807	1.2575
0.3174	0.9875
0.2548	1.1218
0.2307	1.0755
0.2808	1.2360
0.3173	1.0065
0.2549	1.1535
0.2308	1.0850
0.2807	1.2040
0.3170	1.0110
0.2549	1.1670
0.2309	1.0878
0.2807	1.1965
0.3166	1.0218
0.2550	1.1733
0.2311	1.0935
0.2807	1.1840
0.3165	1.0247
0.2551	1.1685
0.2312	1.0923
0.2805	1.1775
0.3161	1.0288
0.2551	1.1580
0.2314	1.0933
0.2805	1.1720
0.3160	1.0337
0.2552	1.1485
0.2315	1.0795
0.2804	1.1695
0.3159	1.0395
0.2551	1.1458
0.2315	1.0543
0.2805	1.1650
0.3159	1.0442
0.2550	1.1480
0.2315	1.0190
0.2806	1.1540
0.3160	1.0430
0.2548	1.1520
0.2315	0.9930
0.2809	1.1410
0.3161	1.0520
0.2547	1.1670
0.2314	0.9782
0.2810	1.1233
0.3164	1.0430
0.2546	1.1805
0.2313	0.9680
0.2811	1.1045
0.3167	1.0410
0.2547	1.2017
0.2311	0.9742
0.2810	1.0787
0.3171	1.0320
0.2549	1.2290
0.2309	0.9777
0.2808	1.0658
0.3175	1.0110
0.2553	1.2575
0.2307	0.9960
0.2803	1.0420
0.3176	0.9903
0.2556	1.2827
0.2306	1.0110
0.2799	1.0208
0.3175	0.9688
0.2562	1.2952
0.2307	1.0347
0.2792	1.0107
0.3172	0.9407
0.2567	1.2952
0.2308	1.0637
0.2786	0.9993
0.3170	0.9093
0.2571	1.2823
0.2309	1.0983
0.2781	1.0003
0.3163	0.8792
0.2576	1.5040
0.2313	1.1295
0.2775	1.0167
0.3157	0.8537
0.2581	1.4815
0.2316	1.1500
0.2770	1.0320
0.3151	0.8445
0.2584	1.4593
0.2320	1.1635
0.2766	1.0625
0.3143	0.8420
0.2586	1.4313
0.2324	1.1633
0.2764	1.0990
0.3134	0.8548
0.2586	1.4082
0.2329	1.1760
0.2764	1.1110
0.3125	0.8775
0.2618	1.3895
0.2334	1.1775
0.2728	1.1278
0.3117	0.9010
0.2616	1.3743
0.2338	1.1883
0.2730	1.1280
0.3112	0.9178
0.2615	1.3603
0.2341	1.2145
0.2731	1.1145
0.2735	1.0975
0.3109	0.9355
0.2612	1.3525
0.2343	1.2502
0.2735	1.0788
0.3107	0.9495
0.2611	1.3530
0.2344	1.2993
0.2735	1.0513
0.3104	0.9710
0.2612	1.1170
0.2345	1.3360
0.2732	1.0243
0.3101	0.9840
0.2614	1.1200
0.2347	1.3615
0.2729	0.9928
0.3093	0.9953
0.2617	1.1152
0.2352	1.3935
0.2726	0.9568
0.3082	0.9910
0.2620	1.1162
0.2358	1.4118
0.2723	0.9382
0.3067	0.9795
0.2623	1.1092
0.2367	1.4177
0.2719	0.9297
0.3055	0.9652
0.2627	1.0960
0.2374	1.4180
0.2716	0.9358
0.3046	0.9563
0.2630	1.0902
0.2380	1.4058
0.2713	0.9555
0.3037	0.9542
0.2632	1.0842
0.2385	1.3688
0.2712	0.9813
0.3030	0.9555
0.2634	1.0800
0.2390	1.3203
0.2710	1.0057
0.3024	0.9647
0.2635	1.0725
0.2393	1.2617
0.2711	1.0375
0.3019	0.9665
0.2634	1.0617
0.2396	1.2157
0.2710	1.0563
0.3017	0.9710
0.2635	1.0508
0.2398	1.1920
0.2710	1.0745
0.3015	0.9645
0.2635	1.0485
0.2399	1.1987
0.2711	1.0790
0.3014	0.9550
0.2634	1.0403
0.2400	1.2350
0.2713	1.0845
0.3012	0.9435
0.2632	1.0415
0.2401	1.2907
0.2715	1.0742
0.3010	0.9380
0.2630	1.0428
0.2403	1.3578
0.2717	1.0752
0.3005	0.9147
0.2629	1.0368
0.2405	1.4202
0.2717	1.0610
0.2994	0.8922
0.2628	1.0330
0.2412	1.4627
0.2717	1.0545
0.2979	0.8757
0.2628	1.0295
0.2422	1.5053
0.2716	1.0485
0.2962	0.8565
0.2629	1.0228
0.2434	1.5260
0.2715	1.0328
0.2945	0.8410
0.2630	1.0223
0.2446	1.5453
0.2715	1.0300
0.2927	0.8327
0.2630	1.0133
0.2458	1.5595
0.2714	1.0310
0.2915	0.8365
0.2631	1.0030
0.2466	1.5368
0.2715	1.0350
0.2904	0.8570
0.2630	0.9928
0.2475	1.4910
0.2717	1.0437
0.2895	0.8807
0.2629	0.9820
0.2481	1.4220
0.2717	1.0625
0.2887	0.9095
0.2629	0.9770
0.2487	1.3550
0.2719	1.0733
0.2880	0.9355
0.2627	0.9737
0.2492	1.3002
0.2721	1.0958
0.2874	0.9708
0.2624	0.9777
0.2497	1.2983
0.2724	1.1022
0.2871	1.0003
0.2622	0.9957
0.2499	1.3068
0.2726	1.1090
0.2870	1.0218
0.2620	1.0140
0.2500	1.3307
0.2728	1.1285
0.2869	1.0380
0.2618	1.0290
0.2500	1.3552
0.2730	1.1152
0.2866	1.0447
0.2616	1.0533
0.2503	1.3665
0.2732	1.1118
0.2861	1.0510
0.2615	1.0702
0.2507	1.3740
0.2731	1.1140
0.2853	1.0502
0.2616	1.0885
0.2513	1.3958
0.2731	1.1053
0.2844	1.0465
0.2616	1.1010
0.2520	1.4272
0.2731	1.0978
0.2835	1.0380
0.2615	1.1062
0.2527	1.4415
0.2728	1.0860
0.2827	1.0508
0.2618	1.1105
0.2533	1.4543
0.2727	1.0760
0.2821	1.0533
0.2619	1.1057
0.2538	1.4348
0.2727	1.0675
0.2815	1.0565
0.2619	1.0908
0.2543	1.4052
0.2726	1.0597
0.2809	1.0822
0.2620	1.0832
0.2548	1.3632
0.2727	1.0487
0.2804	1.0987
0.2619	1.0743
0.2552	1.3307
0.2726	1.0623
0.2801	1.1190
0.2620	1.0665
0.2554	1.3258
0.2727	1.0642
0.2799	1.1323
0.2619	1.0715
0.2556	1.3235
0.2727	1.0682
0.2797	1.1310
0.2619	1.0810
0.2557	1.3528
0.2727	1.0877
0.2799	1.1320
0.2619	1.0910
0.2556	1.3892
0.2728	1.0958
0.2798	1.1272
0.2619	1.1080
0.2556	1.4280
0.2728	1.1093
0.2794	1.1117
0.2619	1.1208
0.2560	1.4682
0.2726	1.1157
0.2791	1.0960
0.2620	1.1275
0.2563	1.5032
0.2726	1.1105
0.2780	1.0823
0.2621	1.1380
0.2572	1.5402
0.2726	1.0970
0.2769	1.0588
0.2620	1.1303
0.2582	1.5800
0.2725	1.0808
0.2758	1.0508
0.2621	1.1187
0.2591	1.6142
0.2725	1.0730
0.2746	1.0470
0.2621	1.1035
0.2601	1.6063
0.2726	1.0610
0.2737	1.0485
0.2620	1.0892
0.2610	1.6135
0.2723	1.0435
0.2727	1.0655
0.2623	1.0700
0.2619	1.5777
0.2722	1.0190
0.2720	1.0837
0.2624	1.0537
0.2626	1.5260
0.2722	1.0035
0.2713	1.1033
0.2624	1.0405
0.2632	1.4850
0.2723	0.9832
0.2710	1.1325
0.2623	1.0342
0.2635	1.4420
0.2722	0.9743
0.2706	1.1557
0.2624	1.0537
0.2639	1.4013
0.2722	0.9835
0.2703	1.1738
0.2624	1.0708
0.2642	1.3705
0.2721	1.0030
0.2702	1.1877
0.2625	1.0990
0.2642	1.3427
0.2719	1.0300
0.2701	1.1970
0.2626	1.1373
0.2644	1.3163
0.2717	1.0503
0.2701	1.1995
0.2628	1.1828
0.2644	1.2960
0.2714	1.0793
0.2701	1.1970
0.2631	1.2248
0.2644	1.2608
0.2711	1.1055
0.2698	1.1905
0.2635	1.2633
0.2646	1.2467
0.2708	1.1247
0.2697	1.1790
0.2637	1.2962
0.2647	1.2375
0.2706	1.1440
0.2695	1.1740
0.2639	1.3215
0.2649	1.2145
0.2704	1.1510
0.2696	1.1565
0.2641	1.3460
0.2649	1.1875
0.2701	1.1590
0.2697	1.1465
0.2644	1.3535
0.2648	1.1760
0.2698	1.1578
0.2695	1.1213
0.2646	1.3560
0.2650	1.1545
0.2695	1.1497
0.2694	1.1125
0.2649	1.3618
0.2650	1.1413
0.2693	1.1342
0.2695	1.1115
0.2651	1.3610
0.2649	1.1255
0.2689	1.1210
0.2696	1.1108
0.2656	1.3720
0.2648	1.1273
0.2686	1.1038
0.2696	1.1130
0.2659	1.3735
0.2648	1.1375
0.2682	1.0908
0.2694	1.1255
0.2662	1.3788
0.2651	1.1302
0.2677	1.0810
0.2693	1.1385
0.2667	1.4018
0.2651	1.1280
0.2673	1.0790
0.2693	1.1373
0.2671	1.4348
0.2651	1.1260
0.2667	1.0877
0.2693	1.1298
0.2677	1.4590
0.2651	1.1158
0.2662	1.0857
0.2693	1.1260
0.2682	1.4843
0.2651	1.0900
0.2657	1.0905
0.2694	1.3495
0.2687	1.8090
0.2650	1.0590
0.2650	1.0965
0.2695	1.3613
0.2695	1.8288
0.2649	1.0277
0.2643	1.0945
0.2697	1.3530
0.2702	1.8370
0.2648	1.0023
0.2636	1.0880
0.2698	1.3382
0.2709	1.8178
0.2646	0.9695
0.2629	1.0765
0.2702	1.3207
0.2716	1.8010
0.2643	0.9370
0.2582	1.0640
0.2736	1.2995
0.2768	1.7800
0.2611	0.9078
0.2576	1.0550
0.2742	1.2797
0.2775	1.7542
0.2605	0.8785
0.2571	1.0397
0.2745	1.2665
0.2781	1.7285
0.2603	0.8555
0.2567	1.0337
0.2748	1.2710
0.2786	1.7133
0.2600	0.8485
0.2563	1.0315
0.2750	1.2780
0.2791	1.7160
0.2598	0.8478
0.2560	1.0293
0.2752	1.0718
0.2795	1.4167
0.2596	0.8500
0.2555	1.0295
0.2755	1.0597
0.2800	1.4240
0.2594	0.8543
0.2550	1.0467
0.2758	1.0560
0.2806	1.4270
0.2591	0.8520
0.2589	0.8500
0.2545	1.0537
0.2761	1.0585
0.2813	1.4538
0.2584	0.8348
0.2538	1.0707
0.2766	1.0615
0.2821	1.4663
0.2581	0.8397
0.2532	1.0882
0.2770	1.0625
0.2829	1.4882
0.2578	0.8410
0.2525	1.1140
0.2774	1.0603
0.2837	1.4902
0.2575	0.8523
0.2522	1.1328
0.2776	1.0620
0.2841	1.4820
0.2572	0.8622
0.2516	1.1490
0.2780	1.0580
0.2849	1.4710
0.2568	0.8742
0.2512	1.1440
0.2785	1.0450
0.2854	1.4350
0.2567	0.8882
0.2508	1.1308
0.2786	1.0330
0.2859	1.4138
0.2565	0.9067
0.2507	1.1118
0.2789	1.0328
0.2861	1.3750
0.2563	0.9285
0.2505	1.0898
0.2790	1.0360
0.2862	1.3572
0.2563	0.9570
0.2504	1.0695
0.2791	1.0440
0.2865	1.3205
0.2562	0.9938
0.2501	1.0452
0.2792	1.0602
0.2868	1.3150
0.2562	1.0088
0.2496	1.0305
0.2792	1.0690
0.2875	1.3033
0.2561	1.0330
0.2492	1.0050
0.2793	1.0767
0.2880	1.2973
0.2561	1.0458
0.2488	0.9775
0.2793	1.0775
0.2885	1.2997
0.2561	1.0573
0.2484	0.9508
0.2793	1.0745
0.2890	1.2967
0.2559	1.0590
0.2479	0.9523
0.2795	1.0767
0.2898	1.2907
0.2559	1.0582
0.2474	0.9570
0.2796	1.0780
0.2904	1.2830
0.2559	1.0562
0.2471	0.9725
0.2796	1.0723
0.2909	1.2902
0.2559	1.0445
0.2466	0.9795
0.2795	1.0578
0.2916	1.2833
0.2560	1.0328
0.2461	1.0015
0.2794	1.0585
0.2922	1.2735
0.2559	1.0220
0.2459	1.0228
0.2795	1.0405
0.2925	1.2450
0.2559	1.0165
0.2456	1.0310
0.2796	1.0248
0.2930	1.2217
0.2559	1.0100
0.2453	1.0380
0.2796	1.0093
0.2934	1.2125
0.2559	1.0060
0.2451	1.0438
0.2795	1.0060
0.2936	1.1958
0.2558	0.9997
0.2451	1.0352
0.2797	1.0092
0.2937	1.1972
0.2557	1.0055
0.2452	1.0193
0.2798	1.0052
0.2936	1.2098
0.2558	1.0065
0.2451	1.0070
0.2797	1.0157
0.2936	1.2255
0.2559	1.0075
0.2449	0.9900
0.2795	1.0157
0.2939	1.2335
0.2559	1.0150
0.2447	0.9775
0.2795	1.0262
0.2942	1.2417
0.2559	1.0215
0.2442	0.9632
0.2795	1.0087
0.2950	1.2663
0.2559	1.0192
0.2436	0.9577
0.2795	1.0122
0.2958	1.2720
0.2558	1.0132
0.2430	0.9575
0.2797	1.0175
0.2968	1.2772
0.2558	1.0090
0.2424	0.9613
0.2797	1.0227
0.2976	1.2690
0.2558	1.0023
0.2420	0.9707
0.2797	1.0142
0.2983	1.2555
0.2559	1.0065
0.2415	0.9995
0.2795	1.0088
0.2990	1.2210
0.2558	1.0065
0.2414	1.0180
0.2797	0.9985
0.2991	1.1950
0.2557	1.0120
0.2414	1.0495
0.2798	0.9895
0.2993	1.1675
0.2557	1.0115
0.2413	1.0810
0.2798	0.9757
0.2993	1.1390
0.2558	1.0092
0.2414	1.1013
0.2797	0.9763
0.2992	1.1282
0.2559	1.0140
0.2416	1.1195
0.2796	0.9845
0.2989	1.1015
0.2560	1.0230
0.2416	1.1255
0.2794	0.9905
0.2989	1.0995
0.2561	1.0360
0.2416	1.1170
0.2793	0.9850
0.2989	1.0955
0.2562	1.0507
0.2417	1.1142
0.2791	0.9825
0.2987	1.0938
0.2562	1.0637
0.2417	1.1160
0.2792	0.9888
0.2987	1.0987
0.2563	1.0653
0.2417	1.1035
0.2791	1.0055
0.2987	1.0993
0.2562	1.0695
0.2417	1.1023
0.2792	1.0353
0.2987	1.0900
0.2564	1.0670
0.2416	1.0845
0.2790	1.0562
0.2989	1.0680
0.2566	1.0692
0.2415	1.0692
0.2787	1.0975
0.2990	1.0527
0.2568	1.0750
0.2416	1.0633
0.2785	1.1187
0.2989	1.0263
0.2567	1.0740
0.2416	1.0532
0.2786	1.1455
0.2989	1.0038
0.2565	1.0837
0.2417	1.0495
0.2789	1.1625
0.2987	0.9730
0.2562	1.0830
0.2418	1.0625
0.2792	1.1952
0.2986	0.9410
0.2559	1.0745
0.2419	1.0750
0.2796	1.2265
0.2984	0.9197
0.2556	1.0773
0.2421	1.0765
0.2799	1.2712
0.2981	0.9065
0.2554	1.0750
0.2423	1.0873
0.2802	1.2935
0.2978	0.9023
0.2552	1.0768
0.2426	1.1010
0.2804	1.3377
0.2973	0.9157
0.2549	1.0860
0.2430	1.1100
0.2807	1.3903
0.2967	0.9260
0.2546	1.0923
0.2434	1.1140
0.2811	1.4185
0.2962	0.9383
0.2542	1.0862
0.2436	1.1123
0.2816	1.4357
0.2959	0.9463
0.2538	1.0782
0.2438	1.1165
0.2821	1.4430
0.2956	0.9547
0.2531	1.0577
0.2439	1.1105
0.2830	1.4467
0.2954	0.9680
0.2523	1.0428
0.2440	1.0975
0.2840	1.4548
0.2954	0.9855
0.2517	1.0257
0.2440	1.0825
0.2848	1.4577
0.2953	0.9958
0.2512	1.0115
0.2441	1.0767
0.2854	1.4385
0.2952	0.9960
0.2507	0.9983
0.2442	1.0730
0.2860	1.4233
0.2949	0.9920
0.2502	0.9940
0.2443	1.0572
0.2866	1.3775
0.2948	0.9723
0.2948	0.9630
0.2497	0.9820
0.2444	1.0545
0.2874	1.3220
0.2947	0.9645
0.2492	0.9728
0.2444	1.0553
0.2881	1.3003
0.2945	0.9667
0.2488	0.9778
0.2445	1.0505
0.2885	1.2960
0.2942	0.9833
0.2485	0.9875
0.2447	1.0468
0.2890	1.3235
0.2940	0.9990
0.2483	1.0042
0.2449	1.0558
0.2893	1.3615
0.2938	1.0092
0.2480	1.0300
0.2450	1.0650
0.2896	1.3857
0.2937	1.0242
0.2476	1.0547
0.2451	1.0773
0.2902	1.4105
0.2937	1.0375
0.2472	1.0752
0.2451	1.1003
0.2907	1.4225
0.2938	1.0573
0.2465	1.1007
0.2450	1.1080
0.2916	1.4383
0.2938	1.0675
0.2458	1.1120
0.2450	1.1163
0.2926	1.4510
0.2938	1.0673
0.2453	1.1403
0.2450	1.1182
0.2934	1.4625
0.2938	1.0673
0.2448	1.1650
0.2450	1.1130
0.2941	1.4472
0.2934	1.0635
0.2446	1.1812
0.2453	1.1193
0.2944	1.4358
0.2933	1.0520
0.2444	1.1882
0.2454	1.1200
0.2948	1.3860
0.2931	1.0415
0.2442	1.1845
0.2455	1.1155
0.2950	1.3377
0.2929	1.0280
0.2441	1.1813
0.2457	1.1135
0.2951	1.2940
0.2929	1.0202
0.2442	1.1835
0.2456	1.0992
0.2950	1.2755
0.2928	1.0127
0.2441	1.1762
0.2457	1.0770
0.2951	1.2820
0.2927	1.0102
0.2442	1.1695
0.2458	1.0625
0.2950	1.3020
0.2925	1.0222
0.2440	1.1675
0.2459	1.0508
0.2953	1.3345
0.2923	1.0393
0.2440	1.1533
0.2461	1.0428
0.2953	1.3655
0.2924	1.0487
0.2437	1.1333
0.2460	1.0445
0.2957	1.3972
0.2923	1.0680
0.2433	1.1093
0.2460	1.0505
0.2963	1.4100
0.2924	1.0723
0.2428	1.0870
0.2460	1.0558
0.2971	1.4355
0.2926	1.0805
0.2422	1.0672
0.2458	1.0692
0.2980	1.4643
0.2928	1.0890
0.2416	1.0447
0.2457	1.0847
0.2988	1.4878
0.2930	1.0933
0.2411	1.0167
0.2456	1.1042
0.2997	1.4853
0.2931	1.1005
0.2406	0.9993
0.2455	1.1103
0.3004	1.4668
0.2929	1.0950
0.2401	0.9832
0.2456	1.1158
0.3012	1.4435
0.2927	1.0825
0.2394	0.9645
0.2458	1.1202
0.3024	1.4072
0.2924	1.0797
0.2388	0.9480
0.2460	1.1322
0.3033	1.3772
0.2922	1.0757
0.2383	0.9320
0.2461	1.1305
0.3041	1.3823
0.2922	1.0775
0.2379	0.9288
0.2462	1.1260
0.3047	1.3967
0.2921	1.0920
0.2375	0.9343
0.2462	1.1250
0.3054	1.4035
0.2920	1.1090
0.2371	0.9518
0.2463	1.1083
0.3060	1.4065
0.2919	1.1315
0.2367	0.9663
0.2463	1.0895
0.3067	1.4205
0.2921	1.1375
0.2360	0.9838
0.2462	1.0700
0.3080	1.4292
0.2922	1.1410
0.2353	0.9860
0.2461	1.0617
0.3091	1.4400
0.2924	1.1485
0.2348	0.9913
0.2460	1.0597
0.3100	1.4395
0.2927	1.1530
0.2343	0.9898
0.2458	1.0683
0.3109	1.4478
0.2931	1.1467
0.2337	0.9803
0.2455	1.0615
0.3119	1.4312
0.2934	1.1345
0.2333	0.9955
0.2453	1.0840
0.3126	1.3890
0.2935	1.1175
0.2329	1.0010
0.2452	1.1010
0.3134	1.3532
0.2936	1.0970
0.2325	1.0052
0.2452	1.1060
0.3140	1.3210
0.2934	1.0702
0.2321	1.0065
0.2453	1.1155
0.3149	1.2982
0.2934	1.0430
0.2318	1.0087
0.2453	1.1267
0.3154	1.2730
0.2929	1.0292
0.2317	1.0112
0.2456	1.1332
0.3156	1.2570
0.2925	1.0207
0.2315	1.0258
0.2459	1.1355
0.3160	1.2567
0.2922	1.0255
0.2314	1.0382
0.2461	1.1340
0.3162	1.2600
0.2920	1.0265
0.2311	1.0568
0.2463	1.1252
0.3167	1.2582
0.2917	1.0218
0.2309	1.0797
0.2465	1.1240
0.3171	1.2690
0.2916	1.0202
0.2307	1.0797
0.2466	1.0982
0.3175	1.2770
0.2916	1.0137
0.2304	1.0757
0.2466	1.0773
0.3180	1.2858
0.2917	1.0087
0.2302	1.0665
0.2465	1.0700
0.3185	1.2970
0.2917	1.0070
0.2299	1.0535
0.2465	1.0650
0.3189	1.2908
0.2916	1.0050
0.2297	1.0368
0.2465	1.0537
0.3193	1.2753
0.2916	0.9950
0.2296	1.0232
0.2466	1.0560
0.3196	1.2585
0.2914	0.9810
0.2292	1.0032
0.2467	1.0677
0.3202	1.2473
0.2912	0.9580
0.2289	0.9858
0.2469	1.0795
0.3209	1.2278
0.2910	0.9455
0.2286	0.9707
0.2470	1.0978
0.3215	1.2118
0.2909	0.9475
0.2284	0.9502
0.2471	1.1090
0.3220	1.2070
0.2906	0.9503
0.2282	0.9410
0.2473	1.1147
0.3223	1.2020
0.2901	0.9615
0.2279	0.9400
0.2477	1.1187
0.3230	1.1990
0.2897	0.9713
0.2276	0.9440
0.2480	1.1160
0.3235	1.1973
0.2892	0.9847
0.2274	0.9537
0.2483	1.1135
0.3239	1.1845
0.2889	0.9930
0.2271	0.9625
0.2485	1.1150
0.3246	1.1842
0.2888	1.0012
0.2268	0.9628
0.2486	1.1108
0.3250	1.1857
0.2888	1.0095
0.2265	0.9760
0.2486	1.1013
0.3256	1.1665
0.2887	1.0162
0.2263	0.9695
0.2486	1.0900
0.3262	1.1433
0.2888	1.0108
0.2262	0.9642
0.2486	1.0675
0.3263	1.1200
0.2888	1.0080
0.2261	0.9723
0.2486	1.0550
0.3266	1.0895
0.2887	0.9942
0.2259	0.9655
0.2487	1.0480
0.3270	1.0605
0.2886	0.9818
0.2259	0.9695
0.2488	1.0505
0.3270	1.0337
0.2884	0.9723
0.2258	0.9712
0.2489	1.0718
0.3271	1.0142
0.2882	0.9488
0.2258	0.9640
0.2490	1.1122
0.3272	1.0157
0.2881	0.9352
0.2259	0.9672
0.2491	1.1662
0.3271	1.0190
0.2879	0.9358
0.2259	0.9795
0.2493	1.2202
0.3271	1.0248
0.2876	0.9377
0.2259	0.9792
0.2495	1.2703
0.3270	1.0360
0.2871	0.9387
0.2259	0.9937
0.2499	1.3220
0.3271	1.0435
0.2861	0.9472
0.2257	1.0053
0.2506	1.3612
0.3275	1.0468
0.2850	0.9477
0.2255	1.0047
0.2515	1.4132
0.3277	1.0505
0.2841	0.9548
0.2254	1.0147
0.2522	1.4568
0.3280	1.0588
0.3282	1.0608
0.2831	0.9462
0.2253	1.0210
0.2530	1.4942
0.3282	1.0608
0.2822	0.9405
0.2253	1.0195
0.2537	1.5135
0.3281	1.0545
0.2815	0.9442
0.2254	1.0183
0.2543	1.5088
0.3280	1.0415
0.2806	0.9450
0.2254	1.0170
0.2550	1.4812
0.3280	1.0318
0.2798	0.9330
0.2254	1.0030
0.2557	1.4505
0.3279	1.0357
0.2788	0.9230
0.2255	0.9968
0.2565	1.4235
0.3280	1.0567
0.2780	0.9183
0.2254	0.9908
0.2573	1.4010
0.3282	1.0768
0.2772	0.9247
0.2253	0.9882
0.2579	1.3920
0.3283	1.1073
0.2765	0.9235
0.2253	0.9945
0.2585	1.3768
0.3286	1.1347
0.2760	0.9325
0.2251	0.9995
0.2590	1.3872
0.3291	1.1640
0.2753	0.9595
0.2249	1.0062
0.2595	1.4045
0.3296	1.1767
0.2747	0.9800
0.2247	1.0223
0.2601	1.4202
0.3300	1.1810
0.2743	1.0025
0.2245	1.0430
0.2605	1.4305
0.3305	1.1938
0.2736	1.0208
0.2243	1.0587
0.2611	1.4407
0.3309	1.1917
0.2729	1.0352
0.2240	1.0792
0.2617	1.4575
0.3313	1.1720
0.2721	1.0493
0.2239	1.1025
0.2625	1.4553
0.3313	1.1422
0.2713	1.0575
0.2239	1.1192
0.2632	1.4533
0.3312	1.1145
0.2707	1.0398
0.2239	1.1308
0.2637	1.4507
0.3312	1.0757
0.2703	1.0417
0.2239	1.1448
0.2642	1.4285
0.3310	1.0455
0.2697	1.0128
0.2240	1.1505
0.2648	1.3990
0.3306	1.0107
0.2693	0.9673
0.2242	1.1493
0.2651	1.3580
0.3301	0.9985
0.2689	0.9368
0.2244	1.1425
0.2656	1.3187
0.3297	0.9978
0.2682	0.9103
0.2246	1.1405
0.2662	1.2843
0.3290	0.9920
0.2680	0.8870
0.2250	1.1262
0.2664	1.2720
0.3287	1.0000
0.2673	0.8720
0.2251	1.1240
0.2671	1.2605
0.3283	1.0160
0.2664	0.8603
0.2253	1.1120
0.2680	1.2817
0.3282	1.0370
0.2658	0.8610
0.2253	1.1030
0.2686	1.3240
0.3281	1.0580
0.2654	0.8777
0.2254	1.1087
0.2691	1.3595
0.3283	1.0802
0.2648	0.8785
0.2253	1.0925
0.2697	1.3822
0.3283	1.0943
0.2641	0.9123
0.2253	1.1003
0.2703	1.4017
0.3285	1.1075
0.2633	0.9425
0.2252	1.1033
0.2712	1.3987
0.3287	1.1087
0.2623	0.9627
0.2251	1.1105
0.2722	1.3908
0.3286	1.1033
0.2615	0.9782
0.2252	1.1130
0.2732	1.3900
0.3287	1.0922
0.2609	0.9782
0.2251	1.1250
0.2738	1.3610
0.3285	1.0775
0.2604	0.9775
0.2252	1.1262
0.2743	1.3465
0.3284	1.0710
0.2601	0.9722
0.2252	1.1217
0.2747	1.3010
0.3282	1.0633
0.2599	0.9613
0.2253	1.1252
0.2749	1.2257
0.3279	1.0653
0.2597	0.9547
0.2255	1.1155
0.2752	1.1708
0.3276	1.0687
0.2595	0.9547
0.2256	1.1155
0.2754	1.1490
0.3273	1.0737
0.2591	0.9470
0.2258	1.0985
0.2758	1.1143
0.3274	1.0740
0.2588	0.9620
0.2257	1.0847
0.2761	1.1153
0.3274	1.0715
0.2587	0.9815
0.2257	1.0753
0.2762	1.1313
0.3275	1.0765
0.2586	1.0000
0.2257	1.0665
0.2764	1.1558
0.3277	1.0825
0.2583	1.0340
0.2256	1.0702
0.2767	1.1915
0.3280	1.0830
0.2582	1.0635
0.2254	1.0710
0.2769	1.2220
0.3281	1.1567
0.2580	1.0878
0.2253	1.0770
0.2770	1.2695
0.3281	1.1415
0.2579	1.1007
0.2254	1.0768
0.2772	1.3118
0.3281	1.1253
0.2576	1.1075
0.2254	1.0777
0.2775	1.3387
0.3278	1.1067
0.2574	1.0968
0.2255	1.0805
0.2778	1.3583
0.3275	1.0790
0.2570	1.0800
0.2256	1.0808
0.2783	1.3828
0.3291	1.0640
0.2564	1.0420
0.2249	1.0898
0.2789	1.3877
0.3288	1.0535
0.2560	1.0080
0.2251	1.0723
0.2795	1.3830
0.3285	1.0430
0.2555	0.9755
0.2252	1.0648
0.2800	1.3692
0.3283	1.0423
0.2549	0.9462
0.2253	1.0395
0.2808	1.3583
0.3280	1.0507
0.2542	0.9270
0.2254	1.0213
0.2816	1.3382
0.3276	0.9763
0.2535	0.9232
0.2256	1.0137
0.2824	1.3055
0.3277	0.9913
0.2530	0.9300
0.2256	1.0023
0.2831	1.2940
0.3277	1.0020
0.2525	0.9405
0.2256	1.0007
0.2837	1.2830
0.3279	1.0137
0.2521	0.9630
0.2255	1.0105
0.2843	1.2865
0.3282	1.0318
0.2517	0.9910
0.2253	1.0240
0.2848	1.2947
0.3283	1.0440
0.2515	1.0243
0.2253	1.0310
0.2850	1.3240
0.3285	1.0650
0.2513	1.0440
0.2252	1.0542
0.2853	1.3453
0.3285	1.0710
0.2511	1.2437
0.2252	1.0637
0.2855	1.3563
0.3284	1.0797
0.2507	1.2550
0.2253	1.0732
0.2860	1.3515
0.3281	1.0860
0.2504	1.2542
0.2254	1.0763
0.2865	1.3415
0.3279	1.0880
0.2497	1.2465
0.2255	1.0763
0.2873	1.3273
0.3279	1.0885
0.2492	1.2325
0.2255	1.0752
0.2880	1.3057
0.3278	1.0908
0.2511	1.2233
0.2255	1.0628
0.2856	1.2832
0.3280	1.0955
0.2508	1.2190
0.2254	1.0375
0.2859	1.2482
0.3284	1.0988
0.2506	1.2170
0.2252	1.0162
0.2862	1.2155
0.3286	1.1010
0.2505	1.2280
0.2252	0.9883
0.2863	1.1675
0.3288	1.0887
0.2504	1.2438
0.2250	0.9662
0.2865	1.1375
0.3291	1.0795
0.2504	1.0785
0.2249	0.9523
0.2865	1.1200
0.3296	1.0562
0.2504	1.0995
0.2247	0.9488
0.2865	1.1160
0.3299	1.0223
0.2504	1.1195
0.2245	0.9530
0.2865	1.1125
0.3303	1.0030
0.2505	1.1333
0.2243	0.9490
0.2863	1.1367
0.3306	0.9785
0.2505	1.1408
0.2242	0.9460
0.2863	1.1360
0.3306	0.9518
0.2505	1.1387
0.2242	0.9475
0.2862	1.1308
0.3304	0.9230
0.2506	1.1292
0.2243	0.9520
0.2861	1.1123
0.3299	0.8997
0.2506	1.1117
0.2245	0.9580
0.2861	1.0862
0.3297	0.8777
0.2504	1.0898
0.2246	0.9630
0.2864	1.0528
0.3295	0.8700
0.2504	1.0672
0.2247	0.9682
0.2864	1.0217
0.3292	0.8657
0.2505	1.0490
0.2248	0.9675
0.2863	0.9915
0.3290	0.8798
0.2506	1.0323
0.2250	0.9587
0.2862	0.9713
0.3287	0.9035
0.2507	1.0215
0.2251	0.9638
0.2860	0.9550
0.3285	0.9178
0.2510	1.0190
0.2252	0.9655
0.2857	0.9343
0.3284	0.9432
0.2511	1.0242
0.2252	0.9783
0.2855	0.9353
0.3284	0.9582
0.2513	1.0400
0.2252	0.9965
0.2853	0.9585
0.3287	0.9802
0.2514	1.0625
0.2251	1.0332
0.2851	0.9968
0.2850	1.0415
0.3286	0.9868
0.2515	1.0900
0.2251	1.0750
0.2850	1.0963
0.3287	0.9923
0.2515	1.1170
0.2251	1.1225
0.2850	1.1475
0.3287	0.9910
0.2515	1.1345
0.2251	1.1653
0.2850	1.1823
0.3284	0.9875
0.2515	1.1438
0.2252	1.2135
0.2851	1.2125
0.3278	0.9725
0.2514	1.1423
0.2255	1.2668
0.2852	1.2252
0.3268	0.9650
0.2513	1.1393
0.2260	1.2915
0.2854	1.2292
0.3257	0.9573
0.2512	1.1278
0.2265	1.3278
0.2857	1.2335
0.3247	0.9495
0.2509	1.1180
0.2270	1.3468
0.2859	1.2203
0.3236	0.9533
0.2508	1.1020
0.2276	1.3440
0.2863	1.1957
0.3224	0.9487
0.2505	1.2678
0.2281	1.3262
0.2864	1.1643
0.3217	0.9680
0.2504	1.2510
0.2285	1.2898
0.2866	1.1470
0.3209	0.9753
0.2502	1.2365
0.2289	1.2475
0.2868	1.1110
0.3204	0.9875
0.2501	1.2340
0.2292	1.2167
0.2869	1.0920
0.3202	0.9888
0.2500	1.2322
0.2293	1.2002
0.2839	1.0733
0.3199	0.9947
0.2523	1.2395
0.2294	1.2027
0.2838	1.0747
0.3200	0.9820
0.2524	1.2428
0.2293	1.2285
0.2839	1.0722
0.3200	0.9652
0.2523	1.2580
0.2294	1.2605
0.2837	1.0757
0.3199	0.9580
0.2525	1.2647
0.2294	1.3030
0.2836	1.0827
0.3192	0.9395
0.2526	1.2668
0.2298	1.3645
0.2836	1.1057
0.3182	0.9305
0.2526	1.0847
0.2303	1.4175
0.2837	1.1248
0.3167	0.9090
0.2525	1.0870
0.2311	1.4712
0.2836	1.1300
0.3149	0.9130
0.2526	1.0815
0.2320	1.5177
0.2838	1.1460
0.3135	0.9127
0.2525	1.0748
0.2328	1.5545
0.2839	1.1585
0.3117	0.9322
0.2523	1.0680
0.2338	1.5750
0.2843	1.1597
0.3103	0.9475
0.2521	1.0620
0.2346	1.5660
0.2845	1.1565
0.3089	0.9750
0.2519	1.0617
0.2354	1.5385
0.2847	1.1610
0.3081	1.0132
0.2517	1.0557
0.2359	1.4997
0.2849	1.1545
0.3073	1.0410
0.2516	1.0597
0.2363	1.4688
0.2851	1.1530
0.3066	1.0718
0.2514	1.0725
0.2368	1.4315
0.2852	1.1368
0.3061	1.0947
0.2514	1.0810
0.2371	1.4318
0.2852	1.1285
0.3057	1.1202
0.2513	1.0888
0.2373	1.4465
0.2853	1.1220
0.3056	1.1320
0.2512	1.1023
0.2374	1.4650
0.2853	1.1180
0.3053	1.1403
0.2513	1.1077
0.2376	1.4825
0.2852	1.1158
0.3049	1.1440
0.2513	1.1197
0.2378	1.4847
0.2852	1.1190
0.3039	1.1390
0.2513	1.1253
0.2384	1.5010
0.2851	1.1225
0.3028	1.1282
0.2514	1.1322
0.2391	1.5140
0.2850	1.1290
0.3019	1.1133
0.2515	1.1377
0.2397	1.5140
0.2851	1.1378
0.3010	1.1055
0.2514	1.1373
0.2402	1.5112
0.2850	1.1392
0.3003	1.1097
0.2515	1.1345
0.2406	1.4900
0.2851	1.1565
0.2995	1.1165
0.2514	1.1302
0.2412	1.4475
0.2851	1.1540
0.2987	1.1252
0.2514	1.1282
0.2417	1.3918
0.2852	1.1505
0.2982	1.1387
0.2514	1.1300
0.2420	1.3377
0.2853	1.1445
0.2979	1.1538
0.2513	1.1375
0.2422	1.3013
0.2853	1.1352
0.2980	1.1747
0.2512	1.1480
0.2422	1.2823
0.2856	1.1305
0.2979	1.1865
0.2510	1.1542
0.2422	1.2853
0.2855	1.1150
0.2980	1.2020
0.2511	1.1625
0.2422	1.3055
0.2854	1.0957
0.2983	1.2062
0.2512	1.1660
0.2420	1.3455
0.2852	1.0760
0.2983	1.2027
0.2514	1.1678
0.2419	1.3540
0.2848	1.0627
0.2984	1.1850
0.2516	1.1715
0.2419	1.3782
0.2847	1.0405
0.2977	1.1628
0.2517	1.1747
0.2424	1.3912
0.2843	1.0445
0.2969	1.1383
0.2520	1.1623
0.2429	1.4020
0.2840	1.0468
0.2958	1.1053
0.2522	1.1377
0.2436	1.4295
0.2838	1.0507
0.2952	1.0810
0.2524	1.1075
0.2440	1.4277
0.2836	1.0603
0.2946	1.0482
0.2526	1.0695
0.2445	1.4210
0.2834	1.0660
0.2939	1.0360
0.2527	1.0395
0.2449	1.3805
0.2836	1.0737
0.2934	1.0267
0.2526	1.0073
0.2453	1.3265
0.2839	1.0835
0.2926	1.0330
0.2524	0.9770
0.2458	1.2638
0.2843	1.0770
0.2923	1.0353
0.2521	0.9538
0.2461	1.2365
0.2847	1.0695
0.2919	1.0510
0.2517	0.9503
0.2463	1.2133
0.2851	1.0528
0.2917	1.0712
0.2514	0.9515
0.2465	1.1978
0.2854	1.0328
0.2917	1.0878
0.2512	0.9782
0.2465	1.2015
0.2858	1.0072
0.2918	1.1000
0.2509	1.0177
0.2464	1.1915
0.2858	0.9903
0.2918	1.0990
0.2509	1.0695
0.2465	1.1880
0.2855	0.9700
0.2918	1.0930
0.2511	1.1198
0.2464	1.1900
0.2851	0.9518
0.2917	1.0858
0.2514	1.1610
0.2465	1.1980
0.2845	0.9447
0.2914	1.0720
0.2519	1.1957
0.2467	1.1965
0.2837	0.9353
0.2911	1.0510
0.2525	1.2373
0.2469	1.2067
0.2830	0.9485
0.2908	1.0415
0.2531	1.2765
0.2472	1.2105
0.2823	0.9560
0.2903	1.0310
0.2536	1.2942
0.2475	1.2018
0.2817	0.9710
0.2898	1.0177
0.2541	1.3185
0.2479	1.1978
0.2813	0.9918
0.2896	1.0145
0.2544	1.3357
0.2480	1.1727
0.2809	1.0175
0.2892	1.0268
0.2548	1.3523
0.2483	1.1502
0.2806	1.0380
0.2889	1.0413
0.2551	1.3710
0.2485	1.1420
0.2801	1.0428
0.2889	1.0660
0.2555	1.4067
0.2485	1.1343
0.2795	1.0523
0.2887	1.0857
0.2559	1.4458
0.2487	1.1290
0.2790	1.0498
0.2888	1.1035
0.2563	1.4860
0.2486	1.1495
0.2784	1.0487
0.2890	1.1157
0.2569	1.5367
0.2485	1.1572
0.2777	1.0373
0.2891	1.1170
0.2574	1.5870
0.2484	1.1530
