#rho	velocity
0.3073	1.5037
0.2705	1.6875
0.3079	1.5160
0.3611	1.6095
0.5532	1.6310
0.5424	1.5048
0.3076	1.5147
0.2709	1.7152
0.3073	1.5000
0.3610	1.5993
0.5542	1.6578
0.5408	1.4703
0.5395	1.4378
0.3077	1.5032
0.2710	1.6995
0.3066	1.5158
0.3614	1.6058
0.5558	1.6912
0.5374	1.4770
0.3074	1.5160
0.2712	1.7075
0.3064	1.5082
0.3620	1.5800
0.5577	1.6997
0.5367	1.2990
0.3073	1.3718
0.2713	1.5295
0.3060	1.4050
0.3621	1.4070
0.5592	1.5563
0.5344	1.2630
0.3071	1.3807
0.2717	1.4710
0.3061	1.4023
0.3626	1.4003
0.5598	1.5250
0.5327	1.2398
0.3070	1.3772
0.2720	1.4592
0.3060	1.4225
0.3629	1.4215
0.5603	1.5195
0.5311	1.2380
0.3069	1.3728
0.2720	1.4663
0.3060	1.4217
0.3636	1.4330
0.5606	1.5095
0.5321	1.2405
0.3067	1.3722
0.2722	1.4555
0.3057	1.3932
0.3627	1.4507
0.5624	1.5132
0.5304	1.2472
0.3066	1.3788
0.2722	1.5287
0.3057	1.3930
0.3636	1.5162
0.5629	1.5125
0.5304	1.2782
0.3069	1.3870
0.2715	1.5217
0.3056	1.3662
0.3647	1.5502
0.5622	1.5250
0.5283	1.2948
0.3067	1.4138
0.2715	1.5515
0.3055	1.3590
0.3658	1.5970
0.5630	1.5552
0.5266	1.3300
0.3068	1.4115
0.2715	1.5725
0.3050	1.3522
0.3666	1.6257
0.5644	1.5665
0.5252	1.3022
0.3070	1.4357
0.2713	1.5875
0.3042	1.3540
0.3676	1.6645
0.5667	1.5540
0.5210	1.3145
0.3071	1.4377
0.2715	1.5880
0.3038	1.3583
0.3693	1.6775
0.5677	1.5948
0.5208	1.3143
0.3075	1.4377
0.2713	1.6837
0.3031	1.4070
0.3699	1.6765
0.5686	1.6025
0.5185	1.3117
0.3081	1.4405
0.2713	1.6587
0.3023	1.3993
0.3710	1.6615
0.5694	1.5640
0.5177	1.3038
0.3080	1.4382
0.2712	1.6420
0.3021	1.4105
0.3716	1.6625
0.5706	1.5512
0.5164	1.4347
0.3082	1.5760
0.2711	1.7912
0.3020	1.5563
0.3725	1.8153
0.5700	1.6970
0.5155	1.4250
0.3081	1.5490
0.2708	1.6470
0.3013	1.5395
0.3735	1.7795
0.5730	1.7203
0.5104	1.4163
0.3075	1.5420
0.2716	1.6645
0.3020	1.5425
0.3746	1.7865
0.5728	1.7242
0.5096	1.4205
0.3075	1.5263
0.2714	1.7522
0.3024	1.5330
0.3754	1.7915
0.5710	1.7123
0.5084	1.3942
0.3073	1.5235
0.2712	1.7705
0.3024	1.5305
0.3765	1.7880
0.5717	1.7565
0.5063	1.3980
0.3074	1.5045
0.2710	1.7997
0.3016	1.5217
0.3782	1.7857
0.5745	1.7575
0.5092	1.4153
0.3073	1.5158
0.2696	1.7542
0.3005	1.5200
0.3792	1.7755
0.5790	1.7478
0.5077	1.4235
0.3075	1.5565
0.2695	1.7637
0.2998	1.4870
0.3803	1.7550
0.5806	1.7400
0.5012	1.4325
0.3079	1.5553
0.2707	1.7730
0.2991	1.5142
0.3815	1.7402
0.5817	1.7762
0.4983	1.4390
0.3079	1.5733
0.2709	1.7738
0.2980	1.5298
0.3828	1.7065
0.5861	1.7643
0.5869	1.5685
0.4958	1.3090
0.3079	1.4230
0.2713	1.6207
0.2977	1.4107
0.3836	1.5117
0.5887	1.5068
0.4980	1.3128
0.3080	1.4545
0.2705	1.6990
0.2972	1.4372
0.3838	1.4698
0.5851	1.4668
0.4933	1.2970
0.3088	1.4233
0.2717	1.6880
0.2974	1.4435
0.3842	1.4182
0.5858	1.4355
0.4925	1.2917
0.3083	1.4565
0.2719	1.5920
0.2977	1.4587
0.3843	1.3650
0.5845	1.3712
0.4917	1.2930
0.3082	1.4335
0.2722	1.5905
0.2982	1.4590
0.3842	1.3400
0.5843	1.3697
0.4908	1.2875
0.3076	1.4795
0.2726	1.5902
0.2987	1.4510
0.3841	1.3020
0.5825	1.3537
0.4899	1.2770
0.3076	1.4405
0.2730	1.6787
0.2992	1.4330
0.3838	1.3102
0.5836	1.3732
0.4883	1.2813
0.3071	1.4090
0.2735	1.6108
0.2994	1.4255
0.3838	1.3320
0.5803	1.3865
0.4866	1.2723
0.3079	1.4512
0.2741	1.6900
0.2995	1.3940
0.3837	1.3613
0.5819	1.4050
0.4840	1.2765
0.3074	1.4430
0.2746	1.7005
0.2996	1.3742
0.3842	1.4045
0.5795	1.4235
0.4814	1.2732
0.3085	1.4497
0.2756	1.7560
0.2992	1.3550
0.3840	1.4175
0.5827	1.4327
0.4789	1.2683
0.3081	1.4390
0.2760	1.7698
0.2986	1.3590
0.3848	1.4512
0.5826	1.4327
0.4778	1.2770
0.3085	1.4650
0.2759	1.7035
0.2983	1.3905
0.3857	1.4785
0.5814	1.4280
0.4730	1.2805
0.3094	1.4185
0.2769	1.6817
0.2978	1.4068
0.3870	1.5008
0.5819	1.5417
0.4720	1.3957
0.3095	1.6148
0.2767	1.7990
0.2976	1.6120
0.3880	1.6437
0.5825	1.5275
0.4686	1.3813
0.3094	1.5845
0.2777	1.8205
0.2975	1.6452
0.3884	1.6723
0.5821	1.4968
0.4670	1.3808
0.3091	1.6233
0.2778	1.7390
0.2979	1.6750
0.3893	1.6688
0.5814	1.4742
0.4688	1.4180
0.3085	1.6027
0.2769	1.7530
0.2986	1.7060
0.3899	1.6673
0.5809	1.4705
0.4683	1.4417
0.3081	1.6015
0.2768	1.7092
0.2991	1.7340
0.3903	1.6722
0.5770	1.4523
0.4658	1.4482
0.3074	1.6135
0.2770	1.7473
0.3008	1.7380
0.3917	1.6650
0.5757	1.4635
0.4618	1.4755
0.3073	1.6300
0.2779	1.7370
0.3013	1.7408
0.3928	1.6898
0.5742	1.4768
0.4630	1.5000
0.3072	1.6355
0.2771	1.7670
0.3019	1.7265
0.3935	1.7013
0.5740	1.5007
0.4630	1.5035
0.3065	1.6360
0.2772	1.8710
0.3025	1.7095
0.3933	1.7140
0.5726	1.5140
0.4614	1.5085
0.3068	1.6488
0.2774	1.8992
0.3026	1.7128
0.3940	1.7322
0.5712	1.4025
0.4591	1.4203
0.3071	1.4877
0.2779	1.7407
0.3028	1.5420
0.3947	1.5892
0.5714	1.4030
0.4574	1.4415
0.3073	1.4872
0.2784	1.6730
0.3025	1.5680
0.3950	1.5775
0.5715	1.4097
0.4556	1.4452
0.3074	1.4833
0.2788	1.6940
0.3024	1.5895
0.3955	1.5400
0.5724	1.4300
0.4532	1.4195
0.3071	1.5258
0.2793	1.6585
0.3024	1.6215
0.3964	1.4947
0.5720	1.4145
0.4518	1.4195
0.3069	1.5020
0.2794	1.5980
0.3027	1.6255
0.3972	1.4303
0.5714	1.4225
0.4523	1.4358
0.3064	1.5407
0.2793	1.5673
0.3034	1.6563
0.3969	1.3773
0.5701	1.3963
0.4522	1.4360
0.3058	1.5112
0.2793	1.5292
0.3043	1.6830
0.3971	1.3375
0.5694	1.3795
0.4526	1.4515
0.3052	1.5430
0.2795	1.5095
0.3052	1.7040
0.3964	1.2858
0.5678	1.3490
0.4529	1.4963
0.3047	1.5377
0.2798	1.5110
0.3061	1.6975
0.3956	1.2618
0.5670	1.3305
0.4539	1.5190
0.3045	1.5435
0.2800	1.5285
0.3065	1.6745
0.3943	1.2545
0.5636	1.3255
0.4536	1.5435
0.3049	1.5460
0.2809	1.5912
0.3071	1.6692
0.3928	1.2570
0.5640	1.3110
0.4535	1.5675
0.3041	1.5407
0.2814	1.6402
0.3078	1.6338
0.3919	1.2720
0.5610	1.3230
0.4532	1.5970
0.3044	1.5405
0.2823	1.7048
0.3085	1.6150
0.3904	1.3133
0.5603	1.3200
0.4526	1.6165
0.3041	1.5245
0.2832	1.7242
0.3089	1.6115
0.3891	1.3570
0.5584	1.4688
0.4514	1.7938
0.3045	1.6873
0.2838	1.8768
0.3092	1.7685
0.3890	1.5597
0.5573	1.4860
0.4503	1.8065
0.3041	1.6675
0.2847	1.8237
0.3098	1.7695
0.3881	1.5888
0.5556	1.5085
0.4492	1.8322
0.3041	1.7067
0.2852	1.7695
0.3104	1.7477
0.3880	1.5970
0.5557	1.5268
0.4482	1.8410
0.3038	1.6880
0.2857	1.7210
0.3107	1.7195
0.3877	1.6105
0.5549	1.5500
0.4486	1.8343
0.3031	1.7137
0.2856	1.6685
0.3116	1.7022
0.3876	1.6035
0.5533	1.5663
0.4505	1.8645
0.3030	1.7330
0.2851	1.6077
0.3122	1.6902
0.3872	1.5750
0.5523	1.5740
0.4529	1.8615
0.3031	1.7507
0.2847	1.5750
0.3125	1.6370
0.3862	1.5738
0.5517	1.5995
0.4561	1.8670
0.3033	1.7603
0.2842	1.5120
0.3125	1.6130
0.3848	1.5665
0.5510	1.6070
0.4582	1.8995
0.3038	1.7663
0.2841	1.4880
0.3122	1.5822
0.3835	1.5672
0.5502	1.6328
0.4594	1.8975
0.3043	1.7725
0.2843	1.4863
0.3119	1.5402
0.3823	1.5737
0.5482	1.5077
0.4621	1.7502
0.3053	1.6205
0.2843	1.3645
0.3116	1.3783
0.3804	1.4285
0.5466	1.5135
0.4623	1.7643
0.3062	1.5783
0.2847	1.4055
0.3110	1.3770
0.3796	1.4515
0.5458	1.5358
0.4640	1.7708
0.3068	1.5985
0.2843	1.4540
0.3107	1.4047
0.3791	1.4790
0.5460	1.5548
0.4654	1.7755
0.3072	1.6000
0.2845	1.4672
0.3102	1.4355
0.3780	1.5010
0.5464	1.5502
0.4657	1.8222
0.3074	1.6018
0.2842	1.4795
0.3099	1.4633
0.3781	1.5157
0.5464	1.5662
0.4667	1.8138
0.3076	1.5697
0.2841	1.4790
0.3097	1.4835
0.3778	1.5148
0.5483	1.5590
0.4681	1.8375
0.3068	1.5868
0.2839	1.4345
0.3099	1.5157
0.3771	1.4895
0.5479	1.5745
0.4697	1.8433
0.3069	1.5815
0.2838	1.4222
0.3099	1.5100
0.3764	1.4547
0.5483	1.5658
0.4715	1.8235
0.3068	1.5920
0.2836	1.3915
0.3099	1.5110
0.3756	1.4017
0.5471	1.5417
0.4744	1.8315
0.3069	1.5998
0.2837	1.3733
0.3102	1.5080
0.3735	1.3485
0.5479	1.4868
0.4768	1.8358
0.3069	1.5690
0.2837	1.3920
0.3100	1.5035
0.3720	1.2938
0.5449	1.5130
0.4802	1.8283
0.3076	1.6175
0.2838	1.3845
0.3102	1.3770
0.3699	1.2520
0.5454	1.5015
0.4829	1.8283
0.3082	1.5865
0.2838	1.3485
0.3095	1.3918
0.3683	1.2188
0.5444	1.4587
0.4849	1.8465
0.3088	1.5797
0.2843	1.3625
0.3092	1.4585
0.3663	1.2055
0.5430	1.6430
0.4865	1.9898
0.3092	1.7280
0.2846	1.5607
0.3092	1.6423
0.3648	1.3355
0.5416	1.6260
0.4869	1.9770
0.3088	1.7298
0.2857	1.5903
0.3101	1.6565
0.3629	1.3553
0.5421	1.6437
0.4884	1.9585
0.3114	1.7087
0.2861	1.6338
0.3073	1.6573
0.3614	1.3873
0.5428	1.6192
0.4918	1.9475
0.3106	1.7112
0.2859	1.6257
0.3078	1.6765
0.3598	1.4193
0.5411	1.6422
0.4941	1.9592
0.3091	1.6990
0.2861	1.6262
0.3099	1.6807
0.3583	1.4548
0.3561	1.4742
0.5420	1.6258
0.4945	1.8297
0.3085	1.6958
0.2874	1.6245
0.3102	1.6688
0.3555	1.4897
0.5418	1.6895
0.4951	1.9012
0.3083	1.7152
0.2876	1.6207
0.3105	1.6472
0.3549	1.4818
0.5411	1.6560
0.4956	1.8825
0.3086	1.6730
0.2878	1.5640
0.3105	1.7145
0.3545	1.4743
0.5400	1.6360
0.4984	1.8780
0.3088	1.6670
0.2872	1.5905
0.3106	1.6615
0.3532	1.4438
0.5411	1.6795
0.5010	1.9050
0.3091	1.6495
0.2871	1.5735
0.3099	1.5985
0.3556	1.2857
0.5389	1.5230
0.4964	1.7692
0.3097	1.4670
0.2871	1.3610
0.3100	1.4200
0.3524	1.2635
0.5401	1.5130
0.5006	1.8260
0.3101	1.4527
0.2878	1.3667
0.3093	1.4278
0.3512	1.2378
0.5411	1.5223
0.5041	1.8372
0.3106	1.4235
0.2874	1.3240
0.3084	1.4372
0.3497	1.2292
0.5410	1.5508
0.5061	1.8385
0.3107	1.4053
0.2878	1.3693
0.3083	1.4597
0.3468	1.2248
0.5429	1.5308
0.5108	1.8100
0.3101	1.3950
0.2883	1.3930
0.3083	1.4715
0.3443	1.2330
0.5454	1.5577
0.5153	1.9303
0.3094	1.3732
0.2886	1.4168
0.3082	1.4803
0.3419	1.2473
0.5453	1.5322
0.5187	1.8263
0.3087	1.3605
0.2893	1.3878
0.3089	1.4807
0.3404	1.2815
0.5469	1.5193
0.5222	1.8260
0.3083	1.3592
0.2893	1.4407
0.3088	1.5055
0.3398	1.3073
0.5486	1.5162
0.5228	1.8035
0.3078	1.3497
0.2895	1.4410
0.3088	1.4915
0.3392	1.3407
0.5492	1.5070
0.5229	1.7455
0.3076	1.3577
0.2899	1.4165
0.3088	1.4440
0.3388	1.3650
0.5498	1.4752
0.5231	1.6975
0.3077	1.3707
0.2901	1.4405
0.3085	1.4065
0.3386	1.3753
0.5503	1.4983
0.5235	1.6497
0.3078	1.3817
0.2902	1.4562
0.3083	1.3630
0.3383	1.3740
0.5507	1.4915
0.5244	1.6160
0.3078	1.3890
0.2901	1.4945
0.3082	1.3497
0.3380	1.3530
0.5509	1.5348
0.5254	1.6127
0.3080	1.3915
0.2900	1.4970
0.3078	1.3290
0.3374	1.4437
0.5518	1.7065
0.5286	1.7550
0.3085	1.5548
0.2895	1.6325
0.3071	1.4893
0.3366	1.4155
0.5516	1.7203
0.5293	1.7405
0.3088	1.5595
0.2899	1.6305
0.3069	1.5065
0.3356	1.3892
0.5524	1.7173
0.5293	1.7788
0.3091	1.5748
0.2906	1.6735
0.3063	1.5253
0.3349	1.3525
0.5531	1.7122
0.5289	1.7810
0.3090	1.5888
0.2913	1.7103
0.3062	1.5310
0.3339	1.3300
0.5574	1.6960
0.5292	1.7772
0.3090	1.6050
0.2919	1.7500
0.3049	1.5355
0.3322	1.3085
0.5585	1.6763
0.5297	1.7900
0.3089	1.6113
0.2931	1.8080
0.3047	1.5477
0.3315	1.2983
0.5597	1.6415
0.5292	1.8070
0.3087	1.6207
0.2938	1.8145
0.3045	1.5400
0.3299	1.2975
0.5590	1.6267
0.5294	1.8000
0.3087	1.6205
0.2950	1.7953
0.3047	1.5478
0.3288	1.3172
0.5583	1.6383
0.5283	1.8370
0.3089	1.6282
0.2962	1.7860
0.3048	1.5350
0.3280	1.3475
0.5565	1.5562
0.5269	1.8363
0.3094	1.6273
0.2973	1.7813
0.3048	1.5355
0.3267	1.2685
0.5558	1.4235
0.5276	1.6725
0.3097	1.4720
0.2981	1.6495
0.3047	1.3805
0.3254	1.2928
0.5529	1.4250
0.5289	1.6567
0.3103	1.4763
0.2988	1.6385
0.3050	1.3142
0.3246	1.3178
0.5527	1.4257
0.5296	1.5932
0.3105	1.4715
0.2993	1.5995
0.3049	1.3977
0.3236	1.3443
0.5537	1.4797
0.5318	1.5487
0.3108	1.4795
0.2995	1.5730
0.3042	1.4280
0.3233	1.3560
0.5530	1.5190
0.5323	1.5085
0.3107	1.4792
0.2995	1.5685
0.3046	1.4688
0.3235	1.3640
0.5555	1.5417
0.5310	1.4483
0.3107	1.4885
0.2998	1.5713
0.3039	1.4862
0.3237	1.3672
0.5565	1.5835
0.5302	1.3750
0.3118	1.5018
0.2999	1.5928
0.3025	1.4977
0.3240	1.3600
0.5562	1.5843
0.5290	1.3343
0.3102	1.5183
0.3000	1.6372
0.3041	1.4730
0.3244	1.3350
0.5583	1.5495
0.5270	1.2772
0.3099	1.5293
0.3003	1.6545
0.3038	1.4410
0.3248	1.3138
0.5590	1.5760
0.5236	1.2443
0.3096	1.5473
0.3011	1.6922
0.3039	1.4003
0.3250	1.2852
0.5591	1.5322
0.5208	1.2340
0.3097	1.5528
0.3019	1.6915
0.3037	1.3477
0.3253	1.2787
0.5580	1.5170
0.5170	1.2303
0.3104	1.5552
0.3029	1.7087
0.3034	1.3840
0.3252	1.2780
0.5568	1.5298
0.5131	1.2285
0.3114	1.5592
0.3043	1.6710
0.3028	1.2795
0.3022	1.2290
0.3248	1.2850
0.5550	1.5027
0.5113	1.2255
0.3125	1.6070
0.3053	1.7045
0.3013	1.3385
0.3248	1.4832
0.5548	1.6860
0.5081	1.3490
0.3136	1.7473
0.3065	1.8378
0.3005	1.3305
0.3246	1.5168
0.5542	1.6942
0.5064	1.3528
0.3147	1.7475
0.3073	1.8432
0.3001	1.3418
0.3247	1.5377
0.5542	1.6968
0.5046	1.3582
0.3152	1.7540
0.3078	1.7750
0.2996	1.3738
0.3250	1.5660
0.5544	1.7188
0.5054	1.3457
0.3156	1.7430
0.3073	1.7517
0.2988	1.3975
0.3257	1.5877
0.5518	1.7413
0.5017	1.3587
0.3173	1.7280
0.3081	1.7807
0.2976	1.4160
0.3276	1.5997
0.5552	1.7370
0.4981	1.3680
0.3176	1.7300
0.3077	1.7722
0.2971	1.4217
0.3285	1.6133
0.5558	1.7335
0.4955	1.3730
0.3179	1.7540
0.3079	1.7975
0.2970	1.4040
0.3291	1.6035
0.5544	1.7213
0.4957	1.3892
0.3185	1.7667
0.3073	1.8122
0.2966	1.3862
0.3299	1.5777
0.5553	1.7100
0.4926	1.4062
0.3187	1.7710
0.3078	1.8743
0.2961	1.3892
0.3297	1.5533
0.5558	1.6892
0.4901	1.4175
0.3191	1.7177
0.3090	1.8467
0.2956	1.2397
0.3298	1.3328
0.5552	1.5075
0.4880	1.3040
0.3199	1.5950
0.3097	1.6912
0.2950	1.2110
0.3297	1.2923
0.5529	1.4940
0.4855	1.3142
0.3214	1.6018
0.3108	1.6643
0.2945	1.1952
0.3293	1.2748
0.5514	1.5190
0.4839	1.3128
0.3225	1.6323
0.3118	1.6967
0.2939	1.1830
0.3287	1.2648
0.5506	1.5345
0.4825	1.3278
0.3235	1.6345
0.3130	1.6750
0.2936	1.1863
0.3286	1.2730
0.5501	1.5520
0.4810	1.3140
0.3241	1.6562
0.3137	1.6363
0.2929	1.2052
0.3283	1.2910
0.5498	1.5705
0.4796	1.3177
0.3249	1.7030
0.3146	1.6360
0.2922	1.2283
0.3280	1.3128
0.5492	1.5925
0.4789	1.3125
0.3260	1.7062
0.3152	1.6410
0.2914	1.2668
0.3283	1.3555
0.5475	1.6012
0.4775	1.2922
0.3277	1.6600
0.3155	1.6585
0.2906	1.2835
0.3285	1.3940
0.5492	1.6007
0.4763	1.3020
0.3281	1.7053
0.3158	1.7243
0.2898	1.2882
0.3288	1.4300
0.5494	1.5998
0.4751	1.3055
0.3290	1.6838
0.3160	1.7512
0.2894	1.2910
0.3292	1.4672
0.5472	1.5828
0.4733	1.3100
0.3304	1.7190
0.3165	1.7667
0.2888	1.2945
0.3297	1.4927
0.5461	1.5578
0.4705	1.3000
0.3316	1.7307
0.3173	1.7375
0.2888	1.3082
0.3307	1.5010
0.5478	1.5127
0.4674	1.3015
0.3309	1.7092
0.3179	1.7042
0.2885	1.2895
0.3307	1.5120
0.5444	1.4770
0.4636	1.3010
0.3326	1.7435
0.3196	1.6988
0.2883	1.4090
0.3313	1.6665
0.5451	1.5992
0.4612	1.4190
0.3326	1.8857
0.3202	1.8142
0.2880	1.4103
0.3317	1.6717
0.5417	1.5892
0.4595	1.4115
0.3342	1.8952
0.3206	1.7635
0.2878	1.3922
0.3322	1.6932
0.5390	1.5863
0.4596	1.4097
0.3356	1.8798
0.3201	1.7335
0.2880	1.3945
0.3326	1.7133
0.5360	1.5958
0.4598	1.4188
0.3365	1.9075
0.3196	1.7425
0.2874	1.3955
0.3331	1.7437
0.5336	1.6023
0.4589	1.3515
0.3382	1.8635
0.3196	1.6797
0.2866	1.4115
0.3343	1.7800
0.5327	1.6135
0.4579	1.3650
0.3397	1.8982
0.3190	1.6465
0.2864	1.4160
0.3349	1.8180
0.5294	1.6000
0.4581	1.3777
0.3414	1.8600
0.3183	1.6673
0.2856	1.4210
0.3360	1.8475
0.5291	1.6012
0.4566	1.3778
0.3426	1.8480
0.3181	1.7683
0.2855	1.3930
0.3372	1.8685
0.5297	1.5965
0.4536	1.3833
0.3426	1.8317
0.3184	1.8005
0.2851	1.4102
0.3395	1.8730
0.5293	1.5827
0.4500	1.3712
0.3433	1.8288
0.3183	1.8335
0.2850	1.2768
0.3406	1.7193
0.5287	1.4177
0.4495	1.2535
0.3437	1.7008
0.3175	1.7250
0.2850	1.2505
0.3417	1.7025
0.5269	1.3967
0.4476	1.2475
0.3444	1.6053
0.3176	1.7405
0.2848	1.2510
0.3429	1.6637
0.5250	1.3770
0.4437	1.2503
0.3455	1.6155
0.3185	1.7115
0.2846	1.2107
0.3437	1.6190
0.5228	1.3658
0.4428	1.2478
0.3467	1.6285
0.3182	1.6418
0.2846	1.1897
0.3447	1.5780
0.5199	1.3655
0.4402	1.2868
0.3481	1.6430
0.3188	1.5903
0.2843	1.1583
0.3450	1.5292
0.5171	1.3635
0.4390	1.2682
0.3497	1.6510
0.3191	1.5695
0.2840	1.1405
0.3455	1.4885
0.5180	1.3837
0.4383	1.2677
0.3498	1.6832
0.3191	1.5328
0.2835	1.1385
0.3456	1.4758
0.5161	1.4007
0.4381	1.2825
0.3514	1.6507
0.3191	1.4653
0.2830	1.1555
0.3459	1.4787
0.5154	1.4240
0.4380	1.2935
0.3527	1.6710
0.3189	1.4705
0.2823	1.1542
0.3463	1.5050
0.5142	1.4460
0.4380	1.3553
0.3543	1.6285
0.3185	1.4532
0.2817	1.1617
0.3468	1.5450
0.5131	1.4657
0.4377	1.3470
0.3558	1.5965
0.3183	1.4672
0.2811	1.1780
0.3469	1.5827
0.5108	1.4683
0.4372	1.3827
0.3578	1.6640
0.3185	1.5055
0.2806	1.1870
0.3475	1.6285
0.5116	1.4735
0.4366	1.4025
0.3582	1.6260
0.3183	1.5560
0.2804	1.2025
0.3482	1.6580
0.5097	1.4642
0.4360	1.4027
0.3596	1.6352
0.3181	1.5915
0.2800	1.3333
0.3483	1.7958
0.5103	1.5870
0.4365	1.5377
0.3599	1.8190
0.3177	1.7408
0.2795	1.3387
0.3498	1.7840
0.5102	1.5680
0.4344	1.5483
0.3607	1.8035
0.3176	1.7370
0.2794	1.3420
0.3503	1.7683
0.5077	1.5510
0.4336	1.5305
0.3621	1.7745
0.3176	1.7053
0.2790	1.3403
0.3511	1.7552
0.5081	1.5365
0.4323	1.5355
0.3626	1.8093
0.3176	1.6840
0.2788	1.3325
0.3521	1.7455
0.5065	1.5220
0.4309	1.5302
0.3638	1.7672
0.3176	1.6563
0.2783	1.3383
0.3526	1.7295
0.5022	1.5097
0.4303	1.4945
0.3669	1.7675
0.3174	1.6530
0.2781	1.3357
0.3526	1.7213
0.5010	1.5023
0.4305	1.5065
0.3679	1.7800
0.3173	1.6263
0.2778	1.3485
0.3527	1.7245
0.4994	1.5020
0.4306	1.4910
0.3693	1.7390
0.3172	1.6350
0.2776	1.3660
0.3529	1.7388
0.4977	1.4898
0.4310	1.5055
0.3706	1.7647
0.3168	1.6148
0.2774	1.3753
0.3535	1.7715
0.4972	1.4847
0.4312	1.5220
0.3712	1.7425
0.3163	1.6053
0.2773	1.2720
0.3541	1.6825
0.4972	1.3510
0.4305	1.4030
0.3714	1.5463
0.3162	1.4872
0.2769	1.2867
0.3551	1.7280
0.4961	1.3525
0.4299	1.4132
0.3727	1.5565
0.3157	1.5473
0.2770	1.2915
0.3561	1.7675
0.4958	1.3477
0.4283	1.4328
0.3727	1.5485
0.3158	1.5615
0.2771	1.3038
0.3570	1.7728
0.4943	1.3413
0.4283	1.4445
0.3734	1.5252
0.3151	1.5720
0.3142	1.5395
0.2771	1.3043
0.3584	1.7568
0.4936	1.3333
0.4278	1.4580
0.3737	1.5438
0.3135	1.4920
0.2771	1.3012
0.3597	1.7175
0.4926	1.3095
0.4272	1.4628
0.3744	1.5385
0.3138	1.4638
0.2771	1.3045
0.3606	1.6663
0.4909	1.3110
0.4256	1.4757
0.3754	1.5362
0.3131	1.3905
0.2770	1.2857
0.3613	1.6085
0.4895	1.3135
0.4259	1.4940
0.3764	1.5482
0.3129	1.3460
0.2770	1.2940
0.3613	1.5580
0.4888	1.3210
0.4263	1.4700
0.3768	1.5355
0.3120	1.3232
0.2770	1.3140
0.3611	1.5167
0.4870	1.3943
0.4282	1.4827
0.3779	1.5395
0.3117	1.2832
0.2772	1.3335
0.3606	1.4825
0.4861	1.4142
0.4294	1.4938
0.3781	1.5088
0.3117	1.2417
0.2768	1.3465
0.3600	1.4815
0.4853	1.4550
0.4303	1.4977
0.3792	1.5162
0.3115	1.2572
0.2766	1.3780
0.3591	1.5070
0.4845	1.4967
0.4321	1.4763
0.3801	1.5298
0.3109	1.2687
0.2767	1.3782
0.3592	1.5315
0.4840	1.5368
0.4329	1.4848
0.3803	1.5358
0.3105	1.4665
0.2759	1.5070
0.3593	1.7810
0.4866	1.7520
0.4337	1.6050
0.3801	1.6910
0.3097	1.4958
0.2758	1.5087
0.3594	1.7893
0.4880	1.7732
0.4351	1.6017
0.3794	1.6870
0.3091	1.5060
0.2754	1.5152
0.3602	1.8625
0.4880	1.7860
0.4351	1.5858
0.3802	1.6887
0.3083	1.5222
0.2752	1.5235
0.3621	1.8902
0.4880	1.7960
0.4340	1.5793
0.3807	1.6645
0.3078	1.5347
0.2746	1.5200
0.3625	1.9005
0.4888	1.7907
0.4343	1.6005
0.3813	1.6490
0.3060	1.5252
0.2733	1.5148
0.3657	1.8825
0.4899	1.7877
0.4334	1.5935
0.3832	1.6443
0.3061	1.5450
0.2732	1.5217
0.3655	1.8673
0.4902	1.7295
0.4334	1.6035
0.3833	1.6653
0.3049	1.5293
0.2728	1.5315
0.3673	1.8380
0.4899	1.7360
0.4333	1.6007
0.3843	1.6363
0.3045	1.5165
0.2725	1.5380
0.3673	1.7973
0.4907	1.7190
0.4342	1.6288
0.3842	1.6177
0.3040	1.5157
0.2726	1.5565
0.3671	1.7760
0.4907	1.7160
0.4353	1.6320
0.3840	1.6093
0.3037	1.3678
0.2718	1.4422
0.3669	1.5397
0.4935	1.5358
0.4363	1.5120
0.3839	1.4220
0.3036	1.3860
0.2727	1.4445
0.3664	1.5753
0.4911	1.5742
0.4373	1.5210
0.3836	1.4237
0.3033	1.3922
0.2723	1.4518
0.3664	1.5505
0.4928	1.5885
0.4378	1.5350
0.3833	1.3955
0.3030	1.4180
0.2724	1.4492
0.3665	1.5800
0.4928	1.6115
0.4383	1.5480
0.3831	1.3957
0.3029	1.4053
0.2722	1.4367
0.3663	1.5983
0.4940	1.6363
0.4388	1.5618
0.3829	1.3973
0.3028	1.4758
0.2719	1.4237
0.3665	1.6110
0.4955	1.5742
0.4388	1.5790
0.3827	1.3985
0.3026	1.4945
0.2712	1.3990
0.3670	1.6145
0.4976	1.6160
0.4385	1.5838
0.3826	1.3900
0.3020	1.4752
0.2707	1.3823
0.3677	1.6092
0.4993	1.5640
0.4387	1.6053
0.3826	1.3948
0.3015	1.4960
0.2701	1.3665
0.3681	1.5907
0.5014	1.5675
0.4392	1.6147
0.3827	1.3968
0.3005	1.4748
0.2697	1.3475
0.3681	1.5573
0.5025	1.5038
0.4414	1.5970
0.3829	1.4018
0.3013	1.4365
0.2696	1.3613
0.3678	1.5230
0.5022	1.5383
0.4403	1.5965
0.3832	1.4213
0.3014	1.4005
0.2695	1.3925
0.3672	1.4653
0.5023	1.4960
0.4407	1.5925
0.3833	1.4275
0.3009	1.3837
0.2697	1.4102
0.3665	1.4007
0.5012	1.4860
0.4429	1.5885
0.3837	1.4213
0.3013	1.3480
0.2695	1.4235
0.3659	1.3420
0.5013	1.4885
0.4429	1.5742
0.3840	1.4118
0.3845	1.5285
0.3014	1.4683
0.2699	1.5448
0.3652	1.3575
0.4990	1.6520
0.4435	1.7085
0.3844	1.5215
0.3012	1.4042
0.2693	1.5607
0.3645	1.4170
0.5013	1.6570
0.4451	1.7075
0.3837	1.5235
0.3014	1.3780
0.2697	1.5727
0.3636	1.4197
0.5010	1.6707
0.4460	1.6780
0.3829	1.5175
0.3017	1.4013
0.2696	1.5735
0.3627	1.4292
0.5026	1.6867
0.4468	1.6467
0.3823	1.5068
0.3016	1.3942
0.2692	1.5643
0.3619	1.4520
0.5052	1.6692
0.4481	1.6240
0.3824	1.5047
0.3025	1.3895
0.2681	1.5795
0.3588	1.4918
0.5089	1.7110
0.4509	1.6488
0.3820	1.5017
0.3010	1.4470
0.2682	1.5735
0.3601	1.5330
0.5091	1.6537
0.4523	1.7033
0.3819	1.5028
0.3006	1.4638
0.2681	1.5910
0.3604	1.5640
0.5098	1.6668
0.4527	1.7025
0.3820	1.5168
0.3004	1.4820
0.2680	1.6043
0.3608	1.5842
0.5098	1.6682
0.4527	1.7152
0.3823	1.5393
0.3003	1.5115
0.2680	1.6003
0.3613	1.6013
0.5096	1.6522
0.4521	1.7270
0.3823	1.4342
0.2996	1.3977
0.2680	1.5060
0.3611	1.5275
0.5095	1.5505
0.4540	1.5855
0.3823	1.4440
0.2997	1.4425
0.2681	1.5153
0.3600	1.4318
0.5090	1.5580
0.4555	1.5968
0.3811	1.4438
0.2996	1.4220
0.2686	1.5105
0.3599	1.3862
0.5093	1.5298
0.4557	1.6522
0.3804	1.4407
0.2998	1.4350
0.2687	1.5155
0.3593	1.3502
0.5104	1.5728
0.4563	1.7030
0.3805	1.4432
0.3000	1.4250
0.2684	1.5175
0.3587	1.3180
0.5111	1.5518
0.4569	1.7488
0.3803	1.4480
0.3002	1.4438
0.2675	1.5102
0.3574	1.2695
0.5149	1.5483
0.4587	1.7557
0.3800	1.4530
0.3012	1.4295
0.2676	1.5177
0.3558	1.2328
0.5151	1.5508
0.4587	1.6940
0.3800	1.4587
0.3013	1.4453
0.2678	1.5090
0.3536	1.2115
0.5143	1.5410
0.4623	1.7165
0.3798	1.4445
0.3019	1.4665
0.2672	1.5150
0.3518	1.2010
0.5168	1.5425
0.4640	1.7203
0.3801	1.4592
0.3022	1.4740
0.2675	1.5495
0.3504	1.2030
0.5153	1.5405
0.4657	1.7197
0.3805	1.4437
0.3028	1.5047
0.2675	1.5220
0.3488	1.2320
0.5147	1.4843
0.4672	1.7163
0.3804	1.4485
0.3032	1.4720
0.2676	1.5952
0.3485	1.2717
0.5142	1.5042
0.4667	1.7227
0.3796	1.4702
0.3039	1.5035
0.2682	1.6425
0.3473	1.3148
0.5137	1.5518
0.4673	1.6978
0.3784	1.4825
0.3047	1.4938
0.2683	1.6665
0.3464	1.3483
0.5155	1.5362
0.4671	1.6962
0.3780	1.6280
0.3050	1.6055
0.2685	1.7975
0.3458	1.5025
0.5154	1.7507
0.4674	1.8680
0.3781	1.6240
0.3052	1.5887
0.2680	1.7915
0.3454	1.5180
0.5171	1.7450
0.4678	1.8745
0.3758	1.5842
0.3049	1.5740
0.2689	1.7817
0.3448	1.5148
0.5181	1.7350
0.4695	1.9035
0.3750	1.5827
0.3048	1.5235
0.2691	1.7407
0.3443	1.5100
0.5187	1.7350
0.4708	1.8803
0.3746	1.5990
0.3046	1.5315
0.2691	1.7010
0.3434	1.5040
0.5196	1.6978
0.4729	1.8207
0.3753	1.5785
0.3041	1.5335
0.2682	1.6715
0.3417	1.4685
0.5219	1.6670
0.4774	1.8605
0.3757	1.6155
0.3041	1.5500
0.2681	1.6980
0.3404	1.4395
0.5212	1.6382
0.4800	1.8502
0.3748	1.6107
0.3043	1.5705
0.2683	1.6080
0.3393	1.3992
0.5222	1.6105
0.4815	1.8115
0.3751	1.5942
0.3041	1.6070
0.2682	1.5768
0.3386	1.3765
0.5218	1.5795
0.4834	1.8055
0.3755	1.5837
0.3052	1.6323
0.2683	1.5555
0.3389	1.3535
0.5208	1.5620
0.4801	1.7483
0.3753	1.4090
0.3062	1.4990
0.2686	1.4128
0.3367	1.2090
0.5201	1.3955
0.4821	1.5197
0.3757	1.4377
0.3072	1.5163
0.2689	1.4135
0.3359	1.2118
0.5183	1.4132
0.4813	1.4660
0.3759	1.4382
0.3081	1.5350
0.2689	1.3857
0.3352	1.2242
0.5181	1.4312
0.4804	1.4183
0.3755	1.4485
0.3091	1.5843
0.2691	1.3545
0.3344	1.2565
0.5179	1.4398
0.4798	1.4095
0.4781	1.4345
0.3754	1.4040
0.3098	1.5777
0.2690	1.3437
0.3343	1.2952
0.5185	1.4577
0.4783	1.3478
0.3752	1.4130
0.3095	1.5810
0.2684	1.3140
0.3346	1.3487
0.5211	1.4593
0.4777	1.3273
0.3764	1.4158
0.3098	1.5667
0.2681	1.2825
0.3346	1.3928
0.5199	1.4405
0.4762	1.2810
0.3763	1.4125
0.3102	1.5613
0.2677	1.2708
0.3349	1.4428
0.5219	1.4250
0.4754	1.2800
0.3778	1.4115
0.3103	1.5695
0.2670	1.2660
0.3351	1.4795
0.5213	1.4100
0.4736	1.2827
0.3772	1.4138
0.3105	1.5845
0.2667	1.2783
0.3358	1.4928
0.5238	1.3912
0.4715	1.3015
0.3781	1.4495
0.3106	1.6473
0.2665	1.3208
0.3367	1.5048
0.5226	1.3692
0.4704	1.3063
0.3795	1.4198
0.3105	1.6767
0.2666	1.3543
0.3374	1.5140
0.5197	1.3635
0.4678	1.3225
0.3799	1.4410
0.3104	1.6543
0.2667	1.3773
0.3389	1.5270
0.5188	1.3570
0.4668	1.3150
0.3797	1.4020
0.3108	1.6675
0.2670	1.4210
0.3389	1.5218
0.5178	1.3992
0.4647	1.4703
0.3793	1.5182
0.3116	1.8108
0.2674	1.5427
0.3391	1.7180
0.5173	1.5372
0.4630	1.4987
0.3788	1.6135
0.3123	1.7853
0.2677	1.5295
0.3392	1.7370
0.5168	1.5952
0.4614	1.4955
0.3782	1.5790
0.3129	1.8220
0.2680	1.5122
0.3393	1.7585
0.5169	1.5873
0.4616	1.5212
0.3781	1.6150
0.3127	1.7390
0.2679	1.5007
0.3395	1.7705
0.5173	1.6140
0.4599	1.5017
0.3773	1.6218
0.3132	1.7517
0.2673	1.4672
0.3398	1.7815
0.5212	1.6187
0.4588	1.4880
0.3765	1.6407
0.3123	1.7070
0.2668	1.4275
0.3415	1.8150
0.5248	1.6140
0.4591	1.4878
0.3805	1.6615
0.3115	1.6558
0.2656	1.3907
0.3422	1.8250
0.5216	1.6027
0.4564	1.4850
0.3814	1.6725
0.3118	1.6285
0.2656	1.3635
0.3435	1.8305
0.5201	1.5620
0.4585	1.4842
0.3832	1.6915
0.3098	1.6568
0.2651	1.3695
0.3447	1.8192
0.5187	1.5650
0.4562	1.4873
0.3842	1.7340
0.3103	1.6290
0.2649	1.3578
0.3455	1.7968
0.5176	1.5208
0.4554	1.3402
0.3855	1.6622
0.3095	1.5342
0.2647	1.2513
0.3468	1.5773
0.5158	1.3865
0.4559	1.3342
0.3868	1.5655
0.3090	1.5968
0.2647	1.2798
0.3471	1.5195
0.5137	1.3590
0.4554	1.3102
0.3873	1.6208
0.3090	1.5873
0.2652	1.3090
0.3475	1.4678
0.5110	1.4003
0.4544	1.3192
0.3875	1.5660
0.3095	1.6563
0.2652	1.3243
0.3474	1.4328
0.5106	1.3958
0.4540	1.3312
0.3883	1.5797
0.3099	1.6078
0.2650	1.3285
0.3471	1.4142
0.5099	1.4265
0.4507	1.3435
0.3885	1.5883
0.3115	1.6092
0.2649	1.3305
0.3471	1.3928
0.5100	1.4275
0.4483	1.3357
0.3890	1.5905
0.3130	1.6078
0.2645	1.3180
0.3466	1.4160
0.5106	1.4405
0.5084	1.4730
0.4452	1.3153
0.3907	1.6002
0.3141	1.5955
0.2643	1.2930
0.3472	1.4310
0.5097	1.4603
0.4447	1.3050
0.3905	1.6092
0.3141	1.5185
0.2641	1.2797
0.3475	1.4610
0.5095	1.4552
0.4449	1.2900
0.3918	1.6150
0.3140	1.5225
0.2635	1.2837
0.3475	1.5095
0.5074	1.4355
0.4447	1.2715
0.3933	1.6390
0.3137	1.5220
0.2634	1.2855
0.3480	1.5192
0.5059	1.4148
0.4449	1.2583
0.3951	1.6585
0.3127	1.4460
0.2630	1.3080
0.3491	1.5503
0.5045	1.4017
0.4440	1.2743
0.3967	1.6382
0.3122	1.5003
0.2627	1.3120
0.3503	1.5745
0.5030	1.3967
0.4457	1.2830
0.3977	1.7270
0.3106	1.4845
0.2627	1.3443
0.3512	1.5820
0.5017	1.5265
0.4446	1.3925
0.3985	1.9158
0.3102	1.7378
0.2626	1.4050
0.3525	1.7433
0.4997	1.5460
0.4408	1.4045
0.3995	1.9273
0.3116	1.7793
0.2628	1.5543
0.3532	1.7518
0.4982	1.5475
0.4409	1.4065
0.3999	1.9320
0.3110	1.8070
0.2630	1.5780
0.3538	1.7387
0.4965	1.5615
0.4364	1.4137
0.4010	1.9353
0.3127	1.7960
0.2630	1.6015
0.3546	1.7500
0.4931	1.5735
0.4369	1.4077
0.4025	1.9550
0.3122	1.8378
0.2633	1.6020
0.3548	1.7647
0.4901	1.5755
0.4317	1.4115
0.4081	1.9617
0.3139	1.8522
0.2618	1.5923
0.3561	1.7867
0.4885	1.5790
0.4303	1.4155
0.4052	1.9740
0.3143	1.7660
0.2635	1.5880
0.3566	1.8360
0.4870	1.5755
0.4296	1.4405
0.4065	1.9695
0.3141	1.7702
0.2634	1.5690
0.3574	1.8680
0.4861	1.5725
0.4295	1.4690
0.4075	1.9765
0.3131	1.6305
0.2632	1.5655
0.3587	1.8870
0.4844	1.5688
0.4293	1.4870
0.4092	1.9490
0.3120	1.6482
0.2630	1.5415
0.3603	1.8847
0.4830	1.4120
0.4279	1.3897
0.4106	1.7683
0.3114	1.4070
0.2629	1.4945
0.3621	1.7250
0.4807	1.3887
0.4276	1.4067
0.4122	1.7560
0.3102	1.3932
0.2629	1.3788
0.3640	1.7082
0.4794	1.3917
0.4284	1.4263
0.4131	1.7807
0.3091	1.4175
0.2629	1.3825
0.3648	1.6708
0.4773	1.3747
0.4303	1.4678
0.4146	1.7717
0.3077	1.4853
0.2629	1.3797
0.3654	1.6275
0.4753	1.3730
0.4308	1.4998
0.4161	1.7778
0.3077	1.5440
0.2630	1.3915
0.3651	1.5837
0.4736	1.3870
0.4310	1.5300
0.4174	1.7883
0.3078	1.5613
0.2630	1.3997
0.3649	1.5358
0.4716	1.4085
0.4308	1.5677
0.4180	1.7745
0.3082	1.5985
0.2634	1.3972
0.3644	1.4800
0.4692	1.4187
0.4299	1.5570
0.4201	1.7920
0.3092	1.6053
0.2633	1.3905
0.3637	1.4558
0.4681	1.4267
0.4288	1.5535
0.4210	1.7805
0.3103	1.6300
0.2633	1.3702
0.3629	1.4363
0.4661	1.4327
0.4276	1.5455
0.4225	1.7663
0.3113	1.6065
0.2633	1.3470
0.3625	1.4620
0.4649	1.4182
0.4267	1.5458
0.4242	1.7495
0.3119	1.5675
0.2630	1.3150
0.3622	1.4845
0.4643	1.4195
0.4264	1.5408
0.4254	1.7432
0.3125	1.5375
0.2628	1.2670
0.3617	1.5210
0.4628	1.3893
0.4267	1.5605
0.4273	1.6945
0.3120	1.4903
0.2625	1.2613
0.3621	1.5660
0.4618	1.3723
0.4275	1.5677
0.4292	1.6930
0.3114	1.4443
0.2622	1.2465
0.3623	1.6018
0.4607	1.4570
0.4286	1.7627
0.4312	1.8413
0.3104	1.5825
0.2618	1.3573
0.3629	1.8040
0.4592	1.4235
0.4302	1.7592
0.4331	1.8288
0.3094	1.5415
0.2616	1.4118
0.3632	1.8005
0.4576	1.3980
0.4310	1.7732
0.4353	1.8140
0.3085	1.5175
0.2613	1.4630
0.3639	1.8153
0.4561	1.3882
0.4325	1.7902
0.4359	1.8145
0.3077	1.5215
0.2615	1.4997
0.3639	1.8043
0.4544	1.3970
0.4334	1.7978
0.4374	1.8090
0.3073	1.5385
0.2616	1.5302
0.3638	1.8058
0.4500	1.3990
0.4343	1.8030
0.4405	1.7960
0.3070	1.5405
0.2619	1.5810
0.3635	1.8003
0.4481	1.4353
0.4348	1.8025
0.4397	1.7895
0.3070	1.5463
0.2629	1.5955
0.3633	1.7895
0.4471	1.4672
0.4360	1.8052
0.4385	1.7815
0.3068	1.5017
0.2637	1.6342
0.3628	1.7988
0.4453	1.5015
0.4367	1.7848
0.4391	1.7643
0.3066	1.4922
0.2641	1.6322
0.3625	1.8120
0.4448	1.5525
0.4372	1.7720
0.4398	1.7827
0.3063	1.4595
0.2640	1.6502
0.3625	1.8302
0.4444	1.4630
0.4384	1.5728
0.4393	1.6112
0.3055	1.2625
0.2643	1.5455
0.3629	1.6890
0.4447	1.4948
0.4399	1.5718
0.4405	1.6087
0.3048	1.2562
0.2638	1.5335
0.3629	1.7302
0.4448	1.5210
0.4425	1.5515
0.4410	1.6273
0.3029	1.2542
0.2636	1.5022
0.3637	1.7480
0.4454	1.5365
0.4437	1.5488
0.4410	1.6180
0.3018	1.2547
0.2633	1.4938
0.3646	1.7590
0.4451	1.5258
0.4455	1.5528
0.4425	1.6215
0.3005	1.2602
0.2629	1.5228
0.3653	1.7537
0.4441	1.5243
0.4464	1.5480
0.4431	1.6270
0.2992	1.2635
0.2631	1.5273
0.3666	1.7100
0.4435	1.5512
0.4471	1.5345
0.4426	1.6302
0.2983	1.2815
0.2634	1.5713
0.3676	1.6720
0.4429	1.5535
0.4476	1.5278
0.4434	1.6292
0.2978	1.3540
0.2634	1.5808
0.3680	1.6073
0.4421	1.5593
0.4482	1.5447
0.4440	1.6352
0.2974	1.3780
0.2635	1.5925
0.3681	1.5467
0.4411	1.5400
0.4487	1.5515
0.4436	1.6040
0.2973	1.4047
0.2640	1.5917
0.3679	1.4965
0.4404	1.5705
0.4497	1.5837
0.4432	1.5712
0.2974	1.4083
0.2643	1.5915
0.3672	1.4507
0.4416	1.5912
0.4499	1.5623
0.4428	1.5453
0.2977	1.4260
0.2640	1.5552
0.3665	1.4230
0.4419	1.6107
0.4494	1.6030
0.4429	1.5473
0.2984	1.3770
0.2639	1.5758
0.3659	1.4170
0.4424	1.6142
0.4504	1.6020
0.4427	1.5463
0.2987	1.3630
0.2638	1.6020
0.3646	1.4265
0.4426	1.7853
0.4514	1.7728
0.4430	1.6632
0.2988	1.4843
0.2636	1.7865
0.3639	1.6172
0.4440	1.7917
0.4535	1.7812
0.4423	1.6405
0.2984	1.4865
0.2634	1.7935
0.3631	1.6602
0.4453	1.7520
0.4526	1.7978
0.4423	1.6233
0.2983	1.4505
0.2629	1.8087
0.3638	1.6998
0.4454	1.7407
0.4568	1.8045
0.4422	1.5997
0.2971	1.4250
0.2629	1.8240
0.3630	1.7400
0.4447	1.7385
0.4580	1.8207
0.4418	1.5690
0.2963	1.4253
0.2633	1.8248
0.3634	1.7368
0.4459	1.7490
0.4606	1.8150
0.4388	1.5440
0.2950	1.4328
0.2640	1.8550
0.3637	1.7255
0.4463	1.7470
0.4619	1.7910
0.4373	1.5325
0.2943	1.4280
0.2644	1.8400
0.3639	1.6943
0.4467	1.7477
0.4644	1.7925
0.4357	1.5130
0.2933	1.4560
0.2648	1.8467
0.3639	1.6528
0.4474	1.7165
0.4653	1.7267
0.4342	1.4663
0.2928	1.4863
0.2651	1.8128
0.3641	1.6048
0.3624	1.5493
0.4492	1.7488
0.4670	1.7300
0.4329	1.4250
0.2933	1.5032
0.2650	1.8065
0.3615	1.3373
0.4508	1.6000
0.4675	1.5615
0.4311	1.2655
0.2937	1.3702
0.2651	1.6067
0.3606	1.3075
0.4527	1.5960
0.4689	1.5888
0.4306	1.2545
0.2938	1.3618
0.2647	1.5815
0.3602	1.2950
0.4549	1.5890
0.4668	1.5508
0.4296	1.2375
0.2949	1.3835
0.2643	1.5592
0.3598	1.2778
0.4555	1.5795
0.4671	1.5502
0.4291	1.2243
0.2950	1.3667
0.2643	1.5578
0.3587	1.3065
0.4579	1.5550
0.4677	1.5445
0.4274	1.2217
0.2955	1.3377
0.2641	1.5595
0.3579	1.3350
0.4596	1.5323
0.4688	1.5640
0.4260	1.2195
0.2956	1.3090
0.2641	1.5540
0.3566	1.3625
0.4604	1.5035
0.4718	1.5675
0.4251	1.2225
0.2953	1.2990
0.2642	1.5640
0.3573	1.3965
0.4611	1.4705
0.4718	1.6073
0.4238	1.2228
0.2949	1.2405
0.2644	1.5575
0.3571	1.4230
0.4621	1.4792
0.4734	1.7220
0.4220	1.2257
0.2944	1.2450
0.2648	1.5707
0.3563	1.4395
0.4630	1.4358
0.4762	1.6965
0.4206	1.2235
0.2938	1.2253
0.2651	1.5370
0.3556	1.4260
0.4639	1.4302
0.4789	1.7048
0.4190	1.2263
0.2933	1.2148
0.2654	1.5330
0.3553	1.4050
0.4645	1.4272
0.4810	1.6890
0.4183	1.2290
0.2927	1.2310
0.2655	1.5245
0.3548	1.3782
0.4653	1.3657
0.4834	1.7340
0.4176	1.2370
0.2922	1.2280
0.2655	1.5065
0.3523	1.3445
0.4663	1.3662
0.4888	1.7515
0.4167	1.2475
0.2919	1.2760
0.2655	1.4917
0.3522	1.4287
0.4670	1.4860
0.4893	1.9248
0.4162	1.3923
0.2918	1.4260
0.2655	1.5397
0.3509	1.4060
0.4684	1.4680
0.4914	1.9223
0.4152	1.4080
0.2919	1.4558
0.2655	1.6988
0.3496	1.3853
0.4689	1.4595
0.4931	1.9393
0.4147	1.4158
0.2923	1.4900
0.2655	1.7008
0.3484	1.3665
0.4667	1.4987
0.4954	1.9398
0.4143	1.4190
0.2923	1.5520
0.2664	1.7120
0.3470	1.3645
0.4672	1.4363
0.4957	1.8602
0.4135	1.4367
0.2932	1.5443
0.2666	1.6635
0.3441	1.3767
0.4671	1.4447
0.5000	1.8730
0.4154	1.4245
0.2938	1.5867
0.2658	1.6768
0.3430	1.4053
0.4665	1.4340
0.5013	1.8748
0.4091	1.4443
0.2941	1.5987
0.2687	1.6475
0.3419	1.4332
0.4664	1.4332
0.5028	1.8607
0.4086	1.4403
0.2945	1.6205
0.2689	1.6270
0.3409	1.4512
0.4688	1.5060
0.5022	1.8372
0.4076	1.4440
0.2954	1.6798
0.2686	1.6055
0.3404	1.4753
0.4663	1.5340
0.5044	1.8122
0.4090	1.4278
0.2950	1.6597
0.2688	1.5883
0.3403	1.3683
0.4679	1.4185
0.5034	1.6275
0.4077	1.3040
0.2954	1.5805
0.2688	1.4643
0.3397	1.3638
0.4679	1.4865
0.5051	1.5732
0.4083	1.3043
0.2953	1.6043
0.2686	1.3120
0.3394	1.3587
0.4686	1.4975
0.5051	1.5552
0.4084	1.3253
0.2955	1.6227
0.2683	1.3195
0.3393	1.3482
0.4694	1.4562
0.5033	1.7145
0.4089	1.3200
0.2962	1.6023
0.2678	1.3035
0.3390	1.3295
0.4719	1.5182
0.5033	1.7280
0.4081	1.3223
0.2964	1.6340
0.2673	1.3192
0.3381	1.2983
0.4722	1.5057
0.5024	1.7880
0.4100	1.3445
0.2975	1.6098
0.2665	1.3123
0.3382	1.2662
0.4745	1.4938
0.4998	1.7777
0.4088	1.3110
0.2983	1.6170
0.2662	1.3610
0.3373	1.2320
0.4740	1.4857
0.4994	1.7632
0.4087	1.3270
0.2991	1.5928
0.2664	1.3560
0.3326	1.2045
0.4749	1.4775
0.5079	1.7457
0.4081	1.2985
0.2999	1.5390
0.2664	1.3623
0.3314	1.1845
0.4750	1.4525
0.5093	1.7583
0.4091	1.3430
0.3004	1.5460
0.2659	1.3802
0.3293	1.1770
0.4750	1.4648
0.5126	1.7315
0.4087	1.3500
0.3009	1.5002
0.2661	1.4242
0.3283	1.1845
0.4761	1.4405
0.5135	1.7420
0.4066	1.3485
0.3015	1.4758
0.2666	1.3923
0.3276	1.1997
0.4757	1.4467
0.5139	1.7185
0.4074	1.3370
0.3020	1.4443
0.2664	1.4038
0.3273	1.2227
0.4774	1.4613
0.5140	1.5168
0.4067	1.3575
0.3022	1.4695
0.2662	1.4348
0.3263	1.3735
0.4769	1.5970
0.5143	1.5852
0.4068	1.4963
0.3029	1.6895
0.2663	1.5375
0.3259	1.3925
0.4773	1.5950
0.5143	1.5050
0.4075	1.4655
0.3033	1.6850
0.2659	1.6348
0.3259	1.4090
0.4787	1.5930
0.5134	1.4758
0.4074	1.4953
0.3036	1.6830
0.2655	1.7015
0.3259	1.4315
0.4790	1.5980
0.5134	1.4542
0.4065	1.4900
0.3036	1.7255
0.2658	1.7168
0.3262	1.4372
0.4796	1.5780
0.5104	1.4530
0.4056	1.5230
0.3044	1.7453
0.2660	1.7395
0.3268	1.4307
0.4795	1.5765
0.5039	1.4290
0.4077	1.5135
0.3062	1.7280
0.2651	1.7113
0.3269	1.4263
0.4810	1.5860
0.5033	1.4215
0.4032	1.5287
0.3063	1.7238
0.2666	1.7243
0.3269	1.3990
0.4805	1.5927
0.5028	1.4310
0.3999	1.5603
0.3066	1.7260
0.2682	1.7043
0.3271	1.3767
0.4806	1.6080
0.5000	1.4395
0.4000	1.5680
0.3074	1.6867
0.2681	1.6662
0.3269	1.3493
0.4800	1.6482
0.4990	1.4633
0.3997	1.5873
0.3080	1.7025
0.2685	1.6375
0.3264	1.2052
0.4797	1.5172
0.4990	1.3695
0.4004	1.4690
0.3085	1.4472
0.2682	1.5640
0.3260	1.2117
0.4800	1.5715
0.4988	1.3910
0.4011	1.5055
0.3089	1.4810
0.2679	1.4790
0.3252	1.2292
0.4802	1.5873
0.4983	1.4020
0.4026	1.5047
0.3098	1.5265
0.2671	1.3937
0.3246	1.2530
0.4808	1.6073
0.5007	1.4403
0.4033	1.5023
0.3094	1.5220
0.2666	1.4112
0.3238	1.2955
0.4824	1.6342
0.4982	1.4242
0.4039	1.5060
0.3111	1.5423
0.2658	1.4258
0.3233	1.3443
0.4818	1.6393
0.5000	1.4130
0.4046	1.5160
0.3108	1.5607
0.2658	1.4452
0.3231	1.3872
0.4840	1.6238
0.4988	1.4058
0.4040	1.4905
0.3115	1.5637
0.2653	1.4363
0.3232	1.4523
0.4844	1.5933
0.4965	1.3965
0.4035	1.5045
0.3123	1.5475
0.2654	1.4537
0.3232	1.4905
0.4855	1.5817
0.4959	1.3797
0.4030	1.5090
0.3126	1.5943
0.2653	1.4473
0.3242	1.5212
0.4859	1.5387
0.4932	1.3715
0.4023	1.4850
0.3127	1.5332
0.2655	1.4448
0.3249	1.5375
0.4855	1.5478
0.4917	1.3735
0.4027	1.4667
0.3126	1.5645
0.2655	1.4370
0.2652	1.4323
0.3256	1.5377
0.4862	1.5225
0.4911	1.3675
0.4029	1.4750
0.3123	1.5405
0.2651	1.4350
0.3264	1.5320
0.4843	1.5397
0.4909	1.3805
0.4043	1.5248
0.3116	1.5020
0.2647	1.4403
0.3269	1.5145
0.4842	1.5425
0.4902	1.3530
0.4053	1.5427
0.3114	1.4933
0.2645	1.6052
0.3270	1.6535
0.4850	1.7188
0.4903	1.5033
0.4053	1.6872
0.3113	1.6595
0.2642	1.6105
0.3268	1.6670
0.4856	1.7250
0.4906	1.5043
0.4056	1.6755
0.3114	1.6843
0.2641	1.6490
0.3267	1.6797
0.4863	1.7207
0.4903	1.5453
0.4054	1.7368
0.3115	1.7218
0.2640	1.6747
0.3264	1.6813
0.4851	1.7100
0.4906	1.5545
0.4065	1.7155
0.3117	1.7648
0.2639	1.6840
0.3266	1.7092
0.4855	1.6705
0.4891	1.5837
0.4063	1.7340
0.3122	1.7683
0.2639	1.6837
0.3274	1.7373
0.4874	1.6407
0.4857	1.5705
0.4049	1.7722
0.3128	1.7383
0.2639	1.6723
0.3284	1.7612
0.4878	1.5872
0.4832	1.5548
0.4048	1.7722
0.3130	1.7463
0.2642	1.6482
0.3284	1.7925
0.4854	1.5523
0.4827	1.5340
0.4057	1.7813
0.3131	1.7293
0.2646	1.6213
0.3291	1.8098
0.4841	1.5313
0.4810	1.5135
0.4056	1.7387
0.3132	1.7190
0.2649	1.5927
0.3296	1.8220
0.4813	1.5053
0.4815	1.5295
0.4070	1.7370
0.3125	1.6975
0.2651	1.4087
0.3306	1.6638
0.4788	1.3217
0.4824	1.4367
0.4082	1.6122
0.3113	1.4905
0.2654	1.3915
0.3313	1.6342
0.4770	1.3067
0.4816	1.4205
0.4089	1.6112
0.3111	1.4712
0.2654	1.3717
0.3323	1.5960
0.4757	1.3048
0.4811	1.4015
0.4098	1.6047
0.3103	1.4823
0.2652	1.3542
0.3329	1.5680
0.4755	1.3275
0.4809	1.4000
0.4104	1.6130
0.3099	1.4710
0.2651	1.3750
0.3329	1.5325
0.4748	1.3853
0.4812	1.4055
0.4111	1.5760
0.3098	1.4717
0.2651	1.3870
0.3323	1.5142
0.4740	1.3883
0.4832	1.4217
0.4117	1.5788
0.3095	1.5650
0.2651	1.4007
0.3331	1.5103
0.4738	1.4298
0.4808	1.4003
0.4121	1.5905
0.3098	1.5795
0.2651	1.4160
0.3327	1.5220
0.4717	1.4332
0.4790	1.4362
0.4135	1.5912
0.3109	1.5847
0.2650	1.4187
0.3328	1.5537
0.4710	1.4245
0.4777	1.4575
0.4143	1.5750
0.3113	1.6363
0.2648	1.4223
0.3324	1.5907
0.4726	1.4260
0.4784	1.4677
0.4137	1.5902
0.3114	1.5965
0.2651	1.4145
0.3326	1.6285
0.4703	1.4095
0.4758	1.4720
0.4147	1.5875
0.3123	1.6012
0.2650	1.4005
0.3337	1.6555
0.4698	1.4448
0.4734	1.5293
0.4153	1.6000
0.3124	1.5715
0.2652	1.3865
0.3343	1.6813
0.4686	1.4262
0.4743	1.5570
0.4158	1.5715
0.3115	1.5163
0.2652	1.3745
0.3350	1.6873
0.4688	1.4265
0.4728	1.5940
0.4157	1.5790
0.3115	1.4830
0.2651	1.4153
0.3357	1.8175
0.4676	1.5552
0.4753	1.7937
0.4169	1.7555
0.3099	1.6427
0.2652	1.5090
0.3358	1.7893
0.4661	1.5782
0.4772	1.8142
0.4177	1.7067
0.3089	1.6100
0.2644	1.5072
0.3359	1.7765
0.4669	1.5957
0.4789	1.8682
0.4190	1.7285
0.3082	1.6270
0.2646	1.5177
0.3355	1.7657
0.4653	1.6078
0.4808	1.8740
0.4200	1.6895
0.3077	1.6968
0.2643	1.5285
0.3349	1.7428
0.4644	1.5980
0.4829	1.8823
0.4215	1.7417
0.3074	1.7065
0.2628	1.5407
0.3330	1.7112
0.4638	1.5925
0.4854	1.8833
0.4257	1.7298
0.3080	1.7920
0.2641	1.5498
0.3321	1.7063
0.4647	1.6067
0.4852	1.8600
0.4216	1.7265
0.3089	1.8370
0.2638	1.5592
0.3317	1.7180
0.4640	1.5670
0.4845	1.8558
0.4231	1.7145
0.3095	1.8700
0.2639	1.5532
0.3319	1.7415
0.4651	1.5788
0.4825	1.8318
0.4218	1.7138
0.3102	1.8742
0.2642	1.5545
0.3319	1.7643
0.4626	1.5642
0.4808	1.8360
0.4232	1.6942
0.3108	1.8570
0.2643	1.5008
0.3318	1.6510
0.4616	1.4010
0.4795	1.6410
0.4236	1.5310
0.3114	1.6838
0.2644	1.4125
0.3324	1.6958
0.4610	1.3892
0.4783	1.6423
0.4239	1.5552
0.3115	1.6495
0.2643	1.4458
0.3328	1.6905
0.4605	1.3620
0.4782	1.6562
0.4245	1.4975
0.3111	1.6057
0.2642	1.4523
0.3335	1.6703
0.4595	1.3822
0.4789	1.7263
0.4257	1.5387
0.3103	1.5497
0.2641	1.4733
0.3333	1.6450
0.4588	1.4003
0.4819	1.6635
0.4265	1.5330
0.3092	1.5112
0.2642	1.4515
0.3332	1.6238
0.4583	1.4282
0.4834	1.6637
0.4268	1.5345
0.3086	1.4890
0.2645	1.5635
0.3333	1.5870
0.4576	1.4475
0.4849	1.6677
0.4267	1.5363
0.3080	1.4832
0.2649	1.6200
0.3324	1.5563
0.4582	1.4835
0.4868	1.6595
0.4250	1.5417
0.3079	1.4425
0.2649	1.6850
0.3306	1.5308
0.4584	1.5072
0.4908	1.6630
0.4249	1.5365
0.3079	1.4733
0.2652	1.7218
0.3315	1.5298
0.4569	1.5240
0.4879	1.6513
0.4254	1.5213
0.3083	1.4827
0.2647	1.7517
0.3310	1.5515
0.4571	1.5338
0.4877	1.6553
0.4266	1.5302
0.3088	1.4900
0.2660	1.7520
0.3306	1.5528
0.4572	1.5365
0.4869	1.6505
0.4230	1.5273
0.3095	1.4775
0.3089	1.4663
0.2663	1.7397
0.3306	1.5910
0.4581	1.5532
0.4883	1.6318
0.4217	1.5670
0.3092	1.4100
0.2667	1.7492
0.3305	1.6277
0.4583	1.5062
0.4877	1.5773
0.4204	1.5443
0.3083	1.4638
0.2669	1.9755
0.3306	1.8542
0.4589	1.6560
0.4898	1.7718
0.4193	1.7055
0.3075	1.4138
0.2673	2.0445
0.3309	1.8895
0.4584	1.6628
0.4913	1.7782
0.4189	1.7138
0.3066	1.3665
0.2675	1.9705
0.3311	1.9085
0.4580	1.6772
0.4931	1.7822
0.4187	1.7065
0.3056	1.3760
0.2676	1.9715
0.3315	1.9112
0.4577	1.6892
0.4948	1.7780
0.4188	1.7082
0.3038	1.3412
0.2683	1.9473
0.3317	1.8887
0.4568	1.7260
0.4990	1.7958
0.4177	1.7250
0.3010	1.3582
0.2698	1.9505
0.3333	1.8687
0.4549	1.7690
0.5031	1.7735
0.4158	1.7270
0.3000	1.3650
0.2701	1.9158
0.3334	1.8490
0.4550	1.8122
0.5056	1.7778
0.4149	1.7327
0.2994	1.3980
0.2703	1.9247
0.3334	1.8362
0.4560	1.8330
0.5074	1.7910
0.4137	1.7490
0.2990	1.4242
0.2703	1.9213
0.3335	1.8322
0.4573	1.8525
0.5083	1.8065
0.4126	1.7558
0.2991	1.4837
0.2699	1.9190
0.3326	1.8305
0.4583	1.9085
0.5104	1.7812
0.4127	1.7738
0.2989	1.4332
0.2695	1.6905
0.3327	1.6455
0.4607	1.7865
0.5106	1.6625
0.4116	1.6015
0.2986	1.4165
0.2688	1.6610
0.3325	1.6603
0.4618	1.7888
0.5120	1.6520
0.4126	1.6032
0.2985	1.4387
0.2688	1.6603
0.3321	1.6718
0.4615	1.7565
0.5130	1.6553
0.4126	1.6077
0.2981	1.4018
0.2686	1.6542
0.3321	1.6797
0.4618	1.7785
0.5143	1.6843
0.4131	1.6200
0.2975	1.4112
0.2685	1.6698
0.3328	1.6995
0.4625	1.7585
0.5143	1.6795
0.4127	1.5905
0.2972	1.3915
0.2684	1.7127
0.3329	1.6940
0.4627	1.7188
0.5149	1.7032
0.4128	1.6192
0.2957	1.3660
0.2683	1.7660
0.3336	1.6692
0.4628	1.7315
0.5180	1.6938
0.4129	1.6108
0.2953	1.3035
0.2689	1.7843
0.3338	1.6417
0.4623	1.7485
0.5188	1.6653
0.4119	1.6047
0.2941	1.3102
0.2685	1.7952
0.3334	1.5905
0.4640	1.7290
0.5233	1.6645
0.4114	1.5862
0.2940	1.2683
0.2686	1.7852
0.3330	1.5333
0.4655	1.7645
0.5247	1.6583
0.4100	1.5880
0.2936	1.2670
0.2695	1.7935
0.3325	1.4792
0.4650	1.7238
0.5274	1.6533
0.4085	1.5633
0.2933	1.3055
0.2693	1.8033
0.3319	1.4210
0.4670	1.7088
0.5298	1.6280
0.4074	1.5418
0.2926	1.2755
0.2694	1.8020
0.3316	1.3918
0.4677	1.7333
0.5328	1.6130
0.4066	1.5258
0.2932	1.3272
0.2695	1.8112
0.3305	1.3750
0.4679	1.6685
0.5337	1.5912
0.4061	1.5065
0.2929	1.4763
0.2688	2.0162
0.3301	1.5137
0.4702	1.7817
0.5358	1.7585
0.4061	1.6013
0.4051	1.6253
0.2935	1.4923
0.2694	1.9813
0.3291	1.5230
0.4696	1.7725
0.5363	1.7383
0.4042	1.6190
0.2937	1.4992
0.2696	1.9693
0.3291	1.5362
0.4701	1.7482
0.5359	1.7860
0.4028	1.6058
0.2933	1.5405
0.2699	1.9417
0.3289	1.5563
0.4713	1.7210
0.5376	1.7790
0.4013	1.6113
0.2933	1.5105
0.2706	1.9360
0.3287	1.5767
0.4711	1.7310
0.5382	1.8188
0.3965	1.5923
0.2933	1.5312
0.2720	1.9110
0.3277	1.5912
0.4735	1.7040
0.5408	1.7652
0.3969	1.5968
0.2931	1.5128
0.2725	1.8850
0.3278	1.5865
0.4714	1.7360
0.5415	1.7375
0.3961	1.6042
0.2926	1.4810
0.2725	1.8625
0.3265	1.5773
0.4727	1.7302
0.5464	1.9023
0.3958	1.6178
0.2924	1.4853
0.2726	1.8520
0.3268	1.5557
0.4728	1.7175
0.5467	1.9015
0.3957	1.6035
0.2921	1.4710
0.2725	1.8083
0.3253	1.5365
0.4732	1.7273
0.5519	1.9015
0.3958	1.5105
0.2919	1.3073
0.2718	1.5910
0.3263	1.3600
0.4752	1.6343
0.5496	1.7378
0.3958	1.4575
0.2923	1.3025
0.2716	1.5892
0.3259	1.3315
0.4759	1.6360
0.5495	1.7532
0.3959	1.4495
0.2920	1.3165
0.2716	1.5805
0.3222	1.3115
0.4757	1.6188
0.5612	1.7322
0.3953	1.4645
0.2921	1.3060
0.2718	1.6038
0.3216	1.2882
0.4758	1.6392
0.5628	1.7728
0.3949	1.4285
0.2922	1.3257
0.2718	1.6122
0.3210	1.2845
0.4767	1.6370
0.5644	1.7150
0.3940	1.4465
0.2924	1.3798
0.2714	1.6328
0.3198	1.2913
0.4791	1.5660
0.5672	1.7797
0.3928	1.4200
0.2926	1.3832
0.2718	1.6525
0.3190	1.3142
0.4795	1.6315
0.5692	1.7840
0.3920	1.4020
0.2927	1.4338
0.2719	1.6695
0.3178	1.3552
0.4804	1.6172
0.5724	1.6365
0.3915	1.4015
0.2927	1.4925
0.2721	1.6643
0.3167	1.3848
0.4808	1.6907
0.5761	1.6323
0.3900	1.4193
0.2928	1.5230
0.2722	1.7065
0.3164	1.4182
0.4828	1.7122
0.5767	1.6382
0.3901	1.4212
0.2934	1.5180
0.2728	1.7335
0.3162	1.4505
0.4806	1.6847
0.5748	1.6068
0.3887	1.4390
0.2934	1.5240
0.2719	1.7570
0.3162	1.4697
0.4856	1.7153
0.5748	1.6145
0.3877	1.4360
0.2934	1.5692
0.2724	1.8073
0.3164	1.4722
0.4857	1.7042
0.5743	1.5823
0.3873	1.4180
0.2939	1.6005
0.2714	1.8335
0.3166	1.4768
0.4893	1.6880
0.5718	1.6025
0.3861	1.5582
0.2940	1.7690
0.2717	2.0383
0.3165	1.5822
0.4904	1.8113
0.5718	1.7895
0.3845	1.5465
0.2936	1.7807
0.2721	2.0470
0.3166	1.5560
0.4915	1.8507
0.5729	1.7995
0.3832	1.5547
0.2935	1.8280
0.2724	2.0198
0.3160	1.5285
0.4926	1.7742
0.5752	1.8207
0.3809	1.5695
0.2944	1.8680
0.2735	1.9602
0.3156	1.4885
0.4931	1.7990
0.5733	1.8195
0.3791	1.5660
0.2948	1.8810
0.2742	1.9362
0.3142	1.4620
0.4936	1.7355
0.5762	1.8033
0.3759	1.5665
0.2960	1.9080
0.2756	1.8725
0.3123	1.4335
0.4948	1.7285
0.5780	1.7533
0.3754	1.5635
0.2973	1.9578
0.2758	1.8293
0.3114	1.4148
0.4951	1.7260
0.5761	1.7315
0.3751	1.5785
0.2987	1.9745
0.2756	1.7750
0.3105	1.4105
0.4962	1.6940
0.5743	1.6795
0.3763	1.5718
0.3001	1.9493
0.2748	1.7190
0.3099	1.4128
0.4968	1.7005
0.5711	1.6615
0.5668	1.5970
0.3765	1.5373
0.3014	1.9327
0.2744	1.6922
0.3099	1.4268
0.4975	1.6925
0.5618	1.3845
0.3772	1.4445
0.3024	1.7635
0.2738	1.4912
0.3102	1.3210
0.4983	1.5390
0.5585	1.3590
0.3768	1.4175
0.3033	1.7465
0.2737	1.5198
0.3104	1.3287
0.4995	1.5363
0.5563	1.3373
0.3775	1.4128
0.3035	1.7080
0.2737	1.5427
0.3108	1.3492
0.4982	1.5345
0.5550	1.3337
0.3767	1.3790
0.3040	1.7203
0.2737	1.5720
0.3107	1.3605
0.4994	1.5388
0.5548	1.3393
0.3747	1.3760
0.3039	1.7017
0.2742	1.5777
0.3109	1.3530
0.5013	1.5465
0.5538	1.3642
0.3746	1.3770
0.3040	1.7160
0.2748	1.6007
0.3111	1.3485
0.4995	1.5668
0.5515	1.3667
0.3725	1.4230
0.3049	1.7563
0.2755	1.5880
0.3109	1.3470
0.5010	1.5773
0.5509	1.3825
0.3715	1.4090
0.3052	1.7997
0.2757	1.6102
0.3107	1.3512
0.5023	1.6312
0.5470	1.3607
0.3709	1.4082
0.3067	1.7863
0.2753	1.6035
0.3105	1.3445
0.5048	1.6935
0.5444	1.3832
0.3708	1.4758
0.3078	1.8317
0.2749	1.5815
0.3101	1.3367
0.5061	1.7235
0.5405	1.3840
0.3709	1.4633
0.3093	1.8407
0.2743	1.5632
0.3099	1.3485
0.5079	1.7768
0.5352	1.3748
0.3722	1.5107
0.3110	1.8047
0.2738	1.5233
0.3100	1.3795
0.5073	1.7935
0.5316	1.3765
0.3719	1.5565
0.3120	1.7918
0.2733	1.5378
0.3102	1.4122
0.5095	1.8060
0.5300	1.3870
0.3712	1.6120
0.3124	1.7902
0.2724	1.5692
0.3104	1.4723
0.5141	1.8043
0.5285	1.5410
0.3718	1.8030
0.3133	1.8803
0.2721	1.7415
0.3100	1.7203
0.5140	1.9447
0.5271	1.5615
0.3718	1.8370
0.3134	1.7952
0.2717	1.7413
0.3104	1.7647
0.5157	1.9258
0.5265	1.5642
0.3722	1.8393
0.3130	1.8152
0.2715	1.7378
0.3110	1.7990
0.5156	1.9332
0.5268	1.5580
0.3720	1.9030
0.3125	1.7880
0.2717	1.7013
0.3114	1.8092
0.5152	1.9080
0.5238	1.5730
0.3721	1.9745
0.3128	1.8125
0.2718	1.6840
0.3121	1.8240
0.5148	1.8635
0.5250	1.5413
0.3725	1.9595
0.3109	1.8245
0.2719	1.6295
0.3136	1.8168
0.5135	1.8730
0.5272	1.5442
0.3736	1.9227
0.3099	1.8468
0.2716	1.6105
0.3139	1.8017
0.5125	1.8550
0.5212	1.5480
0.3750	1.9143
0.3113	1.8155
0.2709	1.5800
0.3146	1.7643
0.5122	1.8553
0.5189	1.5107
0.3776	1.9022
0.3116	1.8737
0.2703	1.5370
0.3151	1.7185
0.5098	1.8512
0.5168	1.5140
0.3794	1.8840
0.3122	1.7560
0.2698	1.5158
0.3153	1.6593
0.5083	1.8223
0.5131	1.3545
0.3811	1.7028
0.3134	1.6273
0.2686	1.3408
0.3154	1.4360
0.5095	1.6225
0.5108	1.3367
0.3806	1.6768
0.3143	1.6473
0.2681	1.3437
0.3154	1.4128
0.5121	1.5650
0.5121	1.3498
0.3817	1.6612
0.3140	1.6043
0.2675	1.3710
0.3152	1.4107
0.5125	1.5135
0.5074	1.3520
0.3824	1.6223
0.3155	1.5723
0.2671	1.4038
0.3155	1.4290
0.5125	1.4480
0.5109	1.3500
0.3826	1.6002
0.3147	1.4980
0.2673	1.4235
0.3150	1.4580
0.5115	1.4432
0.5093	1.4150
0.5104	1.3592
0.3829	1.6443
0.3146	1.4570
0.2678	1.4715
0.3152	1.5013
0.5067	1.4020
0.5105	1.3415
0.3831	1.6827
0.3145	1.5045
0.2684	1.4785
0.3154	1.5330
0.5045	1.3900
0.5077	1.3433
0.3834	1.6848
0.3151	1.5775
0.2688	1.5005
0.3158	1.5718
0.5009	1.4098
0.5073	1.3570
0.3839	1.6720
0.3144	1.5308
0.2696	1.5092
0.3166	1.5995
0.5003	1.4350
0.5090	1.3255
0.3846	1.6740
0.3129	1.6685
0.2695	1.5102
0.3175	1.6178
0.4979	1.4805
0.5080	1.3200
0.3862	1.6840
0.3126	1.7102
0.2694	1.5120
0.3182	1.6257
0.4978	1.5102
0.5024	1.3060
0.3867	1.6915
0.3137	1.7213
0.2692	1.5125
0.3193	1.6302
0.4975	1.5302
0.5001	1.2837
0.3871	1.6790
0.3141	1.6607
0.2691	1.4953
0.3198	1.6145
0.4991	1.5777
0.4986	1.2783
0.3872	1.6740
0.3142	1.6232
0.2685	1.4960
0.3204	1.5965
0.4993	1.6810
0.4936	1.4063
0.3874	1.8125
0.3157	1.8032
0.2684	1.6565
0.3209	1.7520
0.4990	1.6745
0.4908	1.4193
0.3880	1.7595
0.3163	1.7840
0.2682	1.6625
0.3214	1.7525
0.4975	1.6875
0.4897	1.4522
0.3884	1.7525
0.3163	1.6502
0.2684	1.6673
0.3219	1.7595
0.4971	1.6835
0.4890	1.4558
0.3889	1.7485
0.3160	1.6295
0.2683	1.6658
0.3225	1.7868
0.4961	1.6372
0.4902	1.4820
0.3892	1.7652
0.3150	1.6805
0.2685	1.6688
0.3231	1.8160
0.4938	1.6403
0.4893	1.5063
0.3892	1.7912
0.3140	1.6423
0.2691	1.6582
0.3246	1.8287
0.4937	1.6332
0.4899	1.5155
0.3891	1.7528
0.3132	1.6160
0.2692	1.6490
0.3251	1.8312
0.4946	1.6483
0.4926	1.5428
0.3892	1.7378
0.3116	1.6937
0.2689	1.6377
0.3257	1.8208
0.4943	1.6693
0.4915	1.5973
0.3896	1.7338
0.3111	1.7667
0.2688	1.6315
0.3267	1.8108
0.4928	1.6297
0.4889	1.6312
0.3901	1.7390
0.3115	1.8160
0.2690	1.6132
0.3274	1.7860
0.4919	1.5035
0.4871	1.5492
0.3915	1.5555
0.3120	1.7170
0.2686	1.4410
0.3276	1.5745
0.4931	1.4988
0.4860	1.5633
0.3911	1.5827
0.3121	1.7400
0.2684	1.4443
0.3281	1.5215
0.4932	1.4615
0.4826	1.5770
0.3915	1.5690
0.3138	1.8188
0.2683	1.4568
0.3278	1.4680
0.4939	1.4555
0.4810	1.6005
0.3920	1.5863
0.3151	1.7955
0.2678	1.4677
0.3270	1.4250
0.4908	1.4603
0.4815	1.6140
0.3931	1.5900
0.3156	1.7250
0.2682	1.4640
0.3264	1.3797
0.4913	1.4400
0.4814	1.6197
0.3927	1.5710
0.3168	1.6545
0.2682	1.4795
0.3251	1.3705
0.4896	1.4320
0.4815	1.6520
0.3934	1.6098
0.3175	1.6575
0.2684	1.4867
0.3243	1.3845
0.4894	1.4207
0.4812	1.6638
0.3927	1.6145
0.3185	1.5980
0.2688	1.4805
0.3234	1.4185
0.4880	1.3987
0.4823	1.6343
0.3933	1.6162
0.3184	1.5730
0.2690	1.4775
0.3230	1.4672
0.4866	1.4307
0.4837	1.6410
0.3940	1.5870
0.3184	1.6182
0.2690	1.4575
0.3224	1.5190
0.4856	1.4398
0.4854	1.6245
0.3943	1.6235
0.3177	1.6440
0.2692	1.4450
0.3224	1.5820
0.4846	1.4512
0.4858	1.6265
0.3949	1.6108
0.3175	1.6593
0.2692	1.4233
0.3224	1.6080
0.4839	1.4770
0.4856	1.6320
0.3956	1.6223
0.3173	1.6810
0.2691	1.4052
0.3226	1.6530
0.4835	1.4885
0.4839	1.6537
0.3963	1.6110
0.3173	1.7230
0.2689	1.3897
0.3235	1.6332
0.4834	1.6815
0.4825	1.8380
0.3971	1.7700
0.3175	1.9090
0.2686	1.5578
0.3238	1.8142
0.4826	1.6575
0.4805	1.8538
0.3983	1.7770
0.3180	1.8942
0.2683	1.5695
0.3242	1.8087
0.4821	1.6623
0.4800	1.8527
0.3993	1.7652
0.3186	1.8317
0.2680	1.5773
0.3239	1.8215
0.4825	1.6622
0.4789	1.8668
0.3995	1.7603
0.3191	1.7783
0.2678	1.5885
0.3238	1.8235
0.4822	1.6543
0.4791	1.9012
0.4002	1.7625
0.3202	1.7115
0.2676	1.5980
0.3226	1.8155
0.4824	1.6265
0.4804	1.9005
0.4007	1.7427
0.3203	1.6372
0.2673	1.6018
0.3219	1.8280
0.4801	1.6258
0.4835	1.9183
0.4008	1.7407
0.3194	1.5587
0.2679	1.6220
0.3215	1.8380
0.4798	1.6365
0.4868	1.9335
0.4009	1.7220
0.3177	1.5353
0.2680	1.6297
0.3218	1.8857
0.4794	1.6305
0.4898	1.9442
0.4011	1.7168
0.3164	1.4820
0.2680	1.6273
0.3217	1.8905
0.4785	1.6538
0.4929	1.9298
0.4015	1.6780
0.3152	1.4308
0.2681	1.6200
0.3217	1.9387
0.4780	1.4923
0.4951	1.7565
0.4016	1.5340
0.3137	1.2520
0.2683	1.4757
0.3223	1.7860
0.4773	1.5322
0.4977	1.7445
0.4021	1.5248
0.3125	1.3010
0.2682	1.4685
0.3225	1.7822
0.4782	1.5847
0.4991	1.7605
0.4022	1.5203
0.3116	1.3578
0.2679	1.4562
0.3229	1.7298
0.4785	1.5953
0.5011	1.7297
0.4023	1.5160
0.3110	1.3845
0.2678	1.4720
0.3227	1.6795
0.4811	1.6345
0.5031	1.7132
0.4021	1.5035
0.3101	1.3945
0.2671	1.4708
0.3228	1.6208
0.4805	1.7007
0.5048	1.7010
0.4026	1.4880
0.3097	1.3978
0.2670	1.4938
0.3225	1.5710
0.4804	1.6870
0.5052	1.6867
0.4026	1.4607
0.3099	1.3985
0.2670	1.4725
0.3222	1.5050
0.4828	1.6565
0.5066	1.6423
0.4029	1.4605
0.3103	1.3852
0.2662	1.4625
0.3211	1.4635
0.4830	1.6832
0.5070	1.6290
0.4025	1.4515
0.3106	1.3980
0.2663	1.4268
0.3207	1.4525
0.4846	1.6585
0.5089	1.6443
0.4026	1.4695
0.3107	1.4015
0.2658	1.4367
0.3198	1.4418
0.4879	1.6132
0.5104	1.6025
0.4014	1.4478
0.3104	1.3970
0.2653	1.4008
0.3196	1.4485
0.4878	1.6812
0.5124	1.6667
0.4017	1.4267
0.3104	1.3822
0.2652	1.3718
0.3188	1.4905
0.4873	1.6290
0.5122	1.6512
0.4022	1.4225
0.3101	1.3643
0.2652	1.3715
0.3192	1.5470
0.4894	1.6725
0.5130	1.6183
0.4031	1.4150
0.3099	1.3730
0.2641	1.3573
0.3191	1.5928
0.4900	1.8838
0.5157	1.7760
0.4032	1.5545
0.3094	1.5510
0.2639	1.5275
0.3186	1.8415
0.4883	1.8418
0.5155	1.7765
0.4041	1.5682
0.3087	1.5955
0.2640	1.5122
0.3194	1.8397
0.4924	1.8850
0.5201	1.7878
0.4044	1.5528
0.3078	1.6197
0.2627	1.5230
0.3186	1.8548
0.4926	1.8950
0.5218	1.8075
0.4046	1.5300
0.3069	1.6150
0.2626	1.5397
0.3190	1.8332
0.4954	1.9058
0.5199	1.7958
0.4044	1.5263
0.3064	1.5873
0.2619	1.5733
0.3202	1.7998
0.5006	1.9150
0.5208	1.7392
0.4035	1.5233
0.3052	1.5910
0.2609	1.5808
0.3212	1.7742
0.5013	1.9388
0.5200	1.7588
0.4032	1.4970
0.3057	1.5873
0.2607	1.5882
0.3209	1.7625
0.5041	1.8675
0.5213	1.6758
0.4027	1.4942
0.3060	1.6000
0.2602	1.5990
0.3202	1.7383
0.5053	1.8765
0.5225	1.6655
0.4018	1.4970
0.3060	1.6077
0.2603	1.5965
0.3197	1.7063
0.5083	1.8590
0.5242	1.6930
0.4016	1.5015
0.3059	1.5920
0.2596	1.5968
0.3191	1.6818
0.5095	1.6452
0.5237	1.5163
0.4013	1.3643
0.3059	1.4190
0.2594	1.4222
0.3193	1.4693
0.5103	1.6865
0.5248	1.5168
0.4012	1.3745
0.3054	1.3817
0.2592	1.4360
0.3195	1.4728
0.5112	1.6772
0.5243	1.5012
0.4010	1.3910
0.3052	1.3503
0.2590	1.4390
0.3199	1.4832
0.3198	1.4910
0.5117	1.7033
0.5250	1.4752
0.4014	1.4110
0.3050	1.3595
0.2588	1.4260
0.3199	1.5002
0.5135	1.6728
0.5254	1.5007
0.4013	1.4135
0.3048	1.4162
0.2583	1.4370
0.3202	1.4858
0.5150	1.6630
0.5262	1.5050
0.4016	1.4165
0.3043	1.4085
0.2579	1.4345
0.3200	1.4485
0.5175	1.6680
0.5274	1.5263
0.4012	1.4272
0.3040	1.4190
0.2574	1.4363
0.3198	1.4065
0.5191	1.6675
0.5297	1.5308
0.4012	1.4383
0.3035	1.4223
0.2570	1.4258
0.3200	1.3778
0.5207	1.6678
0.5289	1.5385
0.4014	1.4438
0.3035	1.4268
0.2566	1.4165
0.3191	1.3490
0.5220	1.7020
0.5289	1.5612
0.4009	1.4492
0.3043	1.4153
0.2564	1.4210
0.3189	1.3197
0.5227	1.6883
0.5291	1.5587
0.4007	1.4547
0.3045	1.3993
0.2563	1.4365
0.3179	1.3012
0.5231	1.6532
0.5308	1.5420
0.4009	1.4558
0.3049	1.3817
0.2562	1.4288
0.3174	1.2902
0.5235	1.6745
0.5303	1.5500
0.4014	1.4657
0.3055	1.3710
0.2558	1.4412
0.3166	1.2867
0.5237	1.6785
0.5312	1.5928
0.4023	1.4823
0.3059	1.3542
0.2555	1.4663
0.3156	1.4463
0.5272	1.8720
0.5336	1.7178
0.4022	1.6400
0.3060	1.4253
0.2546	1.6613
0.3154	1.4730
0.5277	1.8860
0.5351	1.7568
0.4022	1.6448
0.3058	1.4645
0.2545	1.6717
0.3151	1.5065
0.5283	1.8995
0.5365	1.7390
0.4021	1.6505
0.3055	1.4768
0.2544	1.6993
0.3146	1.5355
0.5306	1.9200
0.5399	1.7465
0.4019	1.6677
0.3050	1.5005
0.2540	1.7535
0.3139	1.5650
0.5315	1.9187
0.5426	1.7443
0.4019	1.6697
0.3048	1.5425
0.2538	1.7762
0.3137	1.5878
0.5350	1.8660
0.5458	1.7625
0.4002	1.6705
0.3040	1.5940
0.2537	1.7930
0.3133	1.5945
0.5362	1.8655
0.5460	1.7742
0.3998	1.6633
0.3043	1.6395
0.2535	1.8153
0.3132	1.5967
0.5371	1.8823
0.5460	1.7663
0.3993	1.6690
0.3043	1.6893
0.2536	1.8483
0.3132	1.5875
0.5377	1.8602
0.5445	1.7502
0.3987	1.6655
0.3049	1.7558
0.2537	1.8755
0.3130	1.5763
0.5378	1.8752
0.5428	1.7148
0.3988	1.6447
0.3055	1.7860
0.2536	1.9002
0.3122	1.4113
0.5383	1.7247
0.5434	1.5817
0.3983	1.4867
0.3061	1.7068
0.2537	1.7430
0.3118	1.3962
0.5392	1.7502
0.5430	1.5660
0.3973	1.5140
0.3066	1.7037
0.2539	1.7765
0.3118	1.3837
0.5405	1.7492
0.5410	1.5910
0.3964	1.5108
0.3073	1.7077
0.2540	1.7890
0.3114	1.3828
0.5418	1.7495
0.5396	1.6202
0.3953	1.4733
0.3081	1.6880
0.2542	1.7710
0.3112	1.3790
0.5449	1.7423
0.5385	1.6410
0.3938	1.4960
0.3087	1.6745
0.2541	1.8058
0.3104	1.3912
0.5490	1.7237
0.5384	1.6125
0.3921	1.4800
0.3095	1.6763
0.2539	1.7780
0.3100	1.4160
0.5501	1.7110
0.5379	1.5950
0.3916	1.4373
0.3101	1.6830
0.2539	1.7665
0.3092	1.4455
0.5512	1.6610
0.5391	1.5887
0.3906	1.4530
0.3104	1.7060
0.2541	1.7612
0.3086	1.4683
0.5542	1.6238
0.5405	1.5365
0.3895	1.4343
0.3106	1.7155
0.2539	1.7390
0.3080	1.4945
0.5524	1.5718
0.5409	1.5335
0.3892	1.4283
0.3111	1.7377
0.2544	1.7362
0.3079	1.5068
0.5528	1.5447
0.5397	1.4855
0.3890	1.4200
0.3116	1.7372
0.2544	1.7468
0.3084	1.5062
0.5556	1.4938
0.5378	1.4783
0.3872	1.3930
0.3117	1.7330
0.2546	1.7573
0.3091	1.4930
0.5529	1.5120
0.5342	1.4180
0.3869	1.3863
0.3123	1.7148
0.2553	1.7763
0.3101	1.4685
0.5532	1.5017
0.5294	1.3615
0.3860	1.3977
0.3129	1.7265
0.2557	1.7920
0.3104	1.5443
0.5535	1.7030
0.5269	1.4745
0.3845	1.4588
0.3134	1.8700
0.2563	1.9132
0.3108	1.5035
0.5566	1.7255
0.5242	1.4472
0.3823	1.5075
0.3140	1.8310
0.2566	1.9345
0.3105	1.4542
0.5563	1.7455
0.5235	1.4430
0.3808	1.5170
0.3145	1.8493
0.2573	1.8715
0.3107	1.4012
0.5590	1.7722
0.5224	1.4375
0.3791	1.5247
0.3148	1.8193
0.2575	1.8705
0.3106	1.3765
0.5606	1.7810
0.5200	1.4498
0.3779	1.5462
0.3157	1.8268
0.2577	1.8483
0.3093	1.3630
0.5677	1.7928
0.5187	1.4280
0.3759	1.5707
0.3176	1.8435
0.2572	1.8325
0.3090	1.3617
0.5665	1.7593
0.5182	1.4370
0.3765	1.5758
0.3180	1.8580
0.2571	1.7985
0.3086	1.3867
0.5701	1.7802
0.5153	1.4300
0.3768	1.6145
0.3196	1.9230
0.2563	1.7700
0.3084	1.4163
0.5684	1.7432
0.5133	1.4475
0.3769	1.6322
0.3206	1.9183
0.2566	1.7250
0.3087	1.4630
0.5679	1.7465
0.5090	1.4662
0.3772	1.6518
0.3220	1.9148
0.2565	1.6858
0.3092	1.4080
0.5675	1.5660
0.5048	1.3132
0.3769	1.5952
0.3231	1.7477
0.2568	1.5190
0.3093	1.4658
0.5682	1.5705
0.5020	1.3255
0.3759	1.5395
0.3241	1.7520
0.2571	1.4893
0.3097	1.5320
0.5667	1.5673
0.4978	1.3397
0.3763	1.5800
0.3255	1.6947
0.2572	1.5115
0.2573	1.4743
0.3101	1.5870
0.5660	1.5745
0.4979	1.3603
0.3764	1.5813
0.3250	1.6752
0.2569	1.4927
0.3106	1.6198
0.5667	1.5853
0.4968	1.3932
0.3769	1.5630
0.3250	1.6805
0.2566	1.4260
0.3111	1.6378
0.5658	1.5772
0.4963	1.4300
0.3781	1.5848
0.3246	1.5780
0.2561	1.4148
0.3117	1.6553
0.5685	1.5548
0.4963	1.4330
0.3780	1.6145
0.3239	1.6007
0.2555	1.3863
0.3123	1.6673
0.5693	1.5102
0.4971	1.4228
0.3788	1.5495
0.3230	1.4787
0.2553	1.4012
0.3127	1.6753
0.5680	1.4663
0.4972	1.4290
0.3799	1.5623
0.3225	1.5042
0.2553	1.4215
0.3130	1.6800
0.5694	1.4240
0.4946	1.4160
0.3792	1.6145
0.3232	1.5187
0.2548	1.4490
0.3132	1.6938
0.5670	1.3792
0.4973	1.4195
0.3814	1.5880
0.3219	1.6085
0.2552	1.5062
0.3137	1.7165
0.5644	1.3615
0.4937	1.4253
0.3817	1.6233
0.3230	1.5790
0.2556	1.5475
0.3144	1.7300
0.5642	1.3385
0.4951	1.4222
0.3810	1.5770
0.3216	1.6140
0.2564	1.5320
0.3149	1.7460
0.5599	1.3350
0.4942	1.4250
0.3810	1.6025
0.3215	1.5855
0.2569	1.5540
0.3157	1.9272
0.5547	1.4878
0.4918	1.5790
0.3824	1.7835
0.3216	1.6745
0.2575	1.7150
0.3165	1.9230
0.5528	1.4900
0.4872	1.5695
0.3821	1.7577
0.3228	1.6918
0.2580	1.7072
0.3175	1.9075
0.5521	1.5282
0.4888	1.5680
0.3813	1.7618
0.3211	1.6088
0.2583	1.7200
0.3184	1.8605
0.5542	1.5707
0.4878	1.5685
0.3796	1.8132
0.3206	1.6482
0.2579	1.7188
0.3191	1.8428
0.5513	1.6017
0.4894	1.5467
0.3820	1.8075
0.3192	1.6340
0.2562	1.7345
0.3200	1.8088
0.5508	1.6125
0.4900	1.5498
0.3859	1.7440
0.3181	1.6178
0.2578	1.7135
0.3203	1.7590
0.5503	1.6305
0.4914	1.5340
0.3827	1.7473
0.3172	1.5492
0.2576	1.6595
0.3205	1.7007
0.5499	1.6173
0.4918	1.5177
0.3833	1.7402
0.3168	1.6180
0.2575	1.6525
0.3203	1.6555
0.5492	1.6148
0.4912	1.5008
0.3837	1.7805
0.3172	1.6423
0.2580	1.6678
0.3209	1.6307
0.5473	1.6030
0.4900	1.4825
0.3836	1.7452
0.3172	1.7108
0.2585	1.6305
0.3210	1.4540
0.5467	1.4450
0.4885	1.3067
0.3827	1.5725
0.3177	1.5945
0.2586	1.5020
0.3211	1.4645
0.5457	1.4487
0.4865	1.2967
0.3831	1.5863
0.3185	1.6357
0.2585	1.4945
0.3212	1.4930
0.5447	1.4430
0.4841	1.3200
0.3837	1.5480
0.3194	1.6460
0.2588	1.4510
0.3216	1.5482
0.5442	1.4333
0.4812	1.3482
0.3834	1.5245
0.3203	1.6412
0.2587	1.4075
0.3222	1.5595
0.5427	1.4518
0.4787	1.3788
0.3842	1.5162
0.3208	1.6237
0.2587	1.3600
0.3231	1.5880
0.5432	1.4670
0.4765	1.4187
0.3842	1.5195
0.3209	1.6065
0.2585	1.3315
0.3238	1.6185
0.5421	1.4748
0.4755	1.4577
0.3852	1.5123
0.3207	1.5910
0.2583	1.3157
0.3241	1.6475
0.5436	1.4818
0.4765	1.4783
0.3848	1.5010
0.3199	1.5783
0.2578	1.2783
0.3245	1.6670
0.5438	1.4895
0.4775	1.5022
0.3859	1.5085
0.3191	1.5722
0.2574	1.2525
0.3246	1.6750
0.5435	1.4945
0.4785	1.5353
0.3869	1.5050
0.3185	1.5837
0.2571	1.2347
0.3245	1.6790
0.5436	1.4900
0.4797	1.5585
0.3875	1.5135
0.3181	1.6178
0.2567	1.2383
0.3245	1.6790
0.5435	1.4833
0.4802	1.5880
0.3885	1.5005
0.3179	1.6578
0.2563	1.2460
0.3247	1.6752
0.5435	1.4688
0.4794	1.5950
0.3892	1.5383
0.3180	1.7065
0.2560	1.2663
0.3250	1.6813
0.5431	1.4567
0.4780	1.6102
0.3903	1.5425
0.3183	1.7620
0.2555	1.4317
0.3251	1.8895
0.5421	1.5845
0.4765	1.7997
0.3918	1.6908
0.3189	1.9640
0.2553	1.4395
0.3256	1.9073
0.5418	1.5775
0.4738	1.8035
0.3926	1.6925
0.3197	1.9552
0.2552	1.4917
0.3257	1.9133
0.5411	1.5822
0.4724	1.8090
0.3931	1.6940
0.3202	1.9320
0.2553	1.5505
0.3258	1.9198
0.5395	1.5880
0.4715	1.8073
0.3937	1.7412
0.3206	1.8900
0.2553	1.5985
0.3260	1.9172
0.5387	1.5965
0.4706	1.8340
0.3943	1.7240
0.3208	1.8420
0.2554	1.6635
0.3265	1.9017
0.5373	1.6047
0.4711	1.8180
0.3948	1.7355
0.3200	1.7953
0.2553	1.6925
0.3267	1.8685
0.5369	1.6220
0.4728	1.8463
0.3952	1.7235
0.3190	1.7480
0.2555	1.7358
0.3267	1.8423
0.5370	1.6202
0.4746	1.8640
0.3947	1.7188
0.3183	1.7220
0.2559	1.7665
0.3271	1.8015
0.5346	1.6383
0.4756	1.8585
0.3951	1.7117
0.3174	1.7030
0.2560	1.8173
0.3268	1.7683
0.5357	1.6115
0.4776	1.8673
0.3941	1.7267
0.3168	1.6745
0.2563	1.7170
0.3269	1.5350
0.5345	1.4772
0.4775	1.7133
0.3941	1.5470
0.3168	1.5180
0.2562	1.7615
0.3261	1.5215
0.5359	1.4695
0.4783	1.7297
0.3936	1.5483
0.3172	1.5360
0.2567	1.7648
0.3252	1.5287
0.5354	1.4213
0.4788	1.7510
0.3926	1.5422
0.3178	1.5467
0.2570	1.7650
0.3246	1.5495
0.5353	1.4335
0.4785	1.7740
0.3920	1.5008
0.3186	1.5445
0.2580	1.7525
0.3239	1.5905
0.5321	1.4197
0.4793	1.7397
0.3915	1.5037
0.3189	1.5178
0.2585	1.7430
0.3228	1.6520
0.5333	1.4170
0.4799	1.7480
0.3896	1.5013
0.3197	1.4817
0.3193	1.4497
0.2592	1.7575
0.3223	1.7060
0.5324	1.4102
0.4817	1.7220
0.3887	1.5217
0.3187	1.3962
0.2601	1.7283
0.3220	1.7622
0.5301	1.4220
0.4840	1.7025
0.3879	1.5343
0.3173	1.3445
0.2603	1.7150
0.3224	1.7758
0.5308	1.4250
0.4863	1.6995
0.3870	1.5415
0.3154	1.3135
0.2605	1.6810
0.3236	1.7645
0.5309	1.4907
0.4879	1.6615
0.3865	1.5315
0.3134	1.2763
0.2607	1.6487
0.3249	1.7625
0.5298	1.5115
0.4900	1.6387
0.3867	1.5653
0.3121	1.2625
0.2608	1.6165
0.3257	1.7287
0.5296	1.5282
0.4911	1.6053
0.3864	1.5695
0.3106	1.2957
0.2608	1.6107
0.3265	1.7125
0.5290	1.5813
0.4933	1.5758
0.3867	1.5885
0.3101	1.3145
0.2609	1.6197
0.3262	1.6677
0.5287	1.5813
0.4953	1.5715
0.3867	1.6020
0.3099	1.4937
0.2605	1.7968
0.3261	1.8263
0.5298	1.7450
0.4959	1.7247
0.3870	1.7963
0.3100	1.5245
0.2604	1.8102
0.3254	1.7920
0.5302	1.7540
0.4972	1.7290
0.3870	1.8003
0.3101	1.5270
0.2604	1.8050
0.3249	1.7805
0.5300	1.7770
0.4981	1.7247
0.3872	1.8268
0.3104	1.5090
0.2605	1.8080
0.3248	1.7695
0.5297	1.8243
0.4975	1.7215
0.3872	1.8352
0.3103	1.5122
0.2608	1.8052
0.3244	1.8055
0.5296	1.8588
0.4987	1.7195
0.3865	1.8510
0.3089	1.4995
0.2612	1.8112
0.3258	1.8360
0.5281	1.8657
0.4992	1.7457
0.3865	1.8260
0.3082	1.4945
0.2614	1.8222
0.3262	1.8715
0.5272	1.8850
0.5000	1.7290
0.3864	1.8310
0.3073	1.4758
0.2612	1.8342
0.3269	1.8798
0.5268	1.9210
0.5008	1.7387
0.3870	1.8340
0.3056	1.4327
0.2606	1.8413
0.3275	1.8542
0.5284	1.9402
0.5038	1.7305
0.3875	1.8240
0.3045	1.4235
0.2602	1.8268
0.3280	1.8373
0.5291	1.9593
0.5057	1.7380
0.3881	1.8312
0.3036	1.2853
0.2598	1.6705
0.3280	1.6165
0.5321	1.8240
0.5083	1.5970
0.3874	1.6583
0.3030	1.2922
0.2595	1.6550
0.3284	1.5715
0.5333	1.8308
0.5091	1.6122
0.3873	1.6630
0.3025	1.3052
0.2592	1.6310
0.3279	1.5145
0.5350	1.8130
0.5115	1.6215
0.3872	1.6720
0.3025	1.3597
0.2591	1.6368
0.3275	1.4672
0.5363	1.7762
0.5127	1.6280
0.3867	1.6800
0.3026	1.3885
0.2590	1.6200
0.3265	1.4425
0.5369	1.7413
0.5149	1.6315
0.3866	1.6628
0.3027	1.4095
0.2591	1.6078
0.3262	1.4285
0.5375	1.7168
0.5152	1.6233
0.3862	1.6917
0.3030	1.4085
0.2590	1.5922
0.3253	1.4323
0.5367	1.7143
0.5165	1.6368
0.3866	1.6750
0.3034	1.4442
0.2588	1.5790
0.3246	1.4572
0.5348	1.7040
0.5172	1.6345
0.3883	1.6610
0.3036	1.4365
0.2587	1.5902
0.3241	1.4803
0.5338	1.6725
0.5178	1.6397
0.3888	1.6585
0.3035	1.4185
0.2585	1.5832
0.3240	1.5080
0.5335	1.6832
0.5184	1.6322
0.3894	1.6443
0.3033	1.3970
0.2583	1.5682
0.3238	1.5172
0.5335	1.6805
0.5196	1.6225
0.3900	1.6365
0.3898	1.6153
0.3025	1.3567
0.2579	1.5810
0.3241	1.5315
0.5355	1.6810
0.5212	1.5940
0.3897	1.5792
0.3023	1.3385
0.2575	1.6095
0.3242	1.5357
0.5374	1.6358
0.5217	1.5990
0.3887	1.5630
0.3017	1.3138
0.2580	1.6130
0.3241	1.5342
0.5371	1.6167
0.5236	1.5900
0.3885	1.6988
0.3009	1.4220
0.2577	1.7835
0.3239	1.5900
0.5392	1.7528
0.5265	1.7572
0.3882	1.6770
0.3005	1.4150
0.2576	1.7897
0.3240	1.5517
0.5400	1.7568
0.5275	1.7625
0.3877	1.6630
0.2998	1.4240
0.2577	1.7880
0.3240	1.4993
0.5405	1.7150
0.5295	1.7767
0.3874	1.6498
0.2998	1.4347
0.2584	1.7902
0.3233	1.4728
0.5380	1.7660
0.5315	1.7925
0.3873	1.6270
0.2996	1.4705
0.2587	1.7595
0.3230	1.4627
0.5369	1.7845
0.5331	1.7968
0.3869	1.6082
0.3005	1.4740
0.2590	1.7625
0.3205	1.4542
0.5366	1.7402
0.5371	1.7885
0.3866	1.5877
0.3008	1.4940
0.2588	1.7743
0.3195	1.4530
0.5381	1.7408
0.5390	1.8157
0.3860	1.5722
0.3012	1.5192
0.2589	1.7730
0.3183	1.4755
0.5385	1.7135
0.5411	1.8200
0.3855	1.5515
0.3016	1.5308
0.2578	1.7713
0.3176	1.5145
0.5442	1.7607
0.5419	1.8193
0.3848	1.5210
0.3018	1.5472
0.2577	1.7655
0.3172	1.5463
0.5463	1.8033
0.5421	1.8317
0.3839	1.3110
0.3013	1.4238
0.2580	1.6073
0.3170	1.5110
0.5470	1.6610
0.5445	1.6605
0.3827	1.3575
0.3013	1.4238
0.2580	1.5980
0.3165	1.5625
0.5491	1.6550
0.5460	1.6588
0.3817	1.3548
0.3006	1.4127
0.2585	1.5900
0.3169	1.5985
0.5489	1.6657
0.5469	1.6502
0.3809	1.3568
0.3001	1.3865
0.2586	1.5760
0.3171	1.5990
0.5504	1.5957
0.5483	1.6217
0.3801	1.3615
0.2996	1.3610
0.2582	1.5705
0.3171	1.5875
0.5537	1.5862
0.5498	1.6332
0.3782	1.3513
0.2989	1.4153
0.2582	1.5720
0.3175	1.5733
0.5576	1.6085
0.5511	1.6392
0.3795	1.3560
0.2983	1.4115
0.2580	1.5667
0.3175	1.5550
0.5559	1.5992
0.5531	1.6072
0.3791	1.3535
0.2978	1.4470
0.2579	1.5580
0.3173	1.5120
0.5572	1.6235
0.5554	1.6150
0.3791	1.3558
0.2978	1.4958
0.2576	1.5647
0.3171	1.4700
0.5588	1.6328
0.5561	1.6077
0.3787	1.3628
0.2978	1.5340
0.2575	1.5410
0.3163	1.4340
0.5601	1.6140
0.5586	1.5900
0.3775	1.4067
0.2984	1.5737
0.2575	1.5780
0.3157	1.3905
0.5628	1.6223
0.5581	1.5900
0.3766	1.3572
0.2987	1.6085
0.2576	1.5757
0.3155	1.3517
0.5642	1.6217
0.5580	1.5825
0.3759	1.3617
0.2995	1.6425
0.2576	1.5817
0.3149	1.3373
0.5656	1.6193
0.5571	1.5773
0.3749	1.3615
0.3005	1.6532
0.2577	1.5617
0.3143	1.3350
0.5677	1.6020
0.5552	1.5992
0.3750	1.5060
0.3014	1.8293
0.2572	1.6885
0.3140	1.5142
0.5695	1.7380
0.5532	1.7458
0.3734	1.5157
0.3022	1.8057
0.2577	1.6653
0.3135	1.5360
0.5713	1.7340
0.5521	1.7103
0.3733	1.5053
0.3029	1.8110
0.2574	1.6445
0.3129	1.5627
0.5727	1.7600
0.5515	1.7030
0.3729	1.4993
0.3033	1.8040
0.2574	1.6435
0.3125	1.5830
0.5737	1.7588
0.5514	1.6753
0.3734	1.4895
0.3035	1.7780
0.2570	1.6085
0.3119	1.5972
0.5742	1.7855
0.5528	1.6543
0.3735	1.4767
0.3035	1.7633
0.2568	1.6508
0.3117	1.6055
0.5750	1.8105
0.5534	1.6483
0.5522	1.6170
0.3732	1.4763
0.3033	1.7650
0.2566	1.6117
0.3123	1.6160
0.5770	1.8160
0.5513	1.5795
0.3727	1.4710
0.3032	1.7717
0.2561	1.6280
0.3127	1.6175
0.5809	1.8385
0.5493	1.5620
0.3718	1.4605
0.3035	1.7685
0.2561	1.6348
0.3131	1.5987
0.5828	1.8685
0.5476	1.5280
0.3716	1.4680
0.3038	1.7760
0.2553	1.6630
0.3132	1.5705
0.5875	1.8902
0.5462	1.3417
0.3702	1.3153
0.3043	1.6363
0.2551	1.5215
0.3132	1.3718
0.5920	1.7492
0.5432	1.3658
0.3696	1.3265
0.3049	1.6268
0.2550	1.5148
0.3135	1.3400
0.5944	1.7340
0.5400	1.3598
0.3690	1.3355
0.3058	1.6323
0.2546	1.4987
0.3137	1.3395
0.5979	1.7230
